#=====================================================
# File created:        Tue-04-Nov-2025-at-06-46-10AM
# Size of lattice:     20x20
# Number of MC steps:  1000
# Reduced temperature: 1.050
# Run time (s):        0.344279
#=====================================================
# MC step:  Ratio:     Energy:   Order:
#=====================================================
   00000    0.5000    -409.7962  0.2529 
   00001    0.6550    -608.0919  0.2867 
   00002    0.6500    -737.8541  0.2896 
   00003    0.6150    -745.7709  0.2566 
   00004    0.5575    -787.1002  0.2553 
   00005    0.5550    -822.2141  0.2646 
   00006    0.5675    -859.1442  0.2633 
   00007    0.4975    -924.5329  0.2723 
   00008    0.5075    -923.1162  0.2702 
   00009    0.4975    -869.3899  0.2949 
   00010    0.5700    -903.6888  0.3109 
   00011    0.5425    -870.3636  0.3094 
   00012    0.5550    -866.7292  0.3233 
   00013    0.5125    -874.8355  0.3349 
   00014    0.5550    -897.4165  0.3912 
   00015    0.4950    -874.2437  0.3552 
   00016    0.5150    -885.3288  0.3788 
   00017    0.5075    -905.4325  0.4329 
   00018    0.4850    -877.5018  0.3719 
   00019    0.5300    -872.0796  0.4318 
   00020    0.4850    -894.8463  0.4205 
   00021    0.5675    -871.2468  0.3495 
   00022    0.5325    -885.1804  0.3531 
   00023    0.4975    -858.0534  0.3136 
   00024    0.5550    -848.5417  0.2899 
   00025    0.5575    -839.4305  0.2775 
   00026    0.5725    -819.7231  0.2939 
   00027    0.5875    -836.5925  0.2810 
   00028    0.5450    -843.3726  0.2539 
   00029    0.5400    -824.7230  0.2734 
   00030    0.5400    -876.4981  0.2782 
   00031    0.5400    -903.1978  0.2937 
   00032    0.5400    -891.6773  0.3041 
   00033    0.4575    -881.8244  0.2637 
   00034    0.5025    -837.8298  0.2919 
   00035    0.5425    -852.2115  0.3274 
   00036    0.4875    -867.8468  0.2893 
   00037    0.5450    -857.9510  0.2709 
   00038    0.5500    -864.8804  0.2849 
   00039    0.5400    -888.8028  0.3033 
   00040    0.5625    -881.5837  0.2767 
   00041    0.5100    -934.2795  0.3105 
   00042    0.4900    -933.8453  0.3251 
   00043    0.4700    -939.8850  0.3166 
   00044    0.5100    -943.3055  0.3301 
   00045    0.4775    -920.8543  0.3495 
   00046    0.4875    -935.0511  0.3566 
   00047    0.4850    -940.0053  0.3253 
   00048    0.5100    -927.8789  0.3341 
   00049    0.4875    -931.2077  0.3583 
   00050    0.5550    -910.4493  0.3900 
   00051    0.5450    -871.3796  0.3686 
   00052    0.5425    -859.2530  0.3577 
   00053    0.5300    -876.1225  0.3349 
   00054    0.5200    -868.4637  0.3756 
   00055    0.4775    -876.9074  0.3658 
   00056    0.5275    -872.3360  0.3714 
   00057    0.5025    -875.2966  0.3674 
   00058    0.5550    -888.1642  0.3826 
   00059    0.5125    -882.3461  0.3735 
   00060    0.5575    -845.3027  0.3434 
   00061    0.5950    -822.3028  0.3014 
   00062    0.5575    -866.8514  0.3566 
   00063    0.5725    -866.6602  0.3587 
   00064    0.5150    -865.5320  0.3537 
   00065    0.5475    -873.8545  0.3581 
   00066    0.4925    -857.7142  0.3256 
   00067    0.5250    -818.4838  0.3467 
   00068    0.5625    -857.5878  0.3913 
   00069    0.5100    -908.4862  0.4000 
   00070    0.5325    -865.7549  0.3505 
   00071    0.5400    -912.9118  0.4332 
   00072    0.5325    -927.0047  0.3657 
   00073    0.5250    -959.3929  0.3694 
   00074    0.4850    -955.5301  0.3774 
   00075    0.5600    -957.3977  0.3814 
   00076    0.5175    -972.7637  0.4241 
   00077    0.5250    -965.7131  0.3900 
   00078    0.4300    -945.7224  0.3478 
   00079    0.5225    -896.6862  0.3796 
   00080    0.5325    -869.8715  0.3544 
   00081    0.5575    -933.0081  0.3984 
   00082    0.4950    -881.7023  0.3945 
   00083    0.5300    -847.3474  0.3598 
   00084    0.5150    -870.8526  0.3271 
   00085    0.5425    -924.6377  0.3393 
   00086    0.4975    -900.5477  0.3645 
   00087    0.4975    -897.3560  0.3588 
   00088    0.5575    -895.3914  0.3189 
   00089    0.5125    -868.8288  0.3457 
   00090    0.5050    -879.5178  0.3083 
   00091    0.5675    -838.0871  0.3550 
   00092    0.5075    -832.3353  0.3838 
   00093    0.5125    -836.4735  0.3245 
   00094    0.5125    -830.0433  0.3657 
   00095    0.5425    -834.3582  0.3768 
   00096    0.5675    -814.4547  0.3516 
   00097    0.5750    -778.4810  0.3577 
   00098    0.5475    -789.5517  0.3434 
   00099    0.5150    -825.3126  0.3081 
   00100    0.5350    -822.0825  0.3075 
   00101    0.5600    -853.0274  0.3366 
   00102    0.5025    -888.7906  0.3041 
   00103    0.5100    -922.5559  0.3267 
   00104    0.5400    -928.8784  0.3352 
   00105    0.4900    -902.1159  0.3021 
   00106    0.5250    -874.3270  0.3471 
   00107    0.5200    -861.2822  0.3278 
   00108    0.5000    -902.5027  0.3039 
   00109    0.5575    -902.0499  0.3245 
   00110    0.5300    -868.7662  0.3468 
   00111    0.5250    -862.3752  0.3054 
   00112    0.5550    -869.6541  0.3173 
   00113    0.5175    -878.3464  0.3217 
   00114    0.5050    -889.3963  0.2804 
   00115    0.5375    -878.1862  0.2916 
   00116    0.5725    -858.1614  0.3390 
   00117    0.5575    -885.6099  0.3369 
   00118    0.5200    -888.3733  0.3621 
   00119    0.4900    -874.8569  0.3478 
   00120    0.4950    -890.9808  0.3677 
   00121    0.5450    -895.4521  0.3834 
   00122    0.5275    -939.0135  0.3948 
   00123    0.4925    -946.3987  0.3882 
   00124    0.4800    -936.0442  0.3686 
   00125    0.4675    -984.2388  0.4247 
   00126    0.4725    -957.7163  0.4389 
   00127    0.5500    -911.9669  0.4167 
   00128    0.5150    -886.6217  0.4437 
   00129    0.5925    -838.2573  0.3504 
   00130    0.5400    -856.9849  0.3946 
   00131    0.5300    -897.1662  0.3963 
   00132    0.5150    -887.4675  0.3935 
   00133    0.5425    -884.8472  0.4080 
   00134    0.5025    -894.7970  0.4363 
   00135    0.4900    -861.9151  0.3917 
   00136    0.5225    -864.3619  0.4068 
   00137    0.4475    -886.6354  0.4276 
   00138    0.4700    -871.6093  0.4420 
   00139    0.5275    -881.5701  0.4230 
   00140    0.4675    -892.9937  0.3797 
   00141    0.5150    -925.1271  0.4490 
   00142    0.5325    -920.0228  0.4690 
   00143    0.5300    -910.1126  0.4543 
   00144    0.5225    -914.4565  0.4384 
   00145    0.4800    -903.6447  0.4571 
   00146    0.5200    -890.9965  0.3962 
   00147    0.5300    -880.4802  0.4222 
   00148    0.4750    -946.8949  0.4719 
   00149    0.4825    -960.8413  0.4776 
   00150    0.5000    -986.6766  0.4467 
   00151    0.4700    -972.7217  0.4346 
   00152    0.5175    -939.9593  0.4230 
   00153    0.4900    -908.0848  0.4357 
   00154    0.5175    -894.5338  0.3369 
   00155    0.5650    -876.4803  0.3422 
   00156    0.5425    -851.5327  0.3410 
   00157    0.5575    -893.0985  0.3562 
   00158    0.5100    -917.1879  0.3740 
   00159    0.5150    -904.3343  0.3722 
   00160    0.4600    -912.9923  0.3740 
   00161    0.5050    -931.6965  0.3461 
   00162    0.5150    -909.6510  0.3518 
   00163    0.5225    -904.6077  0.3571 
   00164    0.5150    -896.8829  0.3485 
   00165    0.4700    -927.2046  0.3179 
   00166    0.4875    -912.9721  0.3277 
   00167    0.5175    -880.8701  0.3355 
   00168    0.4800    -876.2424  0.3240 
   00169    0.5175    -890.3443  0.3216 
   00170    0.5075    -869.4089  0.3025 
   00171    0.5100    -867.2753  0.2743 
   00172    0.5375    -836.9240  0.2910 
   00173    0.5375    -861.9765  0.3096 
   00174    0.5350    -868.1835  0.3125 
   00175    0.5475    -901.9715  0.3334 
   00176    0.4825    -918.2826  0.3482 
   00177    0.4450    -907.4591  0.3325 
   00178    0.5275    -928.1391  0.3532 
   00179    0.4925    -899.6116  0.3275 
   00180    0.5550    -873.0219  0.3481 
   00181    0.4775    -888.2947  0.3960 
   00182    0.5375    -909.8696  0.4058 
   00183    0.5125    -879.7992  0.3756 
   00184    0.5225    -922.1514  0.3957 
   00185    0.5225    -865.6806  0.3973 
   00186    0.5175    -909.9647  0.4444 
   00187    0.5275    -869.4973  0.4448 
   00188    0.5325    -857.9051  0.4361 
   00189    0.5175    -908.9736  0.4052 
   00190    0.4775    -926.8107  0.4105 
   00191    0.4675    -950.5557  0.4292 
   00192    0.5175    -968.9705  0.4583 
   00193    0.4825    -931.4469  0.4250 
   00194    0.4900    -905.0594  0.4242 
   00195    0.5125    -904.0323  0.4122 
   00196    0.4850    -893.8309  0.4383 
   00197    0.5400    -906.7681  0.4076 
   00198    0.5150    -878.3098  0.3640 
   00199    0.5200    -906.9438  0.3683 
   00200    0.5175    -866.0762  0.3300 
   00201    0.5400    -880.6541  0.3553 
   00202    0.4925    -853.7900  0.3520 
   00203    0.5700    -843.4221  0.3532 
   00204    0.5125    -832.0711  0.3743 
   00205    0.5275    -860.5287  0.3587 
   00206    0.5150    -860.0665  0.3568 
   00207    0.5550    -899.4068  0.3567 
   00208    0.5325    -858.4549  0.2874 
   00209    0.5225    -920.1191  0.3383 
   00210    0.5175    -894.8272  0.3280 
   00211    0.5125    -868.4122  0.3054 
   00212    0.5150    -827.1254  0.3504 
   00213    0.4975    -871.4240  0.3632 
   00214    0.5450    -818.1582  0.3544 
   00215    0.5300    -866.0737  0.3112 
   00216    0.5025    -862.2620  0.3314 
   00217    0.5525    -884.1311  0.3037 
   00218    0.5200    -897.5377  0.2799 
   00219    0.4900    -911.9752  0.2815 
   00220    0.5675    -950.4133  0.2795 
   00221    0.4525    -945.2739  0.2728 
   00222    0.5325    -959.0356  0.2613 
   00223    0.5075    -938.3322  0.2869 
   00224    0.4500    -938.9976  0.2574 
   00225    0.4425    -944.0159  0.2627 
   00226    0.5000    -942.3304  0.2525 
   00227    0.5125    -884.2242  0.2721 
   00228    0.5225    -907.3505  0.2719 
   00229    0.5000    -896.5171  0.2542 
   00230    0.5150    -891.6596  0.2893 
   00231    0.5200    -879.5165  0.2952 
   00232    0.5275    -839.1155  0.2732 
   00233    0.5250    -850.7306  0.2662 
   00234    0.4975    -862.9265  0.2728 
   00235    0.5425    -872.7474  0.3044 
   00236    0.5425    -901.8918  0.3199 
   00237    0.5275    -914.7245  0.3322 
   00238    0.5275    -905.8734  0.3261 
   00239    0.4425    -902.3567  0.3472 
   00240    0.5650    -861.4129  0.3487 
   00241    0.5100    -878.0075  0.3326 
   00242    0.5700    -867.4484  0.3321 
   00243    0.5575    -877.6366  0.3449 
   00244    0.5300    -896.7859  0.3323 
   00245    0.5375    -886.3433  0.3344 
   00246    0.5750    -846.5211  0.3293 
   00247    0.5075    -878.5158  0.3320 
   00248    0.5275    -841.6102  0.3146 
   00249    0.5575    -850.1206  0.3245 
   00250    0.5475    -869.9445  0.3485 
   00251    0.5125    -872.0480  0.3274 
   00252    0.5075    -886.6211  0.3047 
   00253    0.5375    -917.8854  0.2904 
   00254    0.5400    -902.8558  0.2759 
   00255    0.5250    -906.4700  0.2888 
   00256    0.4900    -871.8739  0.2386 
   00257    0.5275    -851.7311  0.2773 
   00258    0.5550    -849.4404  0.2692 
   00259    0.5325    -855.4115  0.2882 
   00260    0.4725    -896.1094  0.2984 
   00261    0.5150    -885.3583  0.2577 
   00262    0.4975    -883.6356  0.2555 
   00263    0.5200    -879.2595  0.3068 
   00264    0.5325    -871.2738  0.3104 
   00265    0.5650    -894.2995  0.2577 
   00266    0.5475    -889.0849  0.2585 
   00267    0.5325    -889.8370  0.2444 
   00268    0.4975    -880.5997  0.2357 
   00269    0.5075    -887.6755  0.2897 
   00270    0.5475    -902.8436  0.3227 
   00271    0.5550    -913.0966  0.3475 
   00272    0.5000    -896.9457  0.3296 
   00273    0.5525    -871.4849  0.3291 
   00274    0.5075    -854.3871  0.2966 
   00275    0.5400    -886.6358  0.2931 
   00276    0.5400    -895.2293  0.2971 
   00277    0.5200    -891.2600  0.2465 
   00278    0.5275    -878.2285  0.2458 
   00279    0.5225    -880.9712  0.2833 
   00280    0.5100    -889.3716  0.2952 
   00281    0.5650    -899.6628  0.2751 
   00282    0.5125    -923.1163  0.3291 
   00283    0.4825    -914.7186  0.3153 
   00284    0.5250    -886.7202  0.3472 
   00285    0.4575    -912.9513  0.2966 
   00286    0.4700    -963.6858  0.3098 
   00287    0.4800    -918.0380  0.3342 
   00288    0.5150    -926.2382  0.3561 
   00289    0.5075    -902.7665  0.3757 
   00290    0.4975    -923.9505  0.3392 
   00291    0.5375    -904.0899  0.3084 
   00292    0.5725    -908.2633  0.3454 
   00293    0.5125    -870.6050  0.3338 
   00294    0.5300    -876.9039  0.3447 
   00295    0.5350    -845.4654  0.3624 
   00296    0.5400    -841.6084  0.3569 
   00297    0.5750    -852.0899  0.3978 
   00298    0.5400    -887.2942  0.4101 
   00299    0.5275    -873.4609  0.3658 
   00300    0.5600    -836.6764  0.3658 
   00301    0.5100    -874.8996  0.3486 
   00302    0.5025    -898.8810  0.3625 
   00303    0.4775    -909.9194  0.3567 
   00304    0.5500    -882.7973  0.3590 
   00305    0.5150    -906.1528  0.3985 
   00306    0.5100    -894.5028  0.4107 
   00307    0.5125    -862.5572  0.3625 
   00308    0.5500    -892.8187  0.4490 
   00309    0.5175    -921.0163  0.4440 
   00310    0.5375    -905.8951  0.3741 
   00311    0.5150    -929.5744  0.4292 
   00312    0.5050    -926.9010  0.4038 
   00313    0.5650    -947.5829  0.4249 
   00314    0.5100    -928.5958  0.3969 
   00315    0.4950    -916.4270  0.3800 
   00316    0.5075    -906.7963  0.3342 
   00317    0.4850    -880.0645  0.3638 
   00318    0.5625    -845.2178  0.3394 
   00319    0.5250    -866.8326  0.3221 
   00320    0.4800    -894.1004  0.2810 
   00321    0.5300    -886.3107  0.3093 
   00322    0.4925    -925.2062  0.3192 
   00323    0.5375    -932.3769  0.3183 
   00324    0.5375    -973.8307  0.2760 
   00325    0.5075    -952.5373  0.2962 
   00326    0.5125    -916.6879  0.2611 
   00327    0.4650    -928.0487  0.2782 
   00328    0.4700    -916.0103  0.2854 
   00329    0.5225    -933.0804  0.2439 
   00330    0.5125    -920.1555  0.2313 
   00331    0.5375    -908.6248  0.3082 
   00332    0.5225    -924.0145  0.2759 
   00333    0.4525    -920.3093  0.3154 
   00334    0.5225    -918.2138  0.3220 
   00335    0.5550    -921.0629  0.3192 
   00336    0.5225    -925.9518  0.3461 
   00337    0.5700    -922.5826  0.3399 
   00338    0.5150    -949.6788  0.3761 
   00339    0.4400    -926.8061  0.3827 
   00340    0.5650    -904.5946  0.3618 
   00341    0.4725    -883.1527  0.4066 
   00342    0.5650    -859.0322  0.3534 
   00343    0.5575    -793.2298  0.3902 
   00344    0.5550    -808.4329  0.3781 
   00345    0.5625    -846.3818  0.3778 
   00346    0.5175    -872.2210  0.3758 
   00347    0.5375    -859.9262  0.3942 
   00348    0.5650    -854.6871  0.3870 
   00349    0.5525    -874.1676  0.4219 
   00350    0.5250    -869.9370  0.4261 
   00351    0.5350    -829.8563  0.4056 
   00352    0.5750    -839.3309  0.4173 
   00353    0.5475    -847.1035  0.3926 
   00354    0.5025    -876.3300  0.3738 
   00355    0.5600    -902.8724  0.3903 
   00356    0.4950    -884.3838  0.3847 
   00357    0.5125    -894.3249  0.3498 
   00358    0.5250    -880.2281  0.3397 
   00359    0.5175    -873.6259  0.3385 
   00360    0.5000    -893.6041  0.3166 
   00361    0.5775    -914.2786  0.3227 
   00362    0.5525    -929.7892  0.3335 
   00363    0.4600    -928.3419  0.3415 
   00364    0.5275    -898.2458  0.3110 
   00365    0.4775    -937.5184  0.3725 
   00366    0.5350    -958.7207  0.3385 
   00367    0.5300    -933.0188  0.3575 
   00368    0.5200    -929.0792  0.4123 
   00369    0.5075    -980.5951  0.4301 
   00370    0.5025    -970.9728  0.4157 
   00371    0.4550    -921.8575  0.3977 
   00372    0.5100    -898.7809  0.4181 
   00373    0.5100    -922.3678  0.3862 
   00374    0.5725    -926.8265  0.4283 
   00375    0.4825    -910.2750  0.4132 
   00376    0.5275    -910.9386  0.3610 
   00377    0.5325    -918.6947  0.4309 
   00378    0.4575    -942.1759  0.3800 
   00379    0.5300    -965.3633  0.4058 
   00380    0.4775   -1002.3916  0.3788 
   00381    0.4675   -1000.1193  0.3889 
   00382    0.4750    -953.0310  0.3445 
   00383    0.5175    -952.9626  0.3673 
   00384    0.4550    -965.4369  0.3285 
   00385    0.5325    -974.2142  0.3217 
   00386    0.5475    -987.9361  0.3568 
   00387    0.4475    -957.4668  0.3813 
   00388    0.5000    -931.3913  0.3580 
   00389    0.4800    -946.9917  0.3887 
   00390    0.4825    -917.7690  0.4000 
   00391    0.4925    -914.4560  0.4030 
   00392    0.5025    -919.8077  0.4123 
   00393    0.4850    -932.2643  0.4187 
   00394    0.4850    -936.0949  0.4207 
   00395    0.4600    -968.2850  0.3910 
   00396    0.4500    -957.5816  0.3911 
   00397    0.4700    -937.3419  0.3657 
   00398    0.4925    -896.2284  0.4150 
   00399    0.5100    -897.9615  0.3855 
   00400    0.5225    -908.4473  0.3770 
   00401    0.4950    -929.2503  0.4041 
   00402    0.5325    -954.9322  0.4055 
   00403    0.5250    -961.4709  0.4466 
   00404    0.4175    -928.1958  0.4164 
   00405    0.5450    -900.0236  0.3563 
   00406    0.5025    -908.2359  0.3997 
   00407    0.5300    -891.9689  0.4303 
   00408    0.5000    -920.3478  0.3748 
   00409    0.4750    -952.5067  0.3860 
   00410    0.4825    -937.3115  0.4238 
   00411    0.5450    -907.5455  0.3991 
   00412    0.5250    -954.1316  0.4104 
   00413    0.4700    -962.6807  0.4552 
   00414    0.5200    -904.4893  0.4135 
   00415    0.5050    -923.6762  0.4287 
   00416    0.5550    -943.3895  0.4813 
   00417    0.5100    -938.7996  0.4083 
   00418    0.5550    -896.3627  0.4267 
   00419    0.5400    -930.1031  0.4269 
   00420    0.5300    -951.1480  0.4455 
   00421    0.4825    -937.4580  0.4356 
   00422    0.5400    -929.7424  0.4131 
   00423    0.5050    -908.9138  0.3636 
   00424    0.5175    -883.8475  0.3423 
   00425    0.5000    -906.5770  0.3299 
   00426    0.4975    -895.5934  0.3441 
   00427    0.5250    -874.8010  0.3612 
   00428    0.5225    -868.2327  0.3755 
   00429    0.5175    -909.1369  0.3962 
   00430    0.5475    -886.0052  0.3707 
   00431    0.5050    -900.8618  0.3771 
   00432    0.5150    -885.4292  0.3862 
   00433    0.5275    -848.2712  0.3650 
   00434    0.5200    -880.9746  0.3505 
   00435    0.5050    -858.1758  0.3154 
   00436    0.5675    -877.3805  0.3440 
   00437    0.5225    -894.4984  0.3555 
   00438    0.5075    -919.7879  0.3579 
   00439    0.5125    -933.3010  0.3386 
   00440    0.4925    -888.7637  0.3707 
   00441    0.5275    -956.5219  0.3625 
   00442    0.4850    -921.1300  0.2585 
   00443    0.5625    -901.4487  0.3317 
   00444    0.5000    -903.5342  0.3066 
   00445    0.5450    -930.1039  0.3154 
   00446    0.4875    -925.2213  0.2583 
   00447    0.5100    -920.2024  0.2244 
   00448    0.5175    -922.8344  0.2805 
   00449    0.5200    -926.4386  0.2599 
   00450    0.5325    -937.2842  0.2834 
   00451    0.5375    -949.9849  0.2706 
   00452    0.5500    -911.2977  0.2940 
   00453    0.5125    -942.9547  0.2711 
   00454    0.5050    -941.4793  0.3118 
   00455    0.5300    -921.7017  0.2801 
   00456    0.5500    -926.5018  0.3070 
   00457    0.4650    -949.0517  0.2912 
   00458    0.4525    -963.3620  0.2939 
   00459    0.4675    -952.7912  0.2874 
   00460    0.4700    -946.5141  0.3230 
   00461    0.4925    -987.2104  0.2584 
   00462    0.4925    -981.2196  0.2571 
   00463    0.4900   -1017.7197  0.2475 
   00464    0.4500   -1006.1812  0.3210 
   00465    0.4750    -968.6196  0.3054 
   00466    0.4450    -957.0070  0.2962 
   00467    0.5200    -953.0084  0.2971 
   00468    0.5550    -952.3171  0.2880 
   00469    0.4800    -939.3349  0.2870 
   00470    0.4750    -940.0136  0.2891 
   00471    0.5150    -917.1257  0.2634 
   00472    0.5150    -898.8599  0.2708 
   00473    0.5400    -912.0527  0.2704 
   00474    0.5050    -908.6515  0.2779 
   00475    0.5225    -940.6359  0.2821 
   00476    0.5175    -948.7574  0.2697 
   00477    0.4975    -929.4119  0.2710 
   00478    0.5150    -881.4007  0.2829 
   00479    0.5200    -932.0137  0.3029 
   00480    0.4675    -934.1959  0.3159 
   00481    0.4725    -947.7266  0.2992 
   00482    0.4700    -965.2763  0.3210 
   00483    0.4700    -907.9652  0.3108 
   00484    0.5075    -946.6567  0.3225 
   00485    0.5200    -922.3494  0.3309 
   00486    0.5025    -931.6133  0.2741 
   00487    0.5275    -912.3686  0.2760 
   00488    0.5175    -890.5398  0.3309 
   00489    0.4700    -880.8611  0.3307 
   00490    0.5125    -865.5983  0.3104 
   00491    0.4775    -922.5447  0.3156 
   00492    0.4850    -911.3923  0.2611 
   00493    0.5125    -957.7930  0.2528 
   00494    0.4450    -912.6352  0.2517 
   00495    0.4825    -918.4023  0.2671 
   00496    0.5425    -910.6962  0.2544 
   00497    0.4975    -941.3291  0.2636 
   00498    0.4725    -896.2807  0.2417 
   00499    0.5200    -900.2492  0.3051 
   00500    0.5500    -869.6366  0.2660 
   00501    0.5450    -883.2940  0.2852 
   00502    0.5200    -883.7572  0.3124 
   00503    0.4975    -897.1893  0.3583 
   00504    0.5425    -947.4390  0.3821 
   00505    0.4975    -989.9124  0.4028 
   00506    0.4825    -982.9415  0.4321 
   00507    0.4575    -958.2998  0.4253 
   00508    0.4750    -922.5620  0.4469 
   00509    0.4975    -933.0958  0.4257 
   00510    0.4800    -909.5614  0.4160 
   00511    0.5100    -952.7879  0.4132 
   00512    0.5075    -932.5797  0.4270 
   00513    0.5475    -940.2278  0.4005 
   00514    0.4600    -949.6589  0.3854 
   00515    0.4925    -906.2773  0.3860 
   00516    0.5450    -923.0428  0.4055 
   00517    0.5400    -911.9219  0.3710 
   00518    0.4825    -918.3119  0.3814 
   00519    0.5075    -882.7649  0.3404 
   00520    0.5650    -914.7273  0.3330 
   00521    0.4675    -942.4093  0.3293 
   00522    0.4500    -955.9779  0.3272 
   00523    0.4575    -951.0481  0.3155 
   00524    0.4975    -939.2272  0.3053 
   00525    0.5525    -980.7268  0.3163 
   00526    0.4875    -934.8834  0.3067 
   00527    0.4725    -903.4122  0.3440 
   00528    0.5250    -884.9549  0.3368 
   00529    0.5225    -899.8176  0.3757 
   00530    0.5150    -897.2251  0.3850 
   00531    0.5375    -825.0782  0.3490 
   00532    0.5275    -880.2781  0.3971 
   00533    0.5075    -903.1262  0.3939 
   00534    0.4900    -895.5999  0.3717 
   00535    0.5325    -930.6517  0.3364 
   00536    0.5000    -936.7663  0.3829 
   00537    0.5250    -900.6125  0.3630 
   00538    0.5500    -893.1801  0.3349 
   00539    0.5475    -855.1681  0.3170 
   00540    0.5575    -826.4068  0.2944 
   00541    0.5150    -858.7529  0.3001 
   00542    0.5450    -860.7031  0.3079 
   00543    0.5000    -884.8258  0.3199 
   00544    0.5000    -877.2693  0.2888 
   00545    0.5300    -905.5384  0.3534 
   00546    0.5125    -930.7837  0.3000 
   00547    0.5150    -928.1308  0.3034 
   00548    0.5175    -925.4018  0.3084 
   00549    0.5325    -943.3644  0.2781 
   00550    0.5225    -910.9221  0.3250 
   00551    0.4825    -913.6622  0.2972 
   00552    0.5025    -931.6248  0.2941 
   00553    0.4875    -929.8946  0.2909 
   00554    0.4750    -891.7528  0.3154 
   00555    0.4750    -912.2327  0.3082 
   00556    0.5425    -899.5101  0.2925 
   00557    0.5350    -879.4625  0.3228 
   00558    0.5225    -884.6942  0.2696 
   00559    0.5450    -895.6622  0.2911 
   00560    0.4975    -904.2583  0.3175 
   00561    0.4875    -915.0327  0.2911 
   00562    0.5050    -894.4911  0.3100 
   00563    0.4950    -889.1043  0.3385 
   00564    0.5575    -885.0741  0.2901 
   00565    0.5400    -862.6386  0.2892 
   00566    0.5200    -881.8251  0.2883 
   00567    0.5350    -890.6075  0.2803 
   00568    0.5075    -892.5281  0.2049 
   00569    0.5125    -872.4577  0.2927 
   00570    0.5650    -903.5182  0.3153 
   00571    0.4800    -909.3065  0.3098 
   00572    0.5400    -870.5268  0.3298 
   00573    0.5050    -858.9642  0.3916 
   00574    0.5350    -851.4346  0.3518 
   00575    0.5450    -834.4961  0.3878 
   00576    0.6000    -869.5426  0.4093 
   00577    0.4850    -893.8184  0.3888 
   00578    0.5475    -899.0511  0.4007 
   00579    0.4925    -915.0803  0.4158 
   00580    0.5375    -955.7608  0.3796 
   00581    0.4725    -947.0125  0.4024 
   00582    0.5250    -914.8437  0.3325 
   00583    0.5100    -941.7067  0.3470 
   00584    0.4825    -945.1049  0.3800 
   00585    0.4875    -946.2460  0.3443 
   00586    0.5000    -937.1827  0.3663 
   00587    0.4850    -956.2338  0.3602 
   00588    0.5200    -923.5861  0.3526 
   00589    0.4850    -901.3508  0.3308 
   00590    0.5250    -926.0215  0.3277 
   00591    0.4950    -948.7345  0.3555 
   00592    0.5250    -892.2270  0.3095 
   00593    0.5000    -898.8101  0.3149 
   00594    0.5075    -905.6751  0.2954 
   00595    0.5150    -905.2119  0.2497 
   00596    0.5200    -909.2552  0.2933 
   00597    0.4975    -914.0202  0.3003 
   00598    0.5325    -921.4551  0.3064 
   00599    0.5125    -912.9891  0.2753 
   00600    0.4800    -944.3223  0.3157 
   00601    0.4625    -906.2523  0.3144 
   00602    0.5000    -918.7921  0.3371 
   00603    0.4825    -917.4001  0.3479 
   00604    0.4875    -882.4862  0.3354 
   00605    0.4925    -879.0097  0.3505 
   00606    0.5275    -856.4078  0.3677 
   00607    0.5500    -893.8661  0.3332 
   00608    0.4900    -897.8088  0.3471 
   00609    0.5275    -878.6829  0.3669 
   00610    0.5400    -917.5933  0.3635 
   00611    0.4750    -910.0002  0.4449 
   00612    0.5025    -920.3188  0.4429 
   00613    0.5400    -904.9148  0.4316 
   00614    0.5000    -937.6599  0.4193 
   00615    0.5475    -948.7378  0.3895 
   00616    0.4900    -948.6187  0.3715 
   00617    0.4375    -935.4213  0.3614 
   00618    0.4875    -962.8027  0.3187 
   00619    0.4500    -954.0405  0.3555 
   00620    0.4550    -968.7442  0.3643 
   00621    0.4750    -946.3073  0.3523 
   00622    0.5300    -934.8324  0.3352 
   00623    0.5150    -961.1502  0.3356 
   00624    0.5350    -970.8524  0.3267 
   00625    0.4875    -899.4264  0.3526 
   00626    0.5175    -865.9519  0.3566 
   00627    0.5075    -827.0620  0.3689 
   00628    0.5075    -833.5064  0.3119 
   00629    0.5500    -829.2599  0.3027 
   00630    0.5225    -850.3686  0.2898 
   00631    0.5325    -878.7687  0.2460 
   00632    0.4950    -904.5305  0.2595 
   00633    0.5400    -921.3730  0.2744 
   00634    0.4925    -921.0994  0.2368 
   00635    0.4525    -926.2810  0.3084 
   00636    0.5350    -893.5480  0.2982 
   00637    0.5450    -884.0859  0.3134 
   00638    0.5250    -900.5081  0.3316 
   00639    0.5400    -870.0689  0.3659 
   00640    0.5325    -862.8950  0.3819 
   00641    0.5275    -859.2181  0.3992 
   00642    0.5650    -842.4685  0.3607 
   00643    0.5050    -854.5444  0.3473 
   00644    0.5000    -913.7118  0.3536 
   00645    0.5325    -923.8892  0.3708 
   00646    0.5025    -927.5361  0.3174 
   00647    0.4825    -904.4704  0.3584 
   00648    0.4875    -940.7436  0.3255 
   00649    0.4850    -930.6127  0.3102 
   00650    0.4900    -884.4506  0.2953 
   00651    0.4900    -888.7639  0.3091 
   00652    0.4950    -911.1835  0.2781 
   00653    0.5100    -924.2006  0.3297 
   00654    0.4900    -941.2836  0.3138 
   00655    0.4700    -961.3501  0.3227 
   00656    0.4850    -937.2940  0.3315 
   00657    0.5400    -905.3742  0.3298 
   00658    0.4825    -909.7141  0.3823 
   00659    0.4750    -932.4312  0.3489 
   00660    0.5550    -895.4225  0.3454 
   00661    0.4800    -907.4977  0.3720 
   00662    0.5450    -859.0977  0.3872 
   00663    0.5425    -847.8594  0.3297 
   00664    0.5425    -839.4694  0.3323 
   00665    0.5600    -835.1585  0.3067 
   00666    0.5350    -853.1254  0.3011 
   00667    0.5225    -898.3216  0.2632 
   00668    0.5125    -884.8391  0.2949 
   00669    0.4875    -877.8649  0.2554 
   00670    0.5250    -873.1318  0.2986 
   00671    0.4950    -919.6805  0.2900 
   00672    0.5375    -922.4831  0.2591 
   00673    0.5125    -933.0740  0.2898 
   00674    0.5275    -880.5290  0.3070 
   00675    0.5150    -886.6409  0.2757 
   00676    0.5175    -900.4302  0.2829 
   00677    0.5375    -874.2848  0.2795 
   00678    0.5175    -881.9942  0.2688 
   00679    0.4725    -900.9779  0.2779 
   00680    0.5025    -905.8036  0.2842 
   00681    0.5125    -904.2011  0.2732 
   00682    0.5575    -883.5211  0.3004 
   00683    0.5200    -891.9676  0.2892 
   00684    0.5625    -890.4721  0.3016 
   00685    0.4700    -897.3304  0.3324 
   00686    0.5250    -900.4500  0.3045 
   00687    0.5400    -933.7917  0.2813 
   00688    0.4800    -907.1492  0.2997 
   00689    0.5500    -915.2140  0.2825 
   00690    0.5100    -890.2462  0.2417 
   00691    0.5375    -953.8163  0.2817 
   00692    0.5350    -934.2514  0.2857 
   00693    0.5150    -924.1119  0.2841 
   00694    0.5000    -897.7802  0.3071 
   00695    0.5350    -894.2199  0.2978 
   00696    0.5425    -888.2151  0.2558 
   00697    0.5350    -867.3997  0.2457 
   00698    0.5225    -897.8189  0.2769 
   00699    0.4850    -889.4650  0.2855 
   00700    0.5475    -863.6591  0.2666 
   00701    0.5025    -838.5227  0.2820 
   00702    0.5625    -861.9543  0.2948 
   00703    0.5575    -847.9441  0.3073 
   00704    0.4975    -920.2373  0.3700 
   00705    0.4675    -943.8015  0.3527 
   00706    0.4850    -940.2990  0.3332 
   00707    0.4775    -920.3107  0.2881 
   00708    0.4750    -904.8091  0.2961 
   00709    0.5225    -911.0187  0.3257 
   00710    0.5075    -920.4601  0.3405 
   00711    0.4400    -919.5235  0.3208 
   00712    0.5100    -898.6594  0.3355 
   00713    0.5500    -873.6208  0.3493 
   00714    0.5050    -896.6628  0.3716 
   00715    0.4725    -864.7373  0.3804 
   00716    0.5050    -880.6812  0.3603 
   00717    0.5150    -902.2372  0.3603 
   00718    0.5325    -876.7959  0.2925 
   00719    0.5175    -878.2530  0.2778 
   00720    0.5150    -822.6177  0.3445 
   00721    0.5625    -821.6972  0.3412 
   00722    0.5650    -828.2188  0.3368 
   00723    0.5050    -861.5315  0.3075 
   00724    0.5675    -882.5058  0.2854 
   00725    0.4450    -918.6286  0.3166 
   00726    0.5200    -899.6239  0.3242 
   00727    0.5500    -879.6448  0.3097 
   00728    0.5200    -909.1023  0.3543 
   00729    0.5325    -924.0706  0.3504 
   00730    0.4850    -896.6307  0.3268 
   00731    0.5050    -902.4295  0.3638 
   00732    0.4850    -886.9352  0.3531 
   00733    0.5175    -882.2302  0.3581 
   00734    0.5600    -880.1396  0.3735 
   00735    0.5475    -893.6644  0.3564 
   00736    0.5300    -916.5495  0.3435 
   00737    0.4775    -901.0540  0.3015 
   00738    0.5375    -885.3815  0.2575 
   00739    0.5175    -877.7454  0.2789 
   00740    0.5100    -880.0148  0.2502 
   00741    0.5500    -888.6298  0.2842 
   00742    0.4800    -868.0942  0.2462 
   00743    0.5275    -879.3902  0.2524 
   00744    0.5750    -876.0432  0.2701 
   00745    0.4500    -891.2460  0.2655 
   00746    0.5150    -880.6457  0.2697 
   00747    0.4775    -890.6641  0.2821 
   00748    0.4950    -930.5311  0.2609 
   00749    0.5350    -906.7360  0.2767 
   00750    0.5175    -908.4956  0.2818 
   00751    0.5325    -895.6622  0.2853 
   00752    0.5300    -885.2584  0.3165 
   00753    0.5600    -906.9878  0.2964 
   00754    0.5500    -895.5568  0.3067 
   00755    0.5375    -898.2411  0.2964 
   00756    0.4800    -909.8338  0.3111 
   00757    0.5150    -904.2913  0.2887 
   00758    0.5300    -903.1841  0.3069 
   00759    0.5475    -902.7344  0.3106 
   00760    0.4825    -893.2401  0.3124 
   00761    0.5225    -860.9823  0.3046 
   00762    0.5450    -880.3182  0.3032 
   00763    0.5450    -821.6054  0.2864 
   00764    0.5400    -847.5285  0.2962 
   00765    0.5100    -880.5580  0.2799 
   00766    0.5475    -892.7864  0.3363 
   00767    0.5500    -933.7856  0.3472 
   00768    0.4625    -943.8267  0.3708 
   00769    0.4425    -910.1487  0.3355 
   00770    0.5125    -882.1706  0.3483 
   00771    0.5125    -839.9229  0.3375 
   00772    0.4975    -862.8668  0.3281 
   00773    0.5325    -859.3973  0.3563 
   00774    0.5975    -874.5206  0.3363 
   00775    0.5675    -846.5359  0.3233 
   00776    0.4950    -859.7261  0.3377 
   00777    0.5600    -846.8172  0.2870 
   00778    0.5150    -860.8599  0.2938 
   00779    0.5450    -902.8237  0.2780 
   00780    0.5925    -916.3804  0.2738 
   00781    0.5300    -842.8180  0.2710 
   00782    0.5625    -868.6049  0.3065 
   00783    0.5350    -864.6762  0.2762 
   00784    0.5150    -876.5232  0.2715 
   00785    0.5550    -880.7124  0.2807 
   00786    0.5350    -846.0838  0.3095 
   00787    0.5400    -896.2860  0.3023 
   00788    0.4925    -881.4403  0.3243 
   00789    0.5425    -860.8104  0.3516 
   00790    0.5600    -908.3593  0.3255 
   00791    0.5300    -908.9959  0.3287 
   00792    0.4775    -946.5875  0.3600 
   00793    0.4750    -924.2037  0.3728 
   00794    0.4700    -913.9894  0.3847 
   00795    0.4850    -893.5616  0.3409 
   00796    0.4975    -934.2827  0.3623 
   00797    0.4950    -924.7268  0.3839 
   00798    0.4925    -920.0174  0.3768 
   00799    0.5000    -920.9129  0.3659 
   00800    0.5375    -882.7772  0.3622 
   00801    0.5125    -934.4989  0.3590 
   00802    0.4800    -896.2358  0.3470 
   00803    0.5100    -943.8987  0.3865 
   00804    0.5250    -927.5302  0.3762 
   00805    0.4850    -951.4213  0.3591 
   00806    0.5000    -924.0245  0.3292 
   00807    0.5200    -900.5440  0.3058 
   00808    0.5325    -876.5911  0.2481 
   00809    0.5175    -889.9984  0.2949 
   00810    0.5125    -880.4466  0.2685 
   00811    0.4975    -878.2583  0.2713 
   00812    0.4925    -875.9644  0.2751 
   00813    0.5075    -897.7901  0.3065 
   00814    0.5100    -930.8281  0.3055 
   00815    0.5075    -928.1721  0.3498 
   00816    0.4975    -942.5873  0.3464 
   00817    0.5375    -880.9128  0.3499 
   00818    0.5575    -893.4377  0.3592 
   00819    0.5250    -890.9350  0.3539 
   00820    0.4750    -905.0397  0.4117 
   00821    0.5075    -884.5159  0.3925 
   00822    0.4975    -894.6416  0.4015 
   00823    0.4875    -896.8694  0.3505 
   00824    0.4950    -938.4842  0.4174 
   00825    0.5150    -928.4970  0.4009 
   00826    0.4650    -922.0330  0.3971 
   00827    0.5725    -919.8864  0.4499 
   00828    0.5250    -933.8514  0.4469 
   00829    0.5275    -959.3231  0.5053 
   00830    0.5075    -932.3806  0.4611 
   00831    0.4750    -950.0329  0.4897 
   00832    0.4825    -908.8929  0.5027 
   00833    0.5575    -883.8223  0.4898 
   00834    0.5375    -887.3338  0.4794 
   00835    0.5025    -910.3247  0.5022 
   00836    0.5475    -901.4826  0.4642 
   00837    0.5000    -912.9928  0.4472 
   00838    0.5050    -931.6520  0.4265 
   00839    0.5075    -886.6355  0.4374 
   00840    0.4500    -901.9393  0.3849 
   00841    0.5150    -912.7173  0.4555 
   00842    0.5225    -934.3598  0.4482 
   00843    0.5125    -914.5656  0.4336 
   00844    0.5150    -896.7378  0.4559 
   00845    0.5400    -900.9227  0.4484 
   00846    0.5150    -910.3333  0.4843 
   00847    0.4750    -906.4452  0.4192 
   00848    0.4900    -911.7055  0.4495 
   00849    0.5225    -946.4648  0.4143 
   00850    0.5825    -927.3624  0.4341 
   00851    0.5000    -923.6474  0.4328 
   00852    0.5100    -902.6144  0.4370 
   00853    0.5250    -861.0108  0.4101 
   00854    0.5125    -850.8610  0.4164 
   00855    0.5250    -854.9396  0.4210 
   00856    0.5175    -886.9326  0.3928 
   00857    0.5100    -888.0863  0.4267 
   00858    0.5150    -886.3990  0.4073 
   00859    0.5075    -872.6257  0.4170 
   00860    0.4975    -908.7324  0.4197 
   00861    0.5250    -919.0825  0.3478 
   00862    0.4875    -926.2201  0.3426 
   00863    0.5125    -905.3089  0.3450 
   00864    0.5200    -885.6285  0.3477 
   00865    0.4575    -897.1977  0.3249 
   00866    0.5075    -905.4291  0.3429 
   00867    0.5000    -941.7412  0.3199 
   00868    0.4750    -983.6562  0.3602 
   00869    0.4650    -944.3028  0.3913 
   00870    0.4925    -952.7999  0.3541 
   00871    0.4925    -925.7149  0.3905 
   00872    0.5000    -915.5453  0.4158 
   00873    0.5050    -942.2207  0.3511 
   00874    0.5000    -960.2532  0.3581 
   00875    0.5075    -936.0014  0.3684 
   00876    0.5100    -900.1524  0.3871 
   00877    0.5300    -885.1553  0.4068 
   00878    0.5725    -834.8831  0.4007 
   00879    0.5200    -853.3537  0.4296 
   00880    0.4875    -826.9455  0.4145 
   00881    0.5500    -857.2127  0.3759 
   00882    0.5550    -865.4154  0.3532 
   00883    0.4950    -914.4564  0.3752 
   00884    0.5125    -900.5581  0.3568 
   00885    0.5250    -924.9885  0.3693 
   00886    0.4950    -941.5689  0.3814 
   00887    0.5375    -930.7833  0.4445 
   00888    0.5300    -931.8195  0.4399 
   00889    0.5000    -912.7295  0.4247 
   00890    0.4900    -914.0408  0.4812 
   00891    0.5025    -897.1378  0.5000 
   00892    0.4975    -872.3731  0.4483 
   00893    0.5400    -834.8366  0.4520 
   00894    0.5275    -864.7584  0.4004 
   00895    0.5325    -905.3064  0.3787 
   00896    0.5125    -879.1263  0.3991 
   00897    0.4500    -889.3562  0.3886 
   00898    0.5300    -863.6474  0.3951 
   00899    0.5275    -870.1659  0.3583 
   00900    0.5400    -865.6280  0.3395 
   00901    0.5050    -881.9781  0.3383 
   00902    0.4975    -902.4609  0.3682 
   00903    0.5075    -894.2525  0.3108 
   00904    0.5400    -870.3402  0.3081 
   00905    0.5475    -863.5996  0.3498 
   00906    0.4875    -874.0320  0.3582 
   00907    0.5450    -887.7126  0.3373 
   00908    0.5225    -868.5603  0.3424 
   00909    0.5000    -938.8165  0.3594 
   00910    0.4900    -913.3905  0.3740 
   00911    0.4950    -892.4355  0.3654 
   00912    0.5100    -896.1324  0.3397 
   00913    0.5475    -865.4381  0.3630 
   00914    0.4925    -886.2683  0.3525 
   00915    0.4700    -908.1989  0.3824 
   00916    0.5125    -926.8072  0.3680 
   00917    0.4950    -884.9745  0.4249 
   00918    0.5075    -892.0836  0.3919 
   00919    0.4850    -878.0783  0.4201 
   00920    0.4950    -903.4547  0.3916 
   00921    0.4925    -885.4024  0.4137 
   00922    0.5075    -889.0011  0.4286 
   00923    0.4875    -895.1243  0.4270 
   00924    0.5425    -912.8201  0.3984 
   00925    0.5475    -914.0020  0.4327 
   00926    0.5225    -926.9282  0.3954 
   00927    0.4675    -943.1833  0.4456 
   00928    0.5225    -914.5751  0.4572 
   00929    0.4700    -936.1861  0.4627 
   00930    0.5100    -904.9618  0.4235 
   00931    0.5100    -962.0392  0.4257 
   00932    0.5000    -967.5172  0.3752 
   00933    0.5200    -959.3930  0.3742 
   00934    0.5075    -956.4778  0.4061 
   00935    0.4800    -969.7262  0.4428 
   00936    0.5275    -977.5830  0.4564 
   00937    0.5150    -999.8831  0.4634 
   00938    0.4875    -951.7826  0.4472 
   00939    0.5100    -974.7260  0.4548 
   00940    0.5100    -907.8949  0.4345 
   00941    0.5100    -889.4924  0.4310 
   00942    0.5425    -932.0237  0.4525 
   00943    0.5175    -952.6826  0.4676 
   00944    0.4675    -954.7767  0.4286 
   00945    0.5275    -948.2904  0.4357 
   00946    0.4575    -947.4692  0.4357 
   00947    0.4950    -905.1084  0.4164 
   00948    0.5125    -919.3657  0.4440 
   00949    0.5000    -932.3086  0.4191 
   00950    0.5200    -923.6309  0.4314 
   00951    0.5200    -930.6923  0.4345 
   00952    0.4875    -901.0843  0.4055 
   00953    0.5125    -860.4819  0.4059 
   00954    0.5350    -864.4622  0.3996 
   00955    0.5425    -870.7646  0.3576 
   00956    0.5375    -879.5414  0.3769 
   00957    0.5575    -915.2045  0.3757 
   00958    0.5675    -918.4677  0.3383 
   00959    0.5175    -953.6547  0.3148 
   00960    0.4800    -916.0987  0.3224 
   00961    0.5350    -889.3695  0.3455 
   00962    0.5325    -906.7662  0.3693 
   00963    0.5300    -930.6761  0.4157 
   00964    0.5650    -902.9693  0.4227 
   00965    0.5175    -894.5542  0.3880 
   00966    0.5500    -846.2109  0.3838 
   00967    0.4775    -863.2987  0.3649 
   00968    0.5250    -857.1481  0.3286 
   00969    0.5225    -891.6881  0.3098 
   00970    0.5700    -876.7116  0.3062 
   00971    0.4450    -872.7894  0.3063 
   00972    0.5325    -852.4333  0.2906 
   00973    0.5225    -865.6315  0.3209 
   00974    0.5425    -866.8409  0.2853 
   00975    0.5100    -840.0266  0.2876 
   00976    0.5775    -837.9262  0.3113 
   00977    0.5650    -823.5386  0.3426 
   00978    0.4775    -862.9312  0.3133 
   00979    0.5450    -854.3584  0.3485 
   00980    0.5250    -887.3654  0.3202 
   00981    0.5225    -877.0241  0.2959 
   00982    0.5300    -883.1081  0.3512 
   00983    0.5400    -902.1939  0.3099 
   00984    0.4675    -888.4024  0.3285 
   00985    0.4925    -863.2261  0.3449 
   00986    0.5500    -893.7882  0.3487 
   00987    0.4875    -890.5903  0.3726 
   00988    0.5750    -883.8514  0.3596 
   00989    0.5225    -896.2335  0.3216 
   00990    0.4975    -884.4246  0.3422 
   00991    0.5375    -865.5894  0.3415 
   00992    0.5200    -823.5972  0.3292 
   00993    0.5575    -836.2159  0.3296 
   00994    0.5525    -870.2530  0.3019 
   00995    0.5125    -854.1178  0.3100 
   00996    0.5250    -821.6431  0.2444 
   00997    0.6100    -830.4750  0.2687 
   00998    0.5575    -850.4401  0.2707 
   00999    0.5525    -883.8087  0.2734 
   01000    0.5575    -875.9328  0.2989 
