#=====================================================
# File created:        Tue-04-Nov-2025-at-06-36-13AM
# Size of lattice:     20x20
# Number of MC steps:  1000
# Reduced temperature: 1.100
# Run time (s):        3.054569
#=====================================================
# MC step:  Ratio:     Energy:   Order:
#=====================================================
   00000    0.5000    -381.1201  0.3206 
   00001    0.7275    -458.5623  0.2953 
   00002    0.7350    -547.9997  0.3133 
   00003    0.7100    -616.2375  0.3043 
   00004    0.6650    -626.5600  0.3135 
   00005    0.6350    -607.1473  0.3022 
   00006    0.5975    -637.7652  0.2941 
   00007    0.6125    -685.8784  0.3079 
   00008    0.6325    -687.7013  0.3139 
   00009    0.5800    -730.3884  0.3034 
   00010    0.5925    -740.9048  0.2963 
   00011    0.5850    -756.0250  0.2977 
   00012    0.5600    -818.8960  0.2989 
   00013    0.5425    -796.8305  0.3184 
   00014    0.5900    -806.6978  0.3212 
   00015    0.5625    -817.9870  0.3330 
   00016    0.5650    -815.5183  0.3600 
   00017    0.5350    -828.0018  0.3308 
   00018    0.5225    -824.8223  0.3462 
   00019    0.5525    -837.9491  0.3592 
   00020    0.5450    -860.9358  0.3618 
   00021    0.5850    -850.2831  0.3777 
   00022    0.5375    -824.6014  0.3853 
   00023    0.5275    -808.6444  0.3898 
   00024    0.5450    -846.9991  0.4007 
   00025    0.5575    -846.8287  0.3996 
   00026    0.5600    -846.2036  0.4296 
   00027    0.5250    -847.7826  0.4150 
   00028    0.5600    -852.1766  0.3943 
   00029    0.5225    -861.7618  0.4054 
   00030    0.5100    -856.9175  0.3896 
   00031    0.5550    -846.4494  0.3868 
   00032    0.5325    -885.9284  0.4199 
   00033    0.5375    -875.8802  0.4213 
   00034    0.5400    -856.8131  0.4306 
   00035    0.4950    -870.2559  0.4149 
   00036    0.5675    -845.8969  0.4031 
   00037    0.5625    -816.9984  0.3792 
   00038    0.5450    -823.3317  0.3614 
   00039    0.5475    -838.9511  0.3774 
   00040    0.5075    -829.6688  0.3697 
   00041    0.5250    -841.9952  0.3857 
   00042    0.5150    -862.7549  0.3879 
   00043    0.5425    -874.2562  0.3847 
   00044    0.5025    -869.1859  0.3855 
   00045    0.5750    -877.9039  0.3968 
   00046    0.5275    -892.2438  0.4012 
   00047    0.5100    -889.0840  0.4052 
   00048    0.5500    -866.7867  0.4120 
   00049    0.5300    -891.4511  0.4367 
   00050    0.5850    -881.8094  0.4249 
   00051    0.5025    -880.9091  0.4408 
   00052    0.5300    -879.4094  0.4432 
   00053    0.5400    -884.3109  0.4365 
   00054    0.5125    -869.3824  0.4408 
   00055    0.5175    -889.9019  0.4730 
   00056    0.5425    -882.6399  0.4571 
   00057    0.5500    -883.4649  0.4389 
   00058    0.5575    -874.1433  0.4411 
   00059    0.5475    -865.6544  0.4358 
   00060    0.4900    -864.9854  0.4468 
   00061    0.4975    -842.2669  0.4213 
   00062    0.5625    -815.8828  0.4271 
   00063    0.5325    -834.8219  0.4409 
   00064    0.5475    -828.1632  0.4327 
   00065    0.5475    -823.0205  0.4381 
   00066    0.5450    -837.3527  0.4164 
   00067    0.5350    -836.9914  0.4082 
   00068    0.5175    -872.0921  0.4198 
   00069    0.4925    -886.6247  0.4299 
   00070    0.4950    -888.6114  0.4373 
   00071    0.5075    -861.8800  0.4520 
   00072    0.5100    -844.6023  0.4581 
   00073    0.5050    -865.3077  0.4576 
   00074    0.5325    -889.5371  0.4742 
   00075    0.5200    -867.9601  0.4602 
   00076    0.5250    -867.7474  0.4551 
   00077    0.5700    -844.4137  0.4573 
   00078    0.5400    -863.9428  0.4699 
   00079    0.5700    -864.3441  0.4555 
   00080    0.5350    -856.8870  0.4604 
   00081    0.5475    -847.7723  0.4544 
   00082    0.5200    -849.7202  0.4431 
   00083    0.5350    -845.3910  0.4429 
   00084    0.5700    -831.7374  0.4592 
   00085    0.5350    -814.9202  0.4393 
   00086    0.5475    -830.8342  0.4222 
   00087    0.5975    -825.2004  0.4098 
   00088    0.5000    -827.3378  0.3946 
   00089    0.5300    -833.5033  0.3790 
   00090    0.5025    -848.2805  0.3676 
   00091    0.5175    -822.7914  0.3641 
   00092    0.5300    -823.7242  0.3797 
   00093    0.5675    -817.9645  0.3927 
   00094    0.5475    -823.0945  0.3937 
   00095    0.5200    -838.7597  0.4052 
   00096    0.5525    -861.7801  0.4117 
   00097    0.5800    -870.3071  0.4035 
   00098    0.5550    -852.4176  0.4068 
   00099    0.5800    -857.1658  0.4054 
   00100    0.5175    -856.9565  0.3966 
   00101    0.5675    -834.4667  0.3697 
   00102    0.5250    -823.3618  0.3736 
   00103    0.5625    -817.9991  0.3534 
   00104    0.5400    -828.4833  0.3684 
   00105    0.5450    -792.4502  0.3403 
   00106    0.5625    -780.2970  0.3286 
   00107    0.4925    -768.2650  0.3345 
   00108    0.5375    -769.6955  0.3263 
   00109    0.5100    -790.6120  0.3522 
   00110    0.5575    -810.3283  0.3666 
   00111    0.5150    -818.5514  0.3534 
   00112    0.5775    -832.5980  0.3649 
   00113    0.5025    -837.0089  0.3557 
   00114    0.5625    -825.0859  0.3642 
   00115    0.5875    -842.7130  0.3431 
   00116    0.5475    -836.7332  0.3305 
   00117    0.5125    -814.1629  0.3171 
   00118    0.5425    -785.2763  0.3401 
   00119    0.5100    -776.4909  0.3375 
   00120    0.5350    -766.1734  0.3390 
   00121    0.5025    -796.0921  0.3679 
   00122    0.5150    -788.1916  0.3669 
   00123    0.5300    -755.1026  0.3804 
   00124    0.5950    -749.1057  0.3984 
   00125    0.5325    -738.6758  0.4041 
   00126    0.5975    -767.0709  0.4017 
   00127    0.5825    -772.8487  0.4082 
   00128    0.5625    -778.7913  0.4109 
   00129    0.5475    -804.7269  0.3970 
   00130    0.5200    -821.9675  0.4080 
   00131    0.5350    -853.8128  0.4314 
   00132    0.5825    -842.0792  0.4355 
   00133    0.5575    -828.5942  0.4369 
   00134    0.5100    -831.3020  0.4614 
   00135    0.5075    -858.9004  0.4615 
   00136    0.5450    -866.6658  0.4548 
   00137    0.5325    -879.8345  0.4612 
   00138    0.5250    -875.3501  0.4537 
   00139    0.5250    -885.0162  0.4539 
   00140    0.5100    -891.2599  0.4735 
   00141    0.4875    -875.8056  0.4729 
   00142    0.5725    -878.8761  0.4589 
   00143    0.5525    -850.4723  0.4576 
   00144    0.5250    -829.3284  0.4290 
   00145    0.5450    -811.7495  0.4156 
   00146    0.5425    -824.6452  0.4227 
   00147    0.5575    -834.8937  0.4333 
   00148    0.5575    -836.3355  0.4319 
   00149    0.5425    -856.7850  0.4599 
   00150    0.5500    -847.8549  0.4494 
   00151    0.5100    -867.4145  0.4420 
   00152    0.5400    -856.1582  0.4268 
   00153    0.5450    -877.7922  0.4241 
   00154    0.5750    -876.5177  0.4286 
   00155    0.5475    -865.0372  0.4335 
   00156    0.5100    -892.4680  0.4393 
   00157    0.5250    -873.9125  0.4413 
   00158    0.5575    -843.6450  0.4225 
   00159    0.5450    -826.9146  0.4197 
   00160    0.5400    -851.3288  0.4280 
   00161    0.5275    -863.3739  0.4304 
   00162    0.5850    -866.0027  0.4215 
   00163    0.5300    -887.4349  0.4272 
   00164    0.5625    -885.7588  0.4204 
   00165    0.5325    -870.3884  0.3986 
   00166    0.6050    -866.9216  0.3845 
   00167    0.5175    -859.4806  0.4046 
   00168    0.5475    -853.4735  0.4232 
   00169    0.5550    -864.3979  0.4234 
   00170    0.5375    -883.6779  0.4259 
   00171    0.5375    -882.7238  0.4282 
   00172    0.5725    -896.3039  0.4433 
   00173    0.5100    -892.6852  0.4494 
   00174    0.5100    -908.1805  0.4133 
   00175    0.5175    -890.4084  0.4215 
   00176    0.5225    -867.9880  0.4348 
   00177    0.5325    -877.3367  0.4386 
   00178    0.5425    -931.0970  0.4467 
   00179    0.5250    -927.7418  0.4428 
   00180    0.5475    -922.1360  0.4412 
   00181    0.5300    -918.9838  0.4554 
   00182    0.4950    -904.8727  0.4505 
   00183    0.5625    -906.0041  0.4496 
   00184    0.5375    -908.4554  0.4583 
   00185    0.4925    -909.4337  0.4779 
   00186    0.5125    -905.1099  0.4813 
   00187    0.5325    -889.5291  0.4853 
   00188    0.5400    -861.7363  0.4594 
   00189    0.5025    -877.0336  0.4514 
   00190    0.4925    -897.9138  0.4440 
   00191    0.5450    -917.0692  0.4271 
   00192    0.5125    -944.5580  0.4171 
   00193    0.4925    -934.3625  0.4116 
   00194    0.5325    -919.5148  0.4155 
   00195    0.5175    -915.2361  0.4247 
   00196    0.4975    -912.6929  0.4282 
   00197    0.5450    -909.4008  0.4366 
   00198    0.6050    -871.8148  0.4486 
   00199    0.5425    -882.9011  0.4501 
   00200    0.5075    -891.2296  0.4517 
   00201    0.5150    -898.7304  0.4650 
   00202    0.5375    -930.7906  0.4617 
   00203    0.5200    -902.8264  0.4591 
   00204    0.4825    -907.5849  0.4600 
   00205    0.5475    -905.7888  0.4564 
   00206    0.5075    -902.1235  0.4711 
   00207    0.4775    -892.6060  0.4739 
   00208    0.5825    -916.1543  0.5015 
   00209    0.5500    -893.0407  0.4591 
   00210    0.5350    -883.3056  0.4494 
   00211    0.5350    -886.5828  0.4431 
   00212    0.5375    -892.3514  0.4478 
   00213    0.5450    -919.1834  0.4308 
   00214    0.5325    -919.7140  0.4248 
   00215    0.5025    -913.3980  0.4391 
   00216    0.5525    -906.8828  0.4314 
   00217    0.5175    -902.1106  0.4265 
   00218    0.5350    -901.3746  0.4376 
   00219    0.5150    -880.4325  0.4342 
   00220    0.5600    -862.4806  0.4178 
   00221    0.5300    -887.5089  0.4157 
   00222    0.5075    -874.4812  0.3921 
   00223    0.5225    -862.7713  0.3933 
   00224    0.5075    -868.1422  0.3826 
   00225    0.5425    -880.2913  0.3995 
   00226    0.5275    -852.9641  0.4064 
   00227    0.5325    -843.5202  0.3998 
   00228    0.5650    -871.7811  0.4101 
   00229    0.4975    -895.6663  0.4295 
   00230    0.5500    -894.6968  0.4294 
   00231    0.5075    -895.6520  0.4309 
   00232    0.5275    -912.6331  0.4552 
   00233    0.4850    -890.0876  0.4568 
   00234    0.4925    -899.6199  0.4435 
   00235    0.5450    -905.5200  0.4647 
   00236    0.5125    -906.7989  0.4583 
   00237    0.5100    -938.8943  0.4913 
   00238    0.5450    -941.3206  0.4873 
   00239    0.5275    -924.8688  0.4758 
   00240    0.5675    -895.3395  0.4568 
   00241    0.5525    -893.1723  0.4589 
   00242    0.5075    -930.5763  0.4536 
   00243    0.5525    -945.8967  0.4773 
   00244    0.5225    -947.1988  0.4865 
   00245    0.5375    -959.6511  0.4746 
   00246    0.5475    -963.2584  0.4872 
   00247    0.5075    -933.5135  0.4804 
   00248    0.5200    -922.7528  0.4629 
   00249    0.5250    -930.0038  0.4650 
   00250    0.5225    -920.7779  0.4791 
   00251    0.5325    -911.6682  0.4680 
   00252    0.5325    -889.9306  0.4356 
   00253    0.5475    -900.1753  0.4547 
   00254    0.5750    -892.1584  0.4427 
   00255    0.5650    -898.0548  0.4543 
   00256    0.5575    -894.9165  0.4447 
   00257    0.5425    -905.7393  0.4602 
   00258    0.5150    -902.6338  0.4573 
   00259    0.5025    -897.0500  0.4582 
   00260    0.5525    -895.8971  0.4492 
   00261    0.5275    -883.6556  0.4525 
   00262    0.5650    -892.1399  0.4267 
   00263    0.5575    -904.1123  0.4277 
   00264    0.5525    -900.2465  0.4158 
   00265    0.5500    -899.1662  0.3971 
   00266    0.4850    -879.0122  0.3820 
   00267    0.5600    -866.1828  0.3708 
   00268    0.5450    -859.5365  0.3853 
   00269    0.5475    -855.5803  0.3755 
   00270    0.5550    -866.9158  0.3738 
   00271    0.5250    -891.8508  0.3809 
   00272    0.5200    -880.5715  0.3890 
   00273    0.5225    -877.2141  0.3875 
   00274    0.5375    -894.5678  0.3629 
   00275    0.5025    -885.0490  0.3572 
   00276    0.5425    -875.1967  0.3791 
   00277    0.4775    -845.6302  0.3812 
   00278    0.5400    -834.8031  0.3523 
   00279    0.5800    -841.8735  0.3228 
   00280    0.5150    -816.3533  0.3436 
   00281    0.5300    -824.1989  0.3312 
   00282    0.5275    -801.3860  0.3513 
   00283    0.5275    -794.8598  0.3499 
   00284    0.5650    -791.1047  0.3638 
   00285    0.5225    -813.0383  0.3658 
   00286    0.5275    -812.0007  0.3686 
   00287    0.5475    -784.6569  0.3602 
   00288    0.5100    -787.6915  0.3659 
   00289    0.5000    -829.5427  0.3602 
   00290    0.5725    -832.7548  0.3466 
   00291    0.5725    -844.2648  0.3515 
   00292    0.5225    -846.1940  0.3370 
   00293    0.5675    -855.4291  0.3565 
   00294    0.5450    -864.9670  0.3508 
   00295    0.5400    -835.7529  0.3382 
   00296    0.5150    -863.9363  0.3604 
   00297    0.5175    -860.7014  0.3687 
   00298    0.4575    -858.8509  0.3570 
   00299    0.5400    -812.5495  0.3723 
   00300    0.5575    -821.7671  0.3567 
   00301    0.5500    -844.8303  0.3644 
   00302    0.5325    -840.4540  0.3826 
   00303    0.5450    -840.1795  0.3725 
   00304    0.5525    -827.2940  0.3462 
   00305    0.5575    -836.1935  0.3542 
   00306    0.5575    -864.3854  0.3532 
   00307    0.5325    -861.8872  0.3484 
   00308    0.5225    -858.5857  0.3436 
   00309    0.5475    -898.0910  0.3607 
   00310    0.5350    -900.9479  0.3603 
   00311    0.5450    -880.5235  0.3630 
   00312    0.5325    -866.2154  0.3845 
   00313    0.5350    -883.0179  0.3851 
   00314    0.5375    -836.4603  0.3740 
   00315    0.5275    -812.2212  0.3830 
   00316    0.5600    -811.1797  0.3904 
   00317    0.5275    -828.9873  0.3858 
   00318    0.5700    -845.5391  0.3978 
   00319    0.5425    -838.3440  0.4063 
   00320    0.5900    -828.1151  0.3766 
   00321    0.5475    -860.8279  0.4022 
   00322    0.5225    -832.3807  0.3938 
   00323    0.6200    -840.2420  0.3655 
   00324    0.5300    -842.4800  0.3635 
   00325    0.5400    -861.3360  0.3752 
   00326    0.5600    -866.5229  0.3746 
   00327    0.5300    -870.2548  0.3738 
   00328    0.5500    -869.9595  0.3851 
   00329    0.5875    -888.7436  0.3900 
   00330    0.5150    -873.8434  0.3816 
   00331    0.4900    -894.7916  0.3913 
   00332    0.5800    -881.0780  0.3801 
   00333    0.5675    -879.2282  0.3721 
   00334    0.5300    -866.5526  0.3667 
   00335    0.5900    -828.2008  0.3698 
   00336    0.5550    -854.6791  0.3854 
   00337    0.5475    -847.2764  0.3728 
   00338    0.5725    -873.4130  0.3805 
   00339    0.5175    -892.2694  0.3800 
   00340    0.5700    -861.6603  0.3924 
   00341    0.5125    -895.6830  0.4086 
   00342    0.4925    -900.2024  0.4235 
   00343    0.5325    -880.4036  0.4248 
   00344    0.5525    -904.9485  0.4298 
   00345    0.5500    -869.0612  0.4122 
   00346    0.5100    -872.9647  0.4189 
   00347    0.5200    -870.2407  0.4150 
   00348    0.5050    -866.7279  0.4169 
   00349    0.5725    -869.1917  0.4176 
   00350    0.5725    -854.5059  0.4168 
   00351    0.5375    -849.5549  0.4068 
   00352    0.5425    -858.7107  0.3876 
   00353    0.5100    -857.8191  0.3673 
   00354    0.5300    -841.9148  0.3787 
   00355    0.5375    -827.5474  0.4030 
   00356    0.5550    -843.8105  0.4094 
   00357    0.5600    -871.2547  0.4017 
   00358    0.5825    -854.7212  0.3917 
   00359    0.5100    -856.4064  0.3987 
   00360    0.5125    -872.8218  0.4263 
   00361    0.4950    -871.5738  0.4254 
   00362    0.5175    -858.8519  0.4227 
   00363    0.5550    -899.5028  0.4435 
   00364    0.4750    -889.2492  0.4522 
   00365    0.4800    -867.0000  0.4399 
   00366    0.5400    -872.4516  0.4501 
   00367    0.5100    -886.5306  0.4380 
   00368    0.5175    -857.7647  0.4263 
   00369    0.5200    -838.2581  0.4219 
   00370    0.4950    -851.7158  0.4212 
   00371    0.5425    -826.8194  0.4128 
   00372    0.4775    -855.1415  0.4198 
   00373    0.5125    -882.0784  0.4402 
   00374    0.5100    -874.5431  0.4313 
   00375    0.5525    -891.3611  0.4124 
   00376    0.5500    -889.1982  0.4421 
   00377    0.5625    -896.1245  0.4461 
   00378    0.5350    -875.1825  0.4633 
   00379    0.5675    -859.5156  0.4675 
   00380    0.5250    -853.2802  0.4689 
   00381    0.6275    -856.0045  0.4493 
   00382    0.5550    -864.0674  0.4582 
   00383    0.5525    -882.1123  0.4654 
   00384    0.5300    -900.8616  0.4640 
   00385    0.5300    -905.4568  0.4719 
   00386    0.5725    -884.4972  0.4675 
   00387    0.5725    -878.6931  0.4665 
   00388    0.5600    -855.0258  0.4715 
   00389    0.5000    -866.8995  0.4758 
   00390    0.5350    -875.1339  0.4518 
   00391    0.5500    -883.2384  0.4506 
   00392    0.5525    -886.4459  0.4517 
   00393    0.5500    -880.8693  0.4413 
   00394    0.5225    -854.5840  0.4402 
   00395    0.4950    -869.2909  0.4481 
   00396    0.5300    -855.2547  0.4532 
   00397    0.5075    -852.0870  0.4656 
   00398    0.5100    -835.4289  0.4679 
   00399    0.5175    -832.6925  0.4695 
   00400    0.5550    -846.1114  0.4811 
   00401    0.5350    -830.7520  0.4633 
   00402    0.5425    -866.2520  0.4751 
   00403    0.5550    -862.2503  0.4892 
   00404    0.5200    -851.6047  0.5020 
   00405    0.5125    -852.5116  0.4943 
   00406    0.4675    -875.5226  0.5063 
   00407    0.5600    -845.0825  0.4922 
   00408    0.5250    -844.2748  0.4838 
   00409    0.5675    -832.3017  0.4942 
   00410    0.5825    -843.4764  0.4870 
   00411    0.5250    -853.9832  0.4947 
   00412    0.5350    -848.3562  0.4855 
   00413    0.5100    -864.6289  0.5005 
   00414    0.5350    -885.0902  0.5016 
   00415    0.4925    -862.1941  0.4785 
   00416    0.5600    -837.6302  0.4924 
   00417    0.5650    -859.4599  0.4711 
   00418    0.4975    -862.8737  0.4568 
   00419    0.5350    -871.1651  0.4736 
   00420    0.5150    -876.7978  0.4568 
   00421    0.5325    -850.6942  0.4294 
   00422    0.4950    -834.1643  0.4128 
   00423    0.5200    -828.3413  0.4020 
   00424    0.5600    -865.8303  0.3997 
   00425    0.5500    -860.4567  0.3871 
   00426    0.5350    -845.6144  0.3742 
   00427    0.5175    -862.8665  0.3858 
   00428    0.4875    -877.6655  0.3928 
   00429    0.5150    -857.4352  0.4134 
   00430    0.4500    -859.8108  0.4084 
   00431    0.5625    -895.0392  0.3962 
   00432    0.5000    -905.3605  0.4058 
   00433    0.5075    -920.6588  0.4087 
   00434    0.4700    -917.9439  0.4102 
   00435    0.5025    -907.3397  0.4131 
   00436    0.5450    -908.7425  0.4169 
   00437    0.5075    -892.1614  0.4040 
   00438    0.5200    -897.0860  0.4125 
   00439    0.5425    -867.0368  0.4089 
   00440    0.5150    -877.6061  0.4252 
   00441    0.5525    -861.5387  0.4407 
   00442    0.4975    -863.2346  0.4395 
   00443    0.5500    -877.4333  0.4397 
   00444    0.5250    -864.3516  0.4512 
   00445    0.5500    -860.1836  0.4703 
   00446    0.5150    -872.3009  0.4601 
   00447    0.5100    -870.2475  0.4664 
   00448    0.5275    -867.8300  0.4771 
   00449    0.5225    -858.5763  0.4856 
   00450    0.5275    -867.6905  0.4916 
   00451    0.5250    -869.6355  0.4869 
   00452    0.5050    -846.7043  0.4820 
   00453    0.5550    -847.8397  0.4823 
   00454    0.5300    -867.4711  0.4775 
   00455    0.5400    -869.3715  0.4757 
   00456    0.5150    -863.6866  0.4761 
   00457    0.5000    -843.4937  0.4816 
   00458    0.5575    -864.3628  0.4809 
   00459    0.5275    -861.6768  0.5038 
   00460    0.5300    -866.2444  0.4936 
   00461    0.5550    -863.5863  0.4881 
   00462    0.5650    -874.2704  0.4920 
   00463    0.5425    -864.3602  0.4761 
   00464    0.5100    -866.0450  0.4915 
   00465    0.5800    -864.3073  0.4740 
   00466    0.5500    -863.0185  0.4701 
   00467    0.5750    -850.1094  0.4761 
   00468    0.5375    -832.8449  0.4759 
   00469    0.5325    -832.4109  0.4901 
   00470    0.5700    -841.8891  0.4811 
   00471    0.5000    -837.4066  0.4766 
   00472    0.5475    -870.5861  0.4625 
   00473    0.4925    -851.5112  0.4462 
   00474    0.5275    -843.0704  0.4398 
   00475    0.5450    -825.6100  0.4167 
   00476    0.5950    -840.6090  0.4180 
   00477    0.5550    -854.9795  0.4057 
   00478    0.5525    -827.0647  0.3882 
   00479    0.5125    -836.6549  0.3998 
   00480    0.5650    -834.4942  0.4093 
   00481    0.5175    -833.3505  0.3920 
   00482    0.5325    -827.1986  0.4012 
   00483    0.5875    -852.3117  0.4156 
   00484    0.5325    -879.3465  0.3983 
   00485    0.5225    -886.2902  0.3898 
   00486    0.5225    -897.2960  0.3940 
   00487    0.5300    -890.0507  0.3835 
   00488    0.5125    -875.6329  0.3838 
   00489    0.5200    -869.7112  0.3861 
   00490    0.5225    -861.0915  0.3657 
   00491    0.5300    -854.7699  0.3585 
   00492    0.5525    -839.9632  0.3716 
   00493    0.5850    -838.4126  0.3792 
   00494    0.5425    -839.4816  0.3681 
   00495    0.5650    -828.8676  0.3638 
   00496    0.5525    -829.2088  0.3686 
   00497    0.5150    -824.2642  0.3541 
   00498    0.5675    -847.7450  0.3598 
   00499    0.5075    -857.6996  0.3714 
   00500    0.5500    -887.8219  0.3721 
   00501    0.5750    -859.9961  0.3745 
   00502    0.5750    -857.1959  0.3823 
   00503    0.5850    -859.3779  0.3822 
   00504    0.5575    -856.4389  0.3924 
   00505    0.5400    -844.2548  0.4081 
   00506    0.5850    -824.3460  0.3959 
   00507    0.5625    -794.8412  0.3909 
   00508    0.5025    -789.8793  0.4043 
   00509    0.5725    -814.3050  0.4209 
   00510    0.5500    -800.5516  0.4137 
   00511    0.5450    -800.2084  0.4265 
   00512    0.6075    -784.1365  0.4068 
   00513    0.5475    -785.1757  0.3971 
   00514    0.5450    -785.6596  0.3862 
   00515    0.5525    -751.0973  0.3892 
   00516    0.5300    -758.2983  0.4101 
   00517    0.5375    -755.7230  0.4105 
   00518    0.5125    -803.0748  0.4319 
   00519    0.5075    -805.3112  0.4274 
   00520    0.5600    -813.3976  0.4335 
   00521    0.5150    -796.7123  0.4241 
   00522    0.4925    -814.0810  0.4198 
   00523    0.5025    -823.3960  0.3976 
   00524    0.5550    -817.0560  0.3980 
   00525    0.5250    -829.3563  0.3843 
   00526    0.5125    -829.4728  0.3800 
   00527    0.5450    -830.8089  0.3607 
   00528    0.5875    -827.2229  0.3511 
   00529    0.5250    -831.2017  0.3649 
   00530    0.5525    -845.8236  0.3559 
   00531    0.5125    -838.5809  0.3694 
   00532    0.5200    -832.3713  0.3524 
   00533    0.5550    -843.8206  0.3423 
   00534    0.5250    -812.9515  0.3571 
   00535    0.5600    -812.3036  0.3509 
   00536    0.5475    -794.5719  0.3489 
   00537    0.5400    -781.8123  0.3250 
   00538    0.5125    -773.0198  0.3150 
   00539    0.5125    -796.5254  0.3070 
   00540    0.5300    -796.0466  0.3320 
   00541    0.5500    -803.6394  0.3481 
   00542    0.5575    -817.4331  0.3245 
   00543    0.4750    -841.4097  0.3474 
   00544    0.5450    -827.2686  0.3271 
   00545    0.5425    -802.3797  0.3338 
   00546    0.5575    -812.5178  0.3112 
   00547    0.5100    -802.6356  0.3057 
   00548    0.5250    -768.4229  0.3090 
   00549    0.5250    -789.2399  0.3208 
   00550    0.5825    -806.4857  0.3271 
   00551    0.5450    -805.9104  0.3410 
   00552    0.5350    -805.3882  0.3299 
   00553    0.5475    -803.7706  0.3416 
   00554    0.5825    -809.8615  0.3352 
   00555    0.5600    -813.6825  0.3447 
   00556    0.6300    -815.9575  0.3347 
   00557    0.5125    -806.8539  0.3440 
   00558    0.5525    -837.7766  0.3317 
   00559    0.5625    -846.2998  0.3486 
   00560    0.5675    -844.4106  0.3445 
   00561    0.5300    -872.4983  0.3668 
   00562    0.5200    -866.2338  0.3685 
   00563    0.5675    -888.6218  0.3621 
   00564    0.5250    -885.1199  0.3602 
   00565    0.5075    -890.6549  0.3659 
   00566    0.5000    -904.9083  0.3736 
   00567    0.5425    -908.2097  0.3864 
   00568    0.5400    -906.6045  0.3826 
   00569    0.5250    -889.8920  0.3977 
   00570    0.5025    -891.3108  0.3955 
   00571    0.5500    -893.0870  0.3785 
   00572    0.5575    -914.9435  0.3855 
   00573    0.5075    -923.7480  0.3992 
   00574    0.5300    -924.5667  0.4112 
   00575    0.5350    -935.5719  0.3978 
   00576    0.5250    -917.1491  0.3932 
   00577    0.5100    -906.9982  0.3995 
   00578    0.5450    -886.3927  0.4108 
   00579    0.4925    -884.5409  0.4049 
   00580    0.5325    -900.8181  0.4284 
   00581    0.5825    -884.3655  0.4292 
   00582    0.5675    -911.4944  0.4396 
   00583    0.5025    -899.6034  0.4474 
   00584    0.5750    -873.5896  0.4475 
   00585    0.4950    -871.8646  0.4487 
   00586    0.5350    -856.3374  0.4416 
   00587    0.5300    -870.5186  0.4646 
   00588    0.5575    -886.5552  0.4704 
   00589    0.5325    -900.0178  0.4617 
   00590    0.5600    -893.1273  0.4453 
   00591    0.5350    -912.0516  0.4448 
   00592    0.4900    -884.5569  0.4387 
   00593    0.5225    -896.1248  0.4317 
   00594    0.5400    -895.1672  0.4120 
   00595    0.5600    -892.9904  0.4194 
   00596    0.5275    -880.1172  0.4109 
   00597    0.5325    -883.6307  0.4147 
   00598    0.5625    -897.2469  0.4133 
   00599    0.5225    -893.3206  0.4138 
   00600    0.5225    -880.5734  0.4104 
   00601    0.5150    -913.6972  0.4089 
   00602    0.5075    -914.2219  0.4129 
   00603    0.5500    -923.3822  0.4097 
   00604    0.5575    -911.5953  0.4297 
   00605    0.5600    -915.9823  0.4132 
   00606    0.5600    -899.7961  0.4206 
   00607    0.6000    -891.2824  0.4252 
   00608    0.5600    -878.7229  0.4028 
   00609    0.5325    -888.5368  0.4017 
   00610    0.5650    -894.6669  0.3906 
   00611    0.5475    -910.4304  0.4146 
   00612    0.5500    -924.9518  0.4234 
   00613    0.5275    -910.9728  0.3980 
   00614    0.5625    -905.9621  0.3987 
   00615    0.5400    -887.3797  0.3969 
   00616    0.5400    -888.9576  0.4186 
   00617    0.5675    -869.9434  0.3845 
   00618    0.5450    -861.2175  0.3981 
   00619    0.5325    -860.5823  0.4033 
   00620    0.5425    -874.3176  0.4061 
   00621    0.5450    -914.0135  0.4242 
   00622    0.5200    -929.7528  0.4284 
   00623    0.5375    -920.1613  0.4255 
   00624    0.5750    -906.7029  0.4338 
   00625    0.5325    -886.5065  0.4502 
   00626    0.5125    -866.1865  0.4439 
   00627    0.5750    -837.3348  0.4401 
   00628    0.5475    -824.1595  0.4478 
   00629    0.4975    -852.3163  0.4314 
   00630    0.5450    -873.0859  0.4313 
   00631    0.5050    -892.3898  0.4217 
   00632    0.5250    -868.7156  0.4003 
   00633    0.5400    -858.6759  0.3866 
   00634    0.5575    -883.2776  0.3850 
   00635    0.5775    -871.4877  0.3817 
   00636    0.5175    -856.3817  0.3805 
   00637    0.5325    -852.9278  0.3800 
   00638    0.5600    -851.0163  0.3794 
   00639    0.5350    -847.3324  0.3649 
   00640    0.5625    -874.8665  0.3699 
   00641    0.5600    -885.4070  0.3762 
   00642    0.5775    -863.3758  0.3916 
   00643    0.5675    -862.9808  0.3990 
   00644    0.5775    -857.2467  0.4005 
   00645    0.5175    -866.7579  0.4103 
   00646    0.5325    -862.5095  0.3966 
   00647    0.5350    -874.3760  0.4142 
   00648    0.5800    -872.6265  0.4055 
   00649    0.5150    -899.3490  0.3869 
   00650    0.5175    -878.1099  0.3969 
   00651    0.5725    -894.2248  0.4134 
   00652    0.5050    -876.8664  0.4070 
   00653    0.5175    -880.5225  0.4129 
   00654    0.4975    -887.5206  0.4302 
   00655    0.5200    -891.5133  0.4449 
   00656    0.5500    -875.5654  0.4193 
   00657    0.5250    -879.9464  0.4250 
   00658    0.5550    -891.6259  0.4078 
   00659    0.5525    -885.3727  0.3963 
   00660    0.5450    -862.7091  0.3929 
   00661    0.5525    -878.7960  0.4012 
   00662    0.5725    -879.8723  0.3995 
   00663    0.5425    -846.0348  0.3874 
   00664    0.5525    -849.5940  0.3972 
   00665    0.5350    -846.8606  0.3952 
   00666    0.5425    -865.9722  0.3936 
   00667    0.5525    -859.8056  0.3955 
   00668    0.5375    -865.5079  0.3783 
   00669    0.4975    -859.0329  0.3672 
   00670    0.5350    -860.0447  0.3659 
   00671    0.5075    -895.8375  0.3865 
   00672    0.5275    -885.9350  0.3764 
   00673    0.5050    -888.6420  0.3821 
   00674    0.5675    -870.8521  0.3753 
   00675    0.5625    -839.3469  0.3765 
   00676    0.5350    -862.1895  0.3859 
   00677    0.5650    -884.5274  0.4300 
   00678    0.5425    -913.9052  0.4269 
   00679    0.5200    -944.8223  0.4237 
   00680    0.5500    -966.3818  0.4359 
   00681    0.5025    -949.0393  0.4234 
   00682    0.5275    -937.2910  0.4038 
   00683    0.5600    -936.8910  0.4110 
   00684    0.5375    -930.9234  0.4052 
   00685    0.5225    -934.8276  0.3901 
   00686    0.5350    -907.7692  0.3837 
   00687    0.5475    -935.4904  0.3791 
   00688    0.5325    -938.2124  0.3812 
   00689    0.5650    -934.5094  0.3680 
   00690    0.4825    -920.3610  0.3594 
   00691    0.5275    -887.5881  0.3764 
   00692    0.5250    -873.1878  0.3575 
   00693    0.5450    -869.1892  0.3630 
   00694    0.4900    -858.5745  0.3830 
   00695    0.4575    -843.7550  0.3687 
   00696    0.5200    -850.2516  0.3844 
   00697    0.5500    -857.3555  0.3910 
   00698    0.5525    -847.6426  0.3808 
   00699    0.5675    -834.9882  0.3697 
   00700    0.5575    -841.7969  0.3611 
   00701    0.4925    -848.3646  0.3727 
   00702    0.5250    -850.8903  0.3786 
   00703    0.5700    -891.4983  0.3927 
   00704    0.5525    -879.7643  0.3865 
   00705    0.5350    -886.0356  0.3936 
   00706    0.5625    -872.5344  0.3917 
   00707    0.5400    -870.8413  0.3794 
   00708    0.5275    -885.2730  0.3773 
   00709    0.5225    -873.4111  0.3828 
   00710    0.4825    -892.1559  0.3988 
   00711    0.5300    -885.3589  0.3906 
   00712    0.5400    -902.9018  0.3945 
   00713    0.4925    -911.9614  0.4039 
   00714    0.5000    -899.3379  0.3832 
   00715    0.5100    -931.3084  0.3673 
   00716    0.5400    -901.5097  0.3579 
   00717    0.4900    -910.5491  0.3660 
   00718    0.5100    -914.1164  0.3559 
   00719    0.5325    -890.8708  0.3664 
   00720    0.5150    -906.4491  0.3844 
   00721    0.5300    -932.4783  0.4051 
   00722    0.5075    -932.8883  0.3868 
   00723    0.5200    -953.5415  0.3850 
   00724    0.5100    -946.7829  0.3665 
   00725    0.5475    -924.0219  0.3783 
   00726    0.5500    -937.3142  0.3788 
   00727    0.5725    -933.1210  0.3676 
   00728    0.5225    -911.5166  0.3430 
   00729    0.5750    -912.1892  0.3378 
   00730    0.5475    -915.7103  0.3396 
   00731    0.5400    -898.6842  0.3594 
   00732    0.5700    -865.6883  0.3638 
   00733    0.5300    -853.3946  0.3429 
   00734    0.5050    -853.5877  0.3358 
   00735    0.5425    -865.6109  0.3339 
   00736    0.5675    -864.3807  0.3332 
   00737    0.4975    -845.4036  0.3429 
   00738    0.5275    -858.4676  0.3476 
   00739    0.5175    -846.2257  0.3366 
   00740    0.5600    -870.6520  0.3458 
   00741    0.5350    -886.1062  0.3513 
   00742    0.5900    -896.7709  0.3514 
   00743    0.5375    -888.2245  0.3530 
   00744    0.5225    -901.2121  0.3586 
   00745    0.5475    -896.6946  0.3585 
   00746    0.5350    -907.2889  0.3613 
   00747    0.5325    -896.6333  0.3597 
   00748    0.4850    -894.7523  0.3661 
   00749    0.5425    -879.1600  0.3578 
   00750    0.5725    -883.5060  0.3609 
   00751    0.4975    -869.1071  0.3553 
   00752    0.5625    -868.1080  0.3929 
   00753    0.5425    -846.1280  0.3808 
   00754    0.5725    -850.8839  0.3724 
   00755    0.4825    -856.8599  0.3497 
   00756    0.5525    -832.9713  0.3382 
   00757    0.5625    -815.4660  0.3388 
   00758    0.5250    -799.3030  0.3315 
   00759    0.5425    -789.5199  0.3375 
   00760    0.6125    -803.5768  0.3162 
   00761    0.5650    -796.4108  0.3354 
   00762    0.5600    -807.6368  0.3456 
   00763    0.5300    -808.2203  0.3610 
   00764    0.5625    -824.7329  0.3907 
   00765    0.5375    -821.0837  0.3928 
   00766    0.5325    -828.2491  0.4014 
   00767    0.5250    -831.7589  0.4033 
   00768    0.5350    -851.5243  0.4189 
   00769    0.5350    -847.8069  0.4163 
   00770    0.5475    -835.2499  0.4260 
   00771    0.5475    -868.3324  0.4193 
   00772    0.5625    -868.3324  0.4093 
   00773    0.5525    -868.2305  0.4075 
   00774    0.5800    -848.2764  0.4014 
   00775    0.5300    -856.7283  0.3923 
   00776    0.5600    -860.5772  0.3988 
   00777    0.5125    -839.0375  0.3912 
   00778    0.5450    -868.1870  0.4235 
   00779    0.5350    -884.2048  0.4151 
   00780    0.5125    -877.7351  0.4285 
   00781    0.5225    -887.2671  0.4338 
   00782    0.5175    -902.1136  0.4316 
   00783    0.5350    -874.8137  0.4226 
   00784    0.5175    -887.2997  0.4100 
   00785    0.5425    -885.7765  0.4101 
   00786    0.5375    -883.1785  0.4148 
   00787    0.5325    -908.2841  0.4060 
   00788    0.5325    -899.0350  0.3973 
   00789    0.5250    -896.3773  0.4028 
   00790    0.5650    -916.0377  0.4321 
   00791    0.5475    -927.7168  0.4200 
   00792    0.5225    -942.8401  0.4257 
   00793    0.5250    -939.7639  0.4109 
   00794    0.5150    -917.5460  0.4157 
   00795    0.5225    -904.7437  0.4070 
   00796    0.4850    -893.2938  0.3960 
   00797    0.4925    -915.2448  0.4074 
   00798    0.6025    -889.3212  0.3954 
   00799    0.5550    -871.8206  0.3934 
   00800    0.5575    -882.2988  0.3956 
   00801    0.5600    -876.4531  0.3758 
   00802    0.5100    -907.2837  0.3774 
   00803    0.5550    -892.2196  0.3746 
   00804    0.5325    -860.1908  0.3637 
   00805    0.5675    -873.7734  0.3749 
   00806    0.4950    -890.2575  0.3896 
   00807    0.5500    -902.3473  0.4005 
   00808    0.5375    -881.8252  0.3973 
   00809    0.5425    -901.2695  0.3686 
   00810    0.4900    -882.3432  0.3599 
   00811    0.5250    -905.6485  0.3528 
   00812    0.5375    -903.0969  0.3623 
   00813    0.5550    -897.4214  0.3688 
   00814    0.5175    -897.2359  0.3564 
   00815    0.5450    -919.1529  0.3784 
   00816    0.5125    -925.6436  0.3825 
   00817    0.5300    -932.8922  0.3769 
   00818    0.5075    -940.6892  0.3847 
   00819    0.5250    -942.5197  0.3919 
   00820    0.5300    -937.5815  0.3878 
   00821    0.5550    -903.5570  0.3770 
   00822    0.5350    -894.4904  0.3736 
   00823    0.5800    -857.0081  0.3882 
   00824    0.5575    -827.2994  0.3870 
   00825    0.5650    -836.6525  0.3892 
   00826    0.5825    -862.1239  0.3848 
   00827    0.5125    -866.3721  0.3858 
   00828    0.5200    -876.1149  0.4001 
   00829    0.5700    -863.8991  0.4117 
   00830    0.5675    -854.4888  0.4067 
   00831    0.5175    -864.7848  0.3961 
   00832    0.5350    -848.1000  0.3906 
   00833    0.5375    -843.3933  0.4020 
   00834    0.5100    -855.3569  0.3923 
   00835    0.5325    -869.5389  0.3999 
   00836    0.5400    -860.2392  0.4077 
   00837    0.5675    -870.6544  0.4147 
   00838    0.5500    -876.4200  0.4078 
   00839    0.4975    -867.5183  0.3911 
   00840    0.5125    -846.4935  0.3713 
   00841    0.5450    -830.6340  0.3828 
   00842    0.5375    -842.3636  0.3740 
   00843    0.5375    -862.3429  0.3777 
   00844    0.5700    -873.5017  0.3738 
   00845    0.5100    -852.4823  0.3679 
   00846    0.5400    -879.7016  0.3852 
   00847    0.5375    -871.5807  0.3950 
   00848    0.4825    -877.3334  0.4006 
   00849    0.4825    -878.3079  0.4097 
   00850    0.4675    -902.1924  0.4170 
   00851    0.5200    -917.7901  0.4109 
   00852    0.5250    -897.6826  0.4025 
   00853    0.5225    -902.9837  0.3966 
   00854    0.4925    -884.1258  0.3907 
   00855    0.5325    -873.6596  0.4029 
   00856    0.5100    -855.8919  0.3871 
   00857    0.5450    -857.7959  0.3906 
   00858    0.5050    -874.4634  0.3981 
   00859    0.5250    -884.3812  0.3971 
   00860    0.4950    -883.5119  0.4034 
   00861    0.5200    -884.5833  0.3938 
   00862    0.5325    -884.1300  0.4160 
   00863    0.5500    -920.5642  0.4286 
   00864    0.5275    -885.7310  0.4313 
   00865    0.4775    -864.1469  0.4195 
   00866    0.5550    -876.4859  0.4336 
   00867    0.5450    -875.0956  0.4300 
   00868    0.5800    -844.8414  0.4027 
   00869    0.5650    -841.1353  0.4089 
   00870    0.5825    -846.7440  0.4272 
   00871    0.5550    -857.4100  0.4333 
   00872    0.5575    -861.6583  0.4189 
   00873    0.5550    -863.4908  0.4134 
   00874    0.5525    -852.5822  0.3901 
   00875    0.5700    -852.1105  0.4010 
   00876    0.5925    -851.6219  0.4137 
   00877    0.5575    -825.1221  0.3968 
   00878    0.5850    -842.5143  0.4063 
   00879    0.5125    -838.5285  0.4076 
   00880    0.5925    -816.0538  0.3963 
   00881    0.5650    -807.1416  0.4177 
   00882    0.5750    -798.7571  0.4066 
   00883    0.5500    -796.1173  0.4114 
   00884    0.5350    -815.8424  0.4219 
   00885    0.5750    -810.3887  0.4065 
   00886    0.5525    -821.7244  0.4135 
   00887    0.5550    -826.9393  0.4081 
   00888    0.5375    -833.4464  0.4209 
   00889    0.5525    -844.4375  0.4378 
   00890    0.5450    -839.6063  0.4193 
   00891    0.5825    -867.2977  0.4232 
   00892    0.5550    -854.5657  0.4226 
   00893    0.5675    -842.1569  0.3912 
   00894    0.5400    -862.8493  0.3924 
   00895    0.5575    -872.9346  0.3905 
   00896    0.5325    -870.5226  0.3940 
   00897    0.5000    -868.3343  0.3892 
   00898    0.5225    -850.7246  0.3890 
   00899    0.5525    -871.5019  0.3715 
   00900    0.5325    -881.3696  0.3529 
   00901    0.5050    -892.5595  0.3601 
   00902    0.5100    -893.4240  0.3551 
   00903    0.5425    -896.6297  0.3776 
   00904    0.5050    -871.5618  0.3838 
   00905    0.5200    -879.0068  0.3735 
   00906    0.5650    -897.3438  0.3834 
   00907    0.5400    -906.8963  0.3857 
   00908    0.5175    -921.6640  0.3753 
   00909    0.4700    -935.7220  0.4044 
   00910    0.4775    -902.7940  0.4047 
   00911    0.5250    -912.3724  0.3996 
   00912    0.5250    -886.8440  0.3839 
   00913    0.5275    -885.1527  0.3906 
   00914    0.5275    -894.6917  0.3851 
   00915    0.5150    -895.4470  0.4013 
   00916    0.5150    -882.5122  0.3986 
   00917    0.5650    -912.9860  0.3921 
   00918    0.5125    -908.8257  0.3984 
   00919    0.5200    -876.8895  0.3931 
   00920    0.5075    -860.6185  0.3887 
   00921    0.5150    -892.6546  0.3957 
   00922    0.4925    -904.8233  0.3874 
   00923    0.5425    -901.0119  0.3999 
   00924    0.5000    -917.5296  0.4032 
   00925    0.5000    -910.8173  0.3869 
   00926    0.5250    -916.3484  0.3957 
   00927    0.5475    -895.4489  0.3961 
   00928    0.5175    -894.2573  0.4164 
   00929    0.5050    -942.6758  0.4119 
   00930    0.5150    -922.3404  0.4086 
   00931    0.5425    -954.9866  0.4251 
   00932    0.5075    -935.3737  0.4111 
   00933    0.5000    -952.7624  0.4205 
   00934    0.5075    -932.8736  0.4147 
   00935    0.5300    -954.7621  0.4247 
   00936    0.4850    -958.1602  0.4187 
   00937    0.5450    -947.3911  0.4324 
   00938    0.5125    -942.7256  0.4335 
   00939    0.5100    -940.0157  0.4396 
   00940    0.5000    -925.4683  0.4379 
   00941    0.5400    -924.3729  0.4149 
   00942    0.5450    -925.1371  0.4069 
   00943    0.5225    -914.6244  0.4159 
   00944    0.5325    -906.6833  0.4033 
   00945    0.4900    -918.2533  0.4191 
   00946    0.5200    -910.4964  0.4157 
   00947    0.5050    -904.5545  0.4245 
   00948    0.5475    -890.6305  0.4219 
   00949    0.5075    -939.2690  0.4505 
   00950    0.5350    -925.6723  0.4479 
   00951    0.5300    -914.7078  0.4497 
   00952    0.5075    -904.3727  0.4440 
   00953    0.5350    -907.0695  0.4550 
   00954    0.5500    -907.9765  0.4543 
   00955    0.5450    -905.8057  0.4641 
   00956    0.5175    -926.3747  0.4598 
   00957    0.4775    -918.4010  0.4801 
   00958    0.5500    -942.4126  0.4695 
   00959    0.5400    -919.6715  0.4890 
   00960    0.5500    -924.0297  0.4880 
   00961    0.5900    -944.3329  0.4739 
   00962    0.5575    -946.0236  0.4894 
   00963    0.5150    -942.3350  0.4768 
   00964    0.5750    -908.6869  0.4709 
   00965    0.5325    -886.7725  0.4622 
   00966    0.5200    -899.0177  0.4474 
   00967    0.5625    -880.8319  0.4642 
   00968    0.5725    -872.4870  0.4458 
   00969    0.5700    -844.8238  0.4258 
   00970    0.5175    -832.2455  0.4360 
   00971    0.5650    -837.7449  0.4274 
   00972    0.5300    -834.7154  0.4197 
   00973    0.5550    -842.3379  0.4188 
   00974    0.5700    -880.5768  0.4452 
   00975    0.4825    -904.9314  0.4422 
   00976    0.5225    -910.4509  0.4421 
   00977    0.5100    -898.9301  0.4445 
   00978    0.4900    -922.8114  0.4516 
   00979    0.5325    -917.3837  0.4642 
   00980    0.4825    -922.9673  0.4586 
   00981    0.5250    -939.0123  0.4575 
   00982    0.5075    -934.7229  0.4515 
   00983    0.5450    -932.4081  0.4764 
   00984    0.5475    -937.1780  0.4846 
   00985    0.5450    -935.7956  0.4877 
   00986    0.5500    -918.3753  0.4619 
   00987    0.5125    -900.5991  0.4646 
   00988    0.5275    -885.9465  0.4762 
   00989    0.5075    -887.5633  0.4738 
   00990    0.5350    -901.1141  0.4681 
   00991    0.5600    -892.4108  0.4802 
   00992    0.5050    -884.3659  0.4763 
   00993    0.5375    -878.6518  0.4757 
   00994    0.5175    -901.1082  0.4795 
   00995    0.5325    -899.5722  0.4796 
   00996    0.5175    -873.5369  0.4585 
   00997    0.5625    -885.1428  0.4509 
   00998    0.5625    -864.9664  0.4349 
   00999    0.5675    -864.9883  0.4342 
   01000    0.5525    -880.8698  0.4412 
