#=====================================================
# File created:        Wed-05-Nov-2025-at-04-08-05AM
# Size of lattice:     320x320
# Number of MC steps:  100
# Reduced temperature: 0.500
# Run time (s):        37.389928
#=====================================================
# MC step:  Ratio:     Energy:   Order:
#=====================================================
   00000    0.5000 -102092.4881  0.2539 
   00001    0.3889 -111022.3664  0.2561 
   00002    0.3875 -119053.6513  0.2562 
   00003    0.3927 -126680.3900  0.2556 
   00004    0.3920 -133751.7152  0.2559 
   00005    0.3942 -140215.3808  0.2563 
   00006    0.3971 -146444.5635  0.2577 
   00007    0.3975 -152250.9739  0.2573 
   00008    0.3973 -157583.8696  0.2578 
   00009    0.3976 -162430.5689  0.2587 
   00010    0.3990 -167158.7428  0.2592 
   00011    0.3988 -171842.8711  0.2599 
   00012    0.4033 -176291.7353  0.2610 
   00013    0.4012 -180314.8252  0.2608 
   00014    0.4014 -184485.3666  0.2607 
   00015    0.4043 -188276.9986  0.2616 
   00016    0.4049 -191854.9408  0.2619 
   00017    0.4045 -195311.9424  0.2620 
   00018    0.4047 -198275.8030  0.2620 
   00019    0.4074 -201166.7477  0.2628 
   00020    0.4038 -204303.8170  0.2623 
   00021    0.4070 -207083.2363  0.2633 
   00022    0.4106 -209853.9401  0.2641 
   00023    0.4087 -212621.3576  0.2645 
   00024    0.4110 -215191.0227  0.2647 
   00025    0.4078 -217735.8304  0.2648 
   00026    0.4105 -220222.3530  0.2650 
   00027    0.4070 -222372.2416  0.2650 
   00028    0.4092 -224600.5006  0.2644 
   00029    0.4087 -226900.3629  0.2648 
   00030    0.4100 -229091.5648  0.2650 
   00031    0.4096 -231158.7072  0.2647 
   00032    0.4083 -233272.7014  0.2643 
   00033    0.4127 -235268.3534  0.2643 
   00034    0.4119 -236989.7159  0.2648 
   00035    0.4129 -238828.5161  0.2644 
   00036    0.4133 -240721.4414  0.2646 
   00037    0.4128 -242531.0587  0.2649 
   00038    0.4117 -244187.5504  0.2652 
   00039    0.4128 -245984.1395  0.2654 
   00040    0.4147 -247537.2756  0.2653 
   00041    0.4135 -249194.1195  0.2649 
   00042    0.4114 -250662.8510  0.2647 
   00043    0.4126 -252238.3911  0.2652 
   00044    0.4137 -253727.4065  0.2656 
   00045    0.4122 -255345.2319  0.2659 
   00046    0.4137 -256723.1367  0.2657 
   00047    0.4134 -258117.1484  0.2662 
   00048    0.4161 -259339.3574  0.2662 
   00049    0.4138 -260712.9421  0.2663 
   00050    0.4130 -262020.0107  0.2667 
   00051    0.4138 -263130.8122  0.2666 
   00052    0.4121 -264104.9010  0.2667 
   00053    0.4159 -265170.0595  0.2665 
   00054    0.4144 -266362.4479  0.2661 
   00055    0.4144 -267274.8495  0.2662 
   00056    0.4113 -268321.2583  0.2661 
   00057    0.4109 -269282.4385  0.2659 
   00058    0.4130 -270133.6845  0.2659 
   00059    0.4136 -271271.9249  0.2657 
   00060    0.4119 -272237.8463  0.2662 
   00061    0.4125 -273186.2596  0.2659 
   00062    0.4105 -274214.8682  0.2664 
   00063    0.4137 -275189.6041  0.2668 
   00064    0.4138 -276043.7895  0.2668 
   00065    0.4126 -276873.0465  0.2660 
   00066    0.4140 -277863.8431  0.2666 
   00067    0.4123 -278895.5230  0.2667 
   00068    0.4144 -279541.7801  0.2667 
   00069    0.4162 -280432.1360  0.2671 
   00070    0.4123 -281118.5572  0.2670 
   00071    0.4162 -281668.0903  0.2673 
   00072    0.4160 -282578.9249  0.2675 
   00073    0.4137 -283271.6239  0.2672 
   00074    0.4150 -284063.1316  0.2668 
   00075    0.4137 -284778.7293  0.2673 
   00076    0.4125 -285490.8476  0.2679 
   00077    0.4157 -286196.4453  0.2683 
   00078    0.4131 -286917.5843  0.2686 
   00079    0.4116 -287498.6850  0.2683 
   00080    0.4176 -288164.5571  0.2683 
   00081    0.4130 -288721.7447  0.2684 
   00082    0.4137 -289315.9956  0.2681 
   00083    0.4127 -289901.6519  0.2680 
   00084    0.4140 -290352.2589  0.2680 
   00085    0.4117 -291000.7087  0.2689 
   00086    0.4138 -291638.0242  0.2685 
   00087    0.4139 -292373.6101  0.2679 
   00088    0.4152 -293010.3391  0.2682 
   00089    0.4152 -293456.5854  0.2679 
   00090    0.4154 -294024.1817  0.2681 
   00091    0.4147 -294480.7126  0.2681 
   00092    0.4159 -295054.0776  0.2680 
   00093    0.4120 -295620.5810  0.2676 
   00094    0.4146 -296141.5509  0.2674 
   00095    0.4150 -296641.8917  0.2671 
   00096    0.4152 -297139.8197  0.2670 
   00097    0.4144 -297398.2188  0.2676 
   00098    0.4144 -297689.8843  0.2673 
   00099    0.4113 -298161.8443  0.2675 
   00100    0.4141 -298599.3114  0.2675 
