#=====================================================
# File created:        Tue-04-Nov-2025-at-06-46-07AM
# Size of lattice:     20x20
# Number of MC steps:  1000
# Reduced temperature: 0.550
# Run time (s):        0.361728
#=====================================================
# MC step:  Ratio:     Energy:   Order:
#=====================================================
   00000    0.5000    -427.0879  0.2347 
   00001    0.7125    -601.8719  0.2586 
   00002    0.6025    -747.0659  0.2455 
   00003    0.5700    -824.7614  0.2459 
   00004    0.5600    -921.2761  0.2632 
   00005    0.5300    -954.9359  0.2436 
   00006    0.5175    -989.1363  0.2786 
   00007    0.5075   -1037.6629  0.2781 
   00008    0.4775   -1072.4920  0.2806 
   00009    0.4525   -1091.9974  0.2881 
   00010    0.4700   -1098.2958  0.2758 
   00011    0.5000   -1120.5822  0.3017 
   00012    0.4450   -1124.8182  0.2910 
   00013    0.4700   -1137.8956  0.2830 
   00014    0.4625   -1159.6907  0.2854 
   00015    0.4450   -1160.0662  0.2882 
   00016    0.4750   -1164.0840  0.2783 
   00017    0.4575   -1170.4785  0.2958 
   00018    0.4325   -1188.4119  0.2456 
   00019    0.4775   -1194.4776  0.2678 
   00020    0.4700   -1184.4926  0.3021 
   00021    0.4325   -1204.5966  0.2688 
   00022    0.4325   -1179.3151  0.2449 
   00023    0.4825   -1177.0296  0.2985 
   00024    0.4475   -1196.8788  0.2919 
   00025    0.3950   -1202.6342  0.2508 
   00026    0.4325   -1204.6890  0.2684 
   00027    0.4450   -1209.7142  0.2526 
   00028    0.4375   -1212.1692  0.2150 
   00029    0.4100   -1192.4705  0.2342 
   00030    0.4475   -1212.0318  0.2554 
   00031    0.4475   -1240.1509  0.2400 
   00032    0.4150   -1238.7462  0.2377 
   00033    0.4100   -1239.4858  0.2641 
   00034    0.4000   -1208.2516  0.2509 
   00035    0.4200   -1226.3912  0.2467 
   00036    0.4925   -1217.7314  0.2720 
   00037    0.3975   -1226.4453  0.2608 
   00038    0.4525   -1230.9893  0.2657 
   00039    0.4225   -1219.9991  0.2542 
   00040    0.5025   -1228.2597  0.2549 
   00041    0.4425   -1251.1892  0.2635 
   00042    0.4925   -1257.0290  0.2492 
   00043    0.3825   -1263.9466  0.2597 
   00044    0.4300   -1246.4124  0.2556 
   00045    0.4600   -1240.9369  0.2515 
   00046    0.4200   -1243.8056  0.2380 
   00047    0.4300   -1274.4867  0.2350 
   00048    0.3875   -1270.9719  0.2538 
   00049    0.4325   -1252.7460  0.2581 
   00050    0.4025   -1253.6223  0.2626 
   00051    0.4100   -1232.3355  0.2689 
   00052    0.4225   -1213.2620  0.2664 
   00053    0.4050   -1242.0350  0.2558 
   00054    0.4225   -1252.0335  0.2535 
   00055    0.4525   -1247.6387  0.2474 
   00056    0.3925   -1258.2332  0.2703 
   00057    0.4425   -1255.4549  0.2537 
   00058    0.4200   -1259.2621  0.2878 
   00059    0.4450   -1261.0217  0.2723 
   00060    0.4175   -1247.1296  0.2440 
   00061    0.4300   -1252.4947  0.2718 
   00062    0.3950   -1239.8313  0.2546 
   00063    0.4025   -1244.0396  0.2545 
   00064    0.4350   -1219.9006  0.2608 
   00065    0.4350   -1239.3074  0.2743 
   00066    0.3850   -1236.3429  0.2846 
   00067    0.4225   -1232.1422  0.2630 
   00068    0.4725   -1236.7387  0.2635 
   00069    0.4500   -1238.4288  0.2546 
   00070    0.3950   -1239.3184  0.2794 
   00071    0.4475   -1266.7968  0.3066 
   00072    0.4125   -1268.5214  0.2868 
   00073    0.4300   -1254.1058  0.3277 
   00074    0.4750   -1245.0137  0.3157 
   00075    0.4300   -1233.0129  0.2942 
   00076    0.4475   -1245.0059  0.3349 
   00077    0.4525   -1236.6960  0.3030 
   00078    0.4000   -1228.3700  0.3025 
   00079    0.4200   -1251.9106  0.2922 
   00080    0.4425   -1248.4875  0.2707 
   00081    0.4400   -1239.3326  0.3090 
   00082    0.4000   -1252.6043  0.2835 
   00083    0.4275   -1269.1541  0.2799 
   00084    0.4000   -1253.2387  0.3024 
   00085    0.3850   -1260.8551  0.3238 
   00086    0.4250   -1247.9066  0.3449 
   00087    0.3825   -1260.9090  0.3100 
   00088    0.4075   -1271.6314  0.3671 
   00089    0.4700   -1275.8190  0.3281 
   00090    0.4650   -1272.0277  0.3674 
   00091    0.4175   -1247.1455  0.3257 
   00092    0.4100   -1252.0843  0.3765 
   00093    0.4175   -1282.0902  0.3611 
   00094    0.3950   -1292.1699  0.3805 
   00095    0.4225   -1292.2712  0.3697 
   00096    0.3800   -1285.2892  0.3252 
   00097    0.4125   -1268.0541  0.3548 
   00098    0.4075   -1246.9861  0.3700 
   00099    0.4625   -1263.0032  0.3266 
   00100    0.4050   -1272.3127  0.3898 
   00101    0.4225   -1268.2875  0.3860 
   00102    0.4200   -1273.6750  0.3774 
   00103    0.4150   -1274.9581  0.3771 
   00104    0.3850   -1277.3273  0.3814 
   00105    0.4375   -1281.5284  0.3598 
   00106    0.4050   -1283.1000  0.3864 
   00107    0.3825   -1296.5724  0.3828 
   00108    0.4000   -1282.9533  0.3653 
   00109    0.4275   -1299.3010  0.3646 
   00110    0.4325   -1297.5800  0.3891 
   00111    0.4075   -1319.9801  0.3606 
   00112    0.4175   -1314.2252  0.4060 
   00113    0.4000   -1299.3557  0.4028 
   00114    0.4475   -1304.1974  0.3787 
   00115    0.3975   -1319.7067  0.3934 
   00116    0.4325   -1309.0915  0.4066 
   00117    0.3975   -1301.8835  0.3745 
   00118    0.3675   -1295.5944  0.3746 
   00119    0.4375   -1287.7659  0.3850 
   00120    0.4150   -1285.3571  0.3731 
   00121    0.3850   -1297.7692  0.3946 
   00122    0.4025   -1296.0195  0.3646 
   00123    0.4275   -1302.0398  0.3888 
   00124    0.4150   -1283.3939  0.3796 
   00125    0.4325   -1274.8903  0.3881 
   00126    0.3800   -1288.4631  0.3698 
   00127    0.4050   -1271.6914  0.4041 
   00128    0.3875   -1277.4524  0.3602 
   00129    0.4350   -1274.5069  0.3639 
   00130    0.3600   -1284.6962  0.3971 
   00131    0.4350   -1291.3425  0.3482 
   00132    0.4100   -1279.8631  0.3242 
   00133    0.3900   -1288.8814  0.3880 
   00134    0.3950   -1311.7821  0.3765 
   00135    0.4200   -1304.7933  0.3819 
   00136    0.4275   -1282.3634  0.4140 
   00137    0.3750   -1277.5624  0.3796 
   00138    0.3950   -1268.5828  0.3660 
   00139    0.3850   -1277.3464  0.3966 
   00140    0.4025   -1281.2503  0.3896 
   00141    0.4325   -1279.9166  0.3693 
   00142    0.4025   -1300.8454  0.3920 
   00143    0.4075   -1309.8738  0.4021 
   00144    0.4200   -1291.9698  0.3618 
   00145    0.3875   -1276.9794  0.3877 
   00146    0.4075   -1289.6605  0.3872 
   00147    0.3825   -1285.6101  0.3777 
   00148    0.3600   -1297.3421  0.3830 
   00149    0.3950   -1304.4745  0.3868 
   00150    0.4375   -1296.4732  0.3952 
   00151    0.4525   -1290.7160  0.4162 
   00152    0.4425   -1285.4515  0.4196 
   00153    0.4275   -1287.2492  0.3667 
   00154    0.4350   -1289.5529  0.4460 
   00155    0.4050   -1289.0087  0.4287 
   00156    0.3900   -1298.9969  0.4251 
   00157    0.4150   -1322.4010  0.4503 
   00158    0.4275   -1300.4471  0.4144 
   00159    0.4200   -1307.0762  0.3978 
   00160    0.4175   -1293.4984  0.4288 
   00161    0.4325   -1308.6417  0.4300 
   00162    0.4100   -1319.5689  0.3866 
   00163    0.4450   -1320.3593  0.4401 
   00164    0.4175   -1333.3815  0.4152 
   00165    0.3925   -1331.3002  0.4368 
   00166    0.3925   -1317.2578  0.4313 
   00167    0.3950   -1316.6167  0.4007 
   00168    0.3950   -1318.7578  0.3816 
   00169    0.4100   -1316.1855  0.4371 
   00170    0.3950   -1315.4841  0.4080 
   00171    0.4175   -1327.7686  0.4149 
   00172    0.4375   -1336.1432  0.4270 
   00173    0.4050   -1330.6043  0.4110 
   00174    0.4375   -1315.2724  0.3673 
   00175    0.4275   -1321.2186  0.4170 
   00176    0.4075   -1335.4298  0.3875 
   00177    0.4375   -1328.7763  0.3681 
   00178    0.4325   -1312.8736  0.4067 
   00179    0.4050   -1312.9836  0.4122 
   00180    0.3850   -1299.5275  0.4131 
   00181    0.4375   -1311.8128  0.4307 
   00182    0.4575   -1317.9023  0.4027 
   00183    0.4300   -1290.9922  0.4160 
   00184    0.4325   -1298.0493  0.4587 
   00185    0.3850   -1302.5387  0.4220 
   00186    0.4100   -1318.1440  0.4331 
   00187    0.3925   -1307.8215  0.3980 
   00188    0.3850   -1302.5318  0.4256 
   00189    0.3975   -1299.5167  0.3736 
   00190    0.4100   -1298.5711  0.4393 
   00191    0.3500   -1292.0320  0.4653 
   00192    0.4050   -1308.5060  0.4743 
   00193    0.3975   -1302.2277  0.4788 
   00194    0.3425   -1309.3302  0.4509 
   00195    0.3775   -1301.6191  0.4270 
   00196    0.4100   -1298.1486  0.5037 
   00197    0.4075   -1293.7774  0.4910 
   00198    0.4275   -1268.9548  0.4737 
   00199    0.4575   -1294.5844  0.4787 
   00200    0.4600   -1294.3592  0.4528 
   00201    0.4325   -1293.5034  0.4441 
   00202    0.4550   -1272.5275  0.4952 
   00203    0.4350   -1259.5946  0.4573 
   00204    0.4075   -1244.6245  0.4800 
   00205    0.4350   -1256.0269  0.4725 
   00206    0.4175   -1247.6436  0.4318 
   00207    0.4650   -1241.1356  0.4277 
   00208    0.4200   -1227.4208  0.4204 
   00209    0.4050   -1255.5635  0.4634 
   00210    0.4225   -1256.8335  0.4697 
   00211    0.4325   -1256.7051  0.4802 
   00212    0.4400   -1249.4396  0.4625 
   00213    0.4125   -1253.3718  0.4581 
   00214    0.3725   -1263.3208  0.4719 
   00215    0.4325   -1261.4756  0.4342 
   00216    0.4275   -1272.2265  0.4683 
   00217    0.4650   -1281.3290  0.4784 
   00218    0.4200   -1288.5595  0.4878 
   00219    0.4250   -1290.2258  0.4525 
   00220    0.4425   -1283.5475  0.4734 
   00221    0.4525   -1284.3933  0.4371 
   00222    0.4050   -1316.3260  0.4598 
   00223    0.4275   -1315.1417  0.4913 
   00224    0.4450   -1318.0462  0.4489 
   00225    0.3900   -1313.8449  0.4657 
   00226    0.4050   -1321.9858  0.4390 
   00227    0.4375   -1327.1945  0.4481 
   00228    0.4050   -1291.6380  0.4394 
   00229    0.4125   -1286.1929  0.4560 
   00230    0.3975   -1294.6107  0.4752 
   00231    0.3925   -1289.4252  0.4819 
   00232    0.4025   -1277.9415  0.4603 
   00233    0.3750   -1288.4930  0.4501 
   00234    0.3800   -1280.0456  0.4491 
   00235    0.4350   -1282.1303  0.4744 
   00236    0.4550   -1308.0364  0.4290 
   00237    0.3925   -1288.3587  0.4564 
   00238    0.3850   -1281.4731  0.4412 
   00239    0.3950   -1290.9956  0.4340 
   00240    0.4100   -1307.3394  0.4942 
   00241    0.4000   -1296.6626  0.4388 
   00242    0.3975   -1304.9796  0.4826 
   00243    0.4450   -1286.3730  0.4803 
   00244    0.3925   -1265.0891  0.5069 
   00245    0.4125   -1245.0285  0.4550 
   00246    0.4325   -1290.3654  0.4778 
   00247    0.3850   -1293.5251  0.4621 
   00248    0.4400   -1293.9905  0.4580 
   00249    0.4200   -1302.0554  0.4442 
   00250    0.4025   -1294.9778  0.5065 
   00251    0.3725   -1288.4090  0.4757 
   00252    0.4425   -1283.1933  0.4203 
   00253    0.4500   -1269.8212  0.4504 
   00254    0.4025   -1272.2866  0.4537 
   00255    0.4150   -1270.9406  0.5107 
   00256    0.4550   -1277.7178  0.5325 
   00257    0.4275   -1282.4654  0.5017 
   00258    0.4225   -1269.4024  0.5038 
   00259    0.4350   -1281.9131  0.4483 
   00260    0.4050   -1279.8292  0.4835 
   00261    0.3750   -1281.1796  0.5093 
   00262    0.3775   -1267.3535  0.5246 
   00263    0.3875   -1277.0166  0.5010 
   00264    0.4000   -1281.5302  0.4898 
   00265    0.4225   -1281.7859  0.5432 
   00266    0.4175   -1292.1312  0.5551 
   00267    0.4325   -1283.8798  0.5361 
   00268    0.4400   -1285.4214  0.5192 
   00269    0.4250   -1281.4401  0.5319 
   00270    0.4375   -1304.9306  0.5051 
   00271    0.3950   -1310.9321  0.5425 
   00272    0.4375   -1291.8301  0.5375 
   00273    0.4575   -1282.7331  0.5354 
   00274    0.4000   -1292.5232  0.5320 
   00275    0.4250   -1301.9630  0.5451 
   00276    0.4275   -1306.5179  0.5501 
   00277    0.4175   -1313.4871  0.5813 
   00278    0.3875   -1292.8726  0.5242 
   00279    0.4500   -1308.7218  0.5762 
   00280    0.4200   -1313.3509  0.5589 
   00281    0.4250   -1308.2677  0.5720 
   00282    0.3925   -1297.5908  0.5143 
   00283    0.4175   -1315.6217  0.6102 
   00284    0.3800   -1315.2264  0.5937 
   00285    0.4325   -1301.9180  0.5478 
   00286    0.3975   -1304.6532  0.6149 
   00287    0.3800   -1305.3968  0.6200 
   00288    0.4000   -1305.1192  0.5475 
   00289    0.4150   -1297.4017  0.6309 
   00290    0.4075   -1299.4426  0.6431 
   00291    0.4075   -1293.8063  0.6179 
   00292    0.4175   -1317.4956  0.6581 
   00293    0.3825   -1303.7648  0.6686 
   00294    0.4075   -1303.8330  0.6373 
   00295    0.4375   -1304.7802  0.6301 
   00296    0.4225   -1297.5632  0.6621 
   00297    0.4275   -1314.0118  0.6627 
   00298    0.4150   -1312.5511  0.6742 
   00299    0.4025   -1300.8041  0.6712 
   00300    0.4550   -1304.3975  0.6381 
   00301    0.4300   -1296.7984  0.6619 
   00302    0.3750   -1303.0334  0.6600 
   00303    0.4475   -1311.5044  0.6653 
   00304    0.4275   -1296.6647  0.6834 
   00305    0.4700   -1294.9710  0.6215 
   00306    0.4350   -1297.4976  0.6079 
   00307    0.4250   -1294.4313  0.6059 
   00308    0.4300   -1296.3938  0.6294 
   00309    0.3825   -1299.7588  0.6499 
   00310    0.4300   -1315.8606  0.6069 
   00311    0.4300   -1293.9297  0.6678 
   00312    0.4200   -1311.1316  0.6129 
   00313    0.4525   -1321.1107  0.6284 
   00314    0.4125   -1310.0376  0.5918 
   00315    0.4300   -1281.6198  0.5726 
   00316    0.4000   -1282.7083  0.6252 
   00317    0.4150   -1280.3120  0.5766 
   00318    0.3900   -1269.9179  0.5856 
   00319    0.4050   -1283.1483  0.5550 
   00320    0.4425   -1283.7573  0.5960 
   00321    0.4000   -1290.7379  0.6205 
   00322    0.4300   -1302.9113  0.6044 
   00323    0.4625   -1305.8400  0.6101 
   00324    0.4125   -1296.1718  0.6294 
   00325    0.4250   -1273.4475  0.6196 
   00326    0.4100   -1301.2995  0.6141 
   00327    0.3775   -1297.3738  0.6164 
   00328    0.4100   -1313.2226  0.6144 
   00329    0.3875   -1290.4175  0.6111 
   00330    0.4225   -1294.4877  0.6268 
   00331    0.3900   -1316.2430  0.6057 
   00332    0.4250   -1323.7021  0.6408 
   00333    0.4825   -1290.0890  0.6229 
   00334    0.4125   -1287.4262  0.6619 
   00335    0.4050   -1302.5933  0.5795 
   00336    0.4225   -1301.4908  0.5818 
   00337    0.4175   -1301.9318  0.5665 
   00338    0.3900   -1299.4707  0.5773 
   00339    0.4300   -1300.9574  0.6043 
   00340    0.3825   -1319.2411  0.6573 
   00341    0.3750   -1330.5644  0.6575 
   00342    0.3975   -1335.0775  0.6601 
   00343    0.3900   -1352.4353  0.6675 
   00344    0.4375   -1340.0641  0.6750 
   00345    0.4025   -1330.5243  0.6787 
   00346    0.4000   -1324.1537  0.6933 
   00347    0.4350   -1329.6058  0.6835 
   00348    0.3775   -1321.9765  0.6931 
   00349    0.4150   -1325.6502  0.6237 
   00350    0.3950   -1327.4009  0.6730 
   00351    0.4300   -1334.6333  0.6644 
   00352    0.4000   -1300.2473  0.6693 
   00353    0.4150   -1334.5202  0.6940 
   00354    0.4150   -1324.1452  0.6699 
   00355    0.4350   -1319.7336  0.6251 
   00356    0.4225   -1308.3854  0.6759 
   00357    0.3925   -1286.0845  0.6482 
   00358    0.4075   -1295.4032  0.6671 
   00359    0.3875   -1296.3422  0.6473 
   00360    0.4100   -1289.2514  0.6644 
   00361    0.4350   -1286.9011  0.6750 
   00362    0.4000   -1296.1383  0.6713 
   00363    0.4325   -1298.3541  0.6703 
   00364    0.4425   -1283.1677  0.6275 
   00365    0.4450   -1263.1989  0.6507 
   00366    0.4275   -1263.0874  0.6661 
   00367    0.3875   -1301.2356  0.6403 
   00368    0.4450   -1303.2845  0.6791 
   00369    0.3900   -1288.7398  0.6741 
   00370    0.4075   -1294.2609  0.6496 
   00371    0.4450   -1296.5807  0.6710 
   00372    0.3975   -1295.8067  0.6818 
   00373    0.4200   -1303.0015  0.6761 
   00374    0.4450   -1316.5918  0.6787 
   00375    0.4100   -1316.8335  0.6731 
   00376    0.3800   -1292.2058  0.6735 
   00377    0.4300   -1300.6425  0.6683 
   00378    0.4350   -1308.7645  0.6659 
   00379    0.4350   -1304.3643  0.6449 
   00380    0.4775   -1311.6514  0.6812 
   00381    0.3375   -1294.6101  0.6611 
   00382    0.4275   -1306.6175  0.6804 
   00383    0.4025   -1308.8381  0.6708 
   00384    0.3700   -1297.3381  0.6734 
   00385    0.3975   -1285.9328  0.6555 
   00386    0.3725   -1315.2761  0.6721 
   00387    0.4225   -1304.1906  0.6347 
   00388    0.4175   -1302.5697  0.6223 
   00389    0.3750   -1300.6480  0.6618 
   00390    0.4100   -1271.0150  0.6591 
   00391    0.4325   -1263.4384  0.6838 
   00392    0.3975   -1284.3941  0.6758 
   00393    0.4000   -1306.0472  0.6821 
   00394    0.3775   -1320.5887  0.6930 
   00395    0.4075   -1303.9238  0.6648 
   00396    0.3850   -1309.2421  0.7029 
   00397    0.3650   -1295.7033  0.6950 
   00398    0.3500   -1305.0543  0.6728 
   00399    0.4150   -1301.5368  0.6884 
   00400    0.3925   -1302.4106  0.7014 
   00401    0.3900   -1311.6518  0.6891 
   00402    0.4125   -1296.3209  0.7112 
   00403    0.4125   -1291.2084  0.7064 
   00404    0.4100   -1307.3711  0.7050 
   00405    0.4300   -1321.3461  0.7318 
   00406    0.4150   -1328.5357  0.7293 
   00407    0.4000   -1300.2846  0.6699 
   00408    0.3875   -1314.4109  0.7054 
   00409    0.4175   -1314.9183  0.6348 
   00410    0.3800   -1318.0301  0.6834 
   00411    0.3800   -1313.2770  0.7368 
   00412    0.4400   -1322.5330  0.7199 
   00413    0.4650   -1322.0362  0.7034 
   00414    0.4125   -1318.0569  0.7277 
   00415    0.3925   -1312.7034  0.7000 
   00416    0.4425   -1316.1073  0.6941 
   00417    0.3825   -1307.2650  0.7098 
   00418    0.4350   -1305.0458  0.7232 
   00419    0.3975   -1290.1531  0.7188 
   00420    0.3925   -1306.0718  0.7214 
   00421    0.4425   -1309.7171  0.7110 
   00422    0.4200   -1300.4875  0.7102 
   00423    0.3925   -1302.6382  0.7126 
   00424    0.4300   -1298.1434  0.6882 
   00425    0.4325   -1308.3730  0.6979 
   00426    0.4350   -1304.4907  0.6922 
   00427    0.4025   -1318.5555  0.6613 
   00428    0.4375   -1304.8214  0.6786 
   00429    0.3825   -1331.9368  0.7004 
   00430    0.4175   -1334.6131  0.6932 
   00431    0.4025   -1327.9850  0.7071 
   00432    0.4300   -1354.2019  0.7120 
   00433    0.3850   -1348.4217  0.7246 
   00434    0.4325   -1350.8853  0.7093 
   00435    0.4025   -1353.7198  0.7504 
   00436    0.4700   -1345.7224  0.7301 
   00437    0.4025   -1359.2658  0.7759 
   00438    0.4225   -1358.4246  0.7720 
   00439    0.4150   -1339.7617  0.7523 
   00440    0.4325   -1355.1935  0.7216 
   00441    0.4200   -1334.0390  0.7404 
   00442    0.4275   -1322.5099  0.7332 
   00443    0.4700   -1330.5623  0.7287 
   00444    0.4100   -1321.4617  0.7557 
   00445    0.4425   -1323.9052  0.7781 
   00446    0.4175   -1317.3738  0.7241 
   00447    0.4125   -1304.7743  0.7856 
   00448    0.4150   -1306.6391  0.7368 
   00449    0.4500   -1303.8004  0.7782 
   00450    0.4400   -1314.1619  0.7547 
   00451    0.3900   -1326.0440  0.7350 
   00452    0.4325   -1328.7027  0.7703 
   00453    0.4100   -1343.3618  0.7701 
   00454    0.4275   -1326.6337  0.7737 
   00455    0.4325   -1305.5694  0.7592 
   00456    0.3825   -1290.7413  0.7289 
   00457    0.4375   -1290.2654  0.7336 
   00458    0.4500   -1300.2889  0.7620 
   00459    0.3875   -1326.9981  0.7511 
   00460    0.4700   -1305.1477  0.7156 
   00461    0.4325   -1304.3875  0.7671 
   00462    0.4125   -1302.0602  0.7481 
   00463    0.4250   -1299.8551  0.7552 
   00464    0.4050   -1303.8583  0.7958 
   00465    0.4025   -1309.9717  0.7712 
   00466    0.3825   -1331.7049  0.7545 
   00467    0.3700   -1326.5998  0.8147 
   00468    0.4475   -1342.6448  0.7509 
   00469    0.4050   -1343.6244  0.7562 
   00470    0.3975   -1324.7645  0.7745 
   00471    0.4200   -1328.4042  0.7203 
   00472    0.4100   -1335.0388  0.7660 
   00473    0.4475   -1368.9071  0.7911 
   00474    0.4200   -1373.1440  0.7816 
   00475    0.4150   -1369.4354  0.7294 
   00476    0.4600   -1345.9200  0.7551 
   00477    0.4325   -1335.2283  0.7512 
   00478    0.3825   -1336.5937  0.7532 
   00479    0.4575   -1362.6279  0.6751 
   00480    0.4150   -1368.0013  0.7561 
   00481    0.4050   -1354.9962  0.7618 
   00482    0.3975   -1337.6222  0.7213 
   00483    0.4250   -1363.1882  0.7741 
   00484    0.3850   -1359.9341  0.7597 
   00485    0.4025   -1379.4681  0.7521 
   00486    0.3900   -1360.3708  0.7274 
   00487    0.4050   -1343.3766  0.7012 
   00488    0.4000   -1338.0659  0.7190 
   00489    0.4400   -1334.2515  0.7288 
   00490    0.4400   -1348.6893  0.7401 
   00491    0.3950   -1339.3504  0.7430 
   00492    0.3750   -1349.0182  0.7404 
   00493    0.4050   -1354.6650  0.7363 
   00494    0.3925   -1352.3040  0.7003 
   00495    0.3900   -1337.1843  0.7469 
   00496    0.3800   -1345.8624  0.7231 
   00497    0.3725   -1366.2817  0.7194 
   00498    0.3725   -1341.1656  0.7094 
   00499    0.4325   -1337.4474  0.7320 
   00500    0.4550   -1339.0210  0.7181 
   00501    0.3975   -1348.5468  0.7285 
   00502    0.3950   -1358.9405  0.6918 
   00503    0.4125   -1353.4663  0.7213 
   00504    0.4125   -1333.6605  0.7180 
   00505    0.3375   -1338.1718  0.7189 
   00506    0.3900   -1353.5472  0.7310 
   00507    0.3875   -1335.1092  0.6907 
   00508    0.4300   -1316.4729  0.7172 
   00509    0.4175   -1317.6807  0.6973 
   00510    0.4075   -1330.2174  0.7427 
   00511    0.3950   -1316.1200  0.7513 
   00512    0.4075   -1327.6679  0.7319 
   00513    0.4125   -1312.2651  0.7547 
   00514    0.4450   -1328.6198  0.7423 
   00515    0.4325   -1307.6400  0.7205 
   00516    0.4125   -1308.6094  0.7301 
   00517    0.4000   -1315.1574  0.7488 
   00518    0.4175   -1295.0117  0.7425 
   00519    0.4250   -1295.3227  0.7229 
   00520    0.4025   -1302.6980  0.7586 
   00521    0.3650   -1303.5797  0.7318 
   00522    0.4200   -1295.3875  0.7255 
   00523    0.4225   -1307.6753  0.7602 
   00524    0.3750   -1329.2707  0.7627 
   00525    0.4125   -1328.8404  0.7860 
   00526    0.3925   -1327.5890  0.7736 
   00527    0.4175   -1325.6398  0.7708 
   00528    0.4050   -1337.7701  0.7700 
   00529    0.3925   -1323.6923  0.7798 
   00530    0.3975   -1299.2817  0.7708 
   00531    0.4025   -1314.0118  0.7702 
   00532    0.3875   -1339.3569  0.7910 
   00533    0.4025   -1353.2067  0.7565 
   00534    0.3775   -1343.7652  0.7664 
   00535    0.3975   -1348.1125  0.7912 
   00536    0.3950   -1356.0897  0.8107 
   00537    0.3775   -1357.7916  0.7544 
   00538    0.4150   -1358.6217  0.7878 
   00539    0.3850   -1380.5127  0.8095 
   00540    0.3550   -1366.5445  0.7726 
   00541    0.3925   -1361.1750  0.7923 
   00542    0.3850   -1369.2689  0.7821 
   00543    0.3900   -1351.4173  0.7826 
   00544    0.4000   -1347.2674  0.8086 
   00545    0.3675   -1337.1442  0.7911 
   00546    0.3975   -1308.2875  0.7366 
   00547    0.4250   -1329.4419  0.7937 
   00548    0.3800   -1302.9165  0.7847 
   00549    0.4000   -1309.4463  0.7579 
   00550    0.4375   -1325.3106  0.8024 
   00551    0.4125   -1336.7888  0.7988 
   00552    0.4550   -1323.2900  0.7835 
   00553    0.4250   -1350.1022  0.8098 
   00554    0.3750   -1344.2070  0.7878 
   00555    0.3775   -1342.5623  0.7634 
   00556    0.4125   -1349.8303  0.8152 
   00557    0.4000   -1335.5396  0.7740 
   00558    0.4050   -1327.5122  0.7828 
   00559    0.3750   -1320.9860  0.8097 
   00560    0.4275   -1332.5376  0.7924 
   00561    0.4150   -1325.2583  0.7531 
   00562    0.4275   -1327.7639  0.7629 
   00563    0.4300   -1329.8326  0.7773 
   00564    0.4125   -1363.7944  0.7713 
   00565    0.4025   -1360.2013  0.7791 
   00566    0.4000   -1358.1788  0.7991 
   00567    0.3925   -1343.5875  0.7811 
   00568    0.4100   -1334.9621  0.7686 
   00569    0.4425   -1342.1010  0.8182 
   00570    0.3900   -1355.8308  0.7585 
   00571    0.4350   -1360.1008  0.8270 
   00572    0.4150   -1368.0439  0.8443 
   00573    0.3950   -1361.3879  0.7459 
   00574    0.3975   -1360.7911  0.7326 
   00575    0.3550   -1366.3690  0.7542 
   00576    0.3800   -1362.8771  0.7747 
   00577    0.4350   -1388.2151  0.8146 
   00578    0.3600   -1367.4750  0.7745 
   00579    0.4125   -1371.9503  0.7999 
   00580    0.3700   -1353.2560  0.8107 
   00581    0.3800   -1324.7709  0.7948 
   00582    0.4050   -1316.5611  0.7732 
   00583    0.4500   -1322.1239  0.7903 
   00584    0.4000   -1311.1911  0.7094 
   00585    0.4125   -1334.0739  0.7774 
   00586    0.4275   -1326.9260  0.7281 
   00587    0.3525   -1329.9305  0.7589 
   00588    0.4175   -1336.3937  0.7714 
   00589    0.4300   -1335.4570  0.7449 
   00590    0.3775   -1343.4578  0.7556 
   00591    0.4025   -1373.5729  0.7979 
   00592    0.4450   -1357.0514  0.7499 
   00593    0.4100   -1339.2510  0.7362 
   00594    0.4200   -1335.5849  0.7523 
   00595    0.4075   -1356.1857  0.7673 
   00596    0.4000   -1353.0250  0.7849 
   00597    0.3600   -1351.7822  0.7848 
   00598    0.3575   -1361.1838  0.8151 
   00599    0.3800   -1356.5534  0.7602 
   00600    0.4025   -1344.2826  0.7704 
   00601    0.4225   -1330.7229  0.8004 
   00602    0.4225   -1313.0164  0.7572 
   00603    0.4300   -1339.2693  0.7831 
   00604    0.3825   -1321.8540  0.7906 
   00605    0.4050   -1318.6313  0.7820 
   00606    0.4225   -1332.2098  0.7745 
   00607    0.4250   -1335.7409  0.8109 
   00608    0.4500   -1345.8294  0.7613 
   00609    0.4050   -1351.5019  0.7583 
   00610    0.4250   -1345.2096  0.8050 
   00611    0.4000   -1363.5973  0.8260 
   00612    0.4200   -1360.9368  0.8049 
   00613    0.3725   -1349.3492  0.8053 
   00614    0.4475   -1327.6424  0.7962 
   00615    0.4350   -1336.4334  0.7731 
   00616    0.4125   -1322.2763  0.7908 
   00617    0.3900   -1338.2924  0.7872 
   00618    0.4100   -1349.0163  0.7596 
   00619    0.4000   -1349.1617  0.7774 
   00620    0.3375   -1354.7295  0.7763 
   00621    0.4000   -1350.9369  0.7873 
   00622    0.3825   -1379.6513  0.8064 
   00623    0.3975   -1365.9927  0.7538 
   00624    0.4375   -1365.6353  0.7874 
   00625    0.4025   -1350.0024  0.7938 
   00626    0.3925   -1349.6819  0.7230 
   00627    0.4050   -1347.9064  0.7531 
   00628    0.4325   -1354.5234  0.7010 
   00629    0.3900   -1341.2335  0.7522 
   00630    0.4525   -1335.9802  0.7445 
   00631    0.3875   -1344.2681  0.7829 
   00632    0.4575   -1318.2530  0.7529 
   00633    0.4350   -1333.2218  0.7338 
   00634    0.4175   -1326.9405  0.7712 
   00635    0.3800   -1336.0345  0.7296 
   00636    0.4275   -1345.1258  0.7709 
   00637    0.4125   -1352.7268  0.7300 
   00638    0.3675   -1346.0751  0.7087 
   00639    0.3875   -1340.3051  0.7697 
   00640    0.4050   -1343.0092  0.7944 
   00641    0.3825   -1354.0184  0.7386 
   00642    0.3525   -1318.6584  0.7412 
   00643    0.4325   -1319.0560  0.7144 
   00644    0.4600   -1324.2217  0.7276 
   00645    0.4050   -1336.1585  0.7728 
   00646    0.3700   -1359.6132  0.7536 
   00647    0.4350   -1364.3590  0.7596 
   00648    0.4400   -1382.2799  0.8103 
   00649    0.3625   -1383.4817  0.7687 
   00650    0.3750   -1377.0535  0.7672 
   00651    0.3950   -1382.5662  0.8011 
   00652    0.4025   -1367.0059  0.8024 
   00653    0.4075   -1363.5109  0.7497 
   00654    0.4100   -1353.0995  0.7960 
   00655    0.4125   -1361.6523  0.7587 
   00656    0.4175   -1374.1749  0.7469 
   00657    0.4050   -1365.6560  0.7739 
   00658    0.3900   -1355.3649  0.7608 
   00659    0.3850   -1361.7890  0.7229 
   00660    0.4200   -1357.0813  0.7781 
   00661    0.4550   -1338.8006  0.7769 
   00662    0.4075   -1344.5473  0.7374 
   00663    0.4050   -1335.5978  0.7313 
   00664    0.4300   -1346.0009  0.7669 
   00665    0.4100   -1348.2100  0.7393 
   00666    0.4325   -1317.7446  0.7387 
   00667    0.3550   -1315.6214  0.7364 
   00668    0.4225   -1322.2543  0.7421 
   00669    0.4100   -1326.7045  0.7155 
   00670    0.4400   -1314.8180  0.7490 
   00671    0.4000   -1318.1076  0.7374 
   00672    0.4150   -1318.2822  0.6951 
   00673    0.4100   -1311.1691  0.6985 
   00674    0.3900   -1296.8686  0.6805 
   00675    0.4575   -1275.6702  0.6995 
   00676    0.3900   -1287.1954  0.6842 
   00677    0.4150   -1286.9467  0.7174 
   00678    0.4350   -1282.7984  0.6916 
   00679    0.4100   -1289.4546  0.6377 
   00680    0.4300   -1284.2753  0.6837 
   00681    0.4125   -1307.7362  0.6955 
   00682    0.3975   -1318.3890  0.6927 
   00683    0.4100   -1330.6540  0.7259 
   00684    0.4000   -1329.8978  0.7059 
   00685    0.4125   -1343.0224  0.7036 
   00686    0.3975   -1343.1691  0.7192 
   00687    0.3975   -1353.4383  0.7219 
   00688    0.4450   -1333.9404  0.7074 
   00689    0.4125   -1336.5652  0.7103 
   00690    0.3950   -1328.4821  0.7003 
   00691    0.4325   -1332.5192  0.6747 
   00692    0.4175   -1316.3032  0.7326 
   00693    0.3600   -1321.0144  0.7617 
   00694    0.4400   -1323.6914  0.7857 
   00695    0.4050   -1326.3907  0.7616 
   00696    0.4075   -1342.5569  0.7907 
   00697    0.3950   -1358.4954  0.7451 
   00698    0.3950   -1342.3347  0.7817 
   00699    0.3975   -1350.2652  0.7309 
   00700    0.4150   -1329.1160  0.7924 
   00701    0.4225   -1303.2638  0.7485 
   00702    0.4150   -1312.3225  0.7860 
   00703    0.3900   -1319.5864  0.8133 
   00704    0.4200   -1323.2607  0.7753 
   00705    0.4100   -1347.3506  0.7962 
   00706    0.4125   -1335.6162  0.7758 
   00707    0.4025   -1362.0959  0.8059 
   00708    0.4150   -1348.6257  0.7421 
   00709    0.3900   -1361.3865  0.7997 
   00710    0.4325   -1357.8990  0.7930 
   00711    0.4125   -1349.9660  0.7329 
   00712    0.4275   -1331.9169  0.7699 
   00713    0.4375   -1314.6810  0.7897 
   00714    0.4325   -1312.1321  0.7863 
   00715    0.4525   -1338.5452  0.7769 
   00716    0.4575   -1325.9681  0.7595 
   00717    0.4125   -1308.9694  0.8022 
   00718    0.4125   -1318.3609  0.7660 
   00719    0.4025   -1304.8766  0.8044 
   00720    0.4525   -1314.0822  0.7690 
   00721    0.4075   -1300.1090  0.7660 
   00722    0.3950   -1293.5071  0.7290 
   00723    0.4150   -1283.1523  0.7809 
   00724    0.4100   -1316.1433  0.7906 
   00725    0.4175   -1337.2033  0.7428 
   00726    0.4075   -1321.0106  0.7659 
   00727    0.3825   -1324.1087  0.7145 
   00728    0.4175   -1332.8604  0.7416 
   00729    0.3775   -1337.9263  0.7444 
   00730    0.4450   -1326.0963  0.7654 
   00731    0.4150   -1330.8956  0.7744 
   00732    0.4250   -1330.0326  0.7457 
   00733    0.4150   -1334.8672  0.7812 
   00734    0.4075   -1335.6831  0.7888 
   00735    0.4075   -1356.5744  0.7930 
   00736    0.3825   -1358.5447  0.8137 
   00737    0.4100   -1354.0537  0.8035 
   00738    0.4300   -1363.4940  0.7874 
   00739    0.4075   -1349.6582  0.8235 
   00740    0.4325   -1367.9947  0.8026 
   00741    0.4375   -1369.1376  0.7885 
   00742    0.3900   -1353.9688  0.8204 
   00743    0.4750   -1353.3234  0.8096 
   00744    0.3675   -1343.4736  0.8037 
   00745    0.3875   -1344.1914  0.7912 
   00746    0.3675   -1359.0539  0.7972 
   00747    0.4225   -1347.5100  0.7720 
   00748    0.3825   -1351.5708  0.7942 
   00749    0.3925   -1356.0232  0.7980 
   00750    0.4175   -1343.7281  0.7804 
   00751    0.4350   -1348.6484  0.8295 
   00752    0.4050   -1361.2535  0.8031 
   00753    0.4000   -1365.0435  0.8035 
   00754    0.4125   -1362.0420  0.8079 
   00755    0.3975   -1369.3264  0.8092 
   00756    0.4375   -1344.5553  0.7525 
   00757    0.4400   -1310.6650  0.7516 
   00758    0.4325   -1317.0628  0.7490 
   00759    0.4200   -1329.9376  0.7406 
   00760    0.3800   -1331.6132  0.8077 
   00761    0.3950   -1322.3352  0.7428 
   00762    0.4325   -1344.6275  0.7639 
   00763    0.4075   -1342.6014  0.7908 
   00764    0.4650   -1315.8293  0.7811 
   00765    0.4150   -1326.6205  0.7600 
   00766    0.4100   -1319.0981  0.7741 
   00767    0.4200   -1316.4925  0.7837 
   00768    0.4100   -1329.3948  0.7154 
   00769    0.3975   -1330.1835  0.7396 
   00770    0.3975   -1325.4430  0.7321 
   00771    0.4225   -1338.6729  0.7752 
   00772    0.3650   -1347.8679  0.8123 
   00773    0.3600   -1338.6476  0.7935 
   00774    0.3975   -1333.5046  0.7234 
   00775    0.3750   -1347.9345  0.7532 
   00776    0.4225   -1347.0959  0.7920 
   00777    0.3725   -1339.3164  0.8008 
   00778    0.4425   -1343.2041  0.8353 
   00779    0.3875   -1329.2893  0.8096 
   00780    0.4025   -1332.1079  0.7844 
   00781    0.4050   -1323.6352  0.8101 
   00782    0.4400   -1335.4019  0.8115 
   00783    0.3775   -1323.4211  0.7495 
   00784    0.4100   -1352.4356  0.8293 
   00785    0.3875   -1346.8059  0.7868 
   00786    0.3825   -1356.1864  0.7848 
   00787    0.4125   -1352.9125  0.8387 
   00788    0.3950   -1370.4729  0.7904 
   00789    0.3925   -1360.1850  0.7807 
   00790    0.4050   -1335.2087  0.7779 
   00791    0.4025   -1332.5214  0.8107 
   00792    0.3800   -1341.2972  0.8079 
   00793    0.4100   -1321.0670  0.7671 
   00794    0.4125   -1320.5595  0.8129 
   00795    0.4225   -1317.1692  0.7775 
   00796    0.4175   -1315.0934  0.7577 
   00797    0.3875   -1309.8008  0.7728 
   00798    0.3775   -1309.1693  0.7491 
   00799    0.4425   -1334.7548  0.7517 
   00800    0.4575   -1324.6183  0.7480 
   00801    0.4400   -1332.4073  0.7878 
   00802    0.4500   -1317.4425  0.8140 
   00803    0.3700   -1317.0756  0.8107 
   00804    0.4250   -1320.2063  0.7707 
   00805    0.3775   -1335.3923  0.8311 
   00806    0.3950   -1348.0738  0.7255 
   00807    0.3950   -1346.3836  0.7706 
   00808    0.3925   -1342.0109  0.7716 
   00809    0.3925   -1331.0884  0.7689 
   00810    0.3900   -1319.9155  0.7647 
   00811    0.4200   -1315.9319  0.7919 
   00812    0.4050   -1325.6853  0.7902 
   00813    0.4275   -1314.3347  0.7605 
   00814    0.4000   -1288.5004  0.7889 
   00815    0.4450   -1290.2502  0.7626 
   00816    0.4325   -1309.7214  0.7660 
   00817    0.3950   -1313.5948  0.7133 
   00818    0.4150   -1321.2961  0.7602 
   00819    0.4050   -1302.3844  0.7536 
   00820    0.4400   -1319.5259  0.7361 
   00821    0.3900   -1319.2526  0.7731 
   00822    0.4200   -1316.6670  0.6681 
   00823    0.4025   -1319.4998  0.6860 
   00824    0.3900   -1305.7605  0.7902 
   00825    0.4250   -1315.8191  0.7601 
   00826    0.4100   -1343.7717  0.7899 
   00827    0.3850   -1344.4732  0.7821 
   00828    0.4325   -1339.0666  0.7987 
   00829    0.3975   -1347.9674  0.7320 
   00830    0.3925   -1337.4913  0.7986 
   00831    0.3750   -1328.2031  0.6895 
   00832    0.4300   -1325.6754  0.7774 
   00833    0.4075   -1327.7636  0.7951 
   00834    0.3825   -1333.0667  0.6771 
   00835    0.4150   -1311.8744  0.7440 
   00836    0.3850   -1302.5852  0.7852 
   00837    0.4125   -1311.3420  0.7812 
   00838    0.3975   -1316.0894  0.7557 
   00839    0.3975   -1331.8881  0.7845 
   00840    0.4125   -1345.7335  0.6909 
   00841    0.3650   -1355.6342  0.8083 
   00842    0.3650   -1351.0097  0.7832 
   00843    0.4375   -1356.9055  0.7597 
   00844    0.4175   -1348.6755  0.7922 
   00845    0.4225   -1356.3277  0.7611 
   00846    0.3950   -1359.7225  0.7883 
   00847    0.3800   -1346.4044  0.7959 
   00848    0.3750   -1359.8196  0.7506 
   00849    0.3550   -1356.6279  0.7837 
   00850    0.4300   -1334.7598  0.7950 
   00851    0.4300   -1317.3991  0.7642 
   00852    0.3775   -1315.6414  0.7667 
   00853    0.3700   -1329.2413  0.7700 
   00854    0.4000   -1331.8536  0.7558 
   00855    0.4025   -1315.1141  0.7470 
   00856    0.3800   -1332.7529  0.7581 
   00857    0.4400   -1322.5171  0.6953 
   00858    0.3800   -1323.3051  0.7488 
   00859    0.3550   -1309.1596  0.7652 
   00860    0.4400   -1324.3153  0.6912 
   00861    0.3925   -1315.8605  0.7625 
   00862    0.4050   -1286.9190  0.7413 
   00863    0.3675   -1302.4572  0.7363 
   00864    0.4125   -1301.9852  0.7414 
   00865    0.4050   -1310.2609  0.7566 
   00866    0.4350   -1326.0405  0.6985 
   00867    0.3800   -1328.9820  0.7480 
   00868    0.3925   -1320.6013  0.7440 
   00869    0.4225   -1300.5632  0.6777 
   00870    0.4175   -1302.0794  0.7126 
   00871    0.3875   -1309.9350  0.7340 
   00872    0.3750   -1318.4117  0.7454 
   00873    0.3950   -1312.5546  0.7437 
   00874    0.4000   -1317.2895  0.7474 
   00875    0.4375   -1311.2883  0.7376 
   00876    0.4200   -1309.2752  0.6686 
   00877    0.3900   -1318.4216  0.7440 
   00878    0.4200   -1316.4986  0.7513 
   00879    0.4375   -1332.8426  0.7027 
   00880    0.3900   -1323.0668  0.7714 
   00881    0.4100   -1355.5149  0.7901 
   00882    0.3875   -1340.0762  0.7934 
   00883    0.3675   -1334.4590  0.7394 
   00884    0.4125   -1326.7354  0.7712 
   00885    0.4375   -1330.9610  0.7668 
   00886    0.4250   -1325.5883  0.7783 
   00887    0.3875   -1320.0841  0.7868 
   00888    0.3600   -1330.1621  0.7048 
   00889    0.4350   -1338.8916  0.7367 
   00890    0.4375   -1319.8927  0.7192 
   00891    0.4450   -1316.1181  0.7369 
   00892    0.4125   -1311.5846  0.7256 
   00893    0.3825   -1312.8581  0.7553 
   00894    0.4575   -1334.9546  0.8010 
   00895    0.4375   -1332.4516  0.7621 
   00896    0.3975   -1326.5104  0.7402 
   00897    0.3875   -1342.2902  0.7224 
   00898    0.3525   -1347.1783  0.7695 
   00899    0.4100   -1345.3185  0.7791 
   00900    0.4225   -1336.8167  0.7764 
   00901    0.4175   -1342.6347  0.7775 
   00902    0.3975   -1335.6061  0.7773 
   00903    0.4425   -1338.6469  0.7630 
   00904    0.3850   -1318.3076  0.7760 
   00905    0.4175   -1330.7453  0.7583 
   00906    0.3900   -1333.6766  0.6825 
   00907    0.4250   -1318.1265  0.7056 
   00908    0.4450   -1319.9901  0.7371 
   00909    0.4125   -1333.3798  0.6954 
   00910    0.4325   -1339.6091  0.7521 
   00911    0.3975   -1329.9860  0.7281 
   00912    0.4075   -1342.2242  0.6902 
   00913    0.4025   -1348.7968  0.7215 
   00914    0.4100   -1352.3064  0.6927 
   00915    0.3900   -1346.5598  0.7400 
   00916    0.4200   -1356.2169  0.7406 
   00917    0.4075   -1364.3964  0.7756 
   00918    0.3575   -1371.3644  0.7067 
   00919    0.3900   -1332.3889  0.7534 
   00920    0.4250   -1336.6164  0.7329 
   00921    0.4375   -1341.3259  0.7398 
   00922    0.4450   -1348.0716  0.7483 
   00923    0.3875   -1350.4077  0.7580 
   00924    0.4450   -1341.0876  0.6795 
   00925    0.4200   -1331.1145  0.7077 
   00926    0.3800   -1341.0890  0.7525 
   00927    0.3800   -1327.1276  0.6743 
   00928    0.3900   -1333.7979  0.7202 
   00929    0.3800   -1314.8053  0.7601 
   00930    0.4000   -1324.3257  0.7142 
   00931    0.4550   -1302.1311  0.7480 
   00932    0.4225   -1306.6033  0.7174 
   00933    0.4400   -1298.6190  0.6508 
   00934    0.3900   -1298.1621  0.7095 
   00935    0.4100   -1301.1543  0.7000 
   00936    0.4325   -1324.7228  0.6951 
   00937    0.4300   -1319.1570  0.7242 
   00938    0.3900   -1330.1432  0.7354 
   00939    0.4375   -1336.0226  0.7391 
   00940    0.3950   -1333.5226  0.6918 
   00941    0.4150   -1337.3092  0.7298 
   00942    0.4425   -1320.1159  0.6333 
   00943    0.3750   -1327.8834  0.6882 
   00944    0.4625   -1337.0965  0.6896 
   00945    0.4000   -1342.3403  0.6043 
   00946    0.4225   -1338.4128  0.7176 
   00947    0.3725   -1352.8769  0.6980 
   00948    0.4200   -1345.1338  0.6788 
   00949    0.3400   -1338.6523  0.7020 
   00950    0.3975   -1340.1828  0.7048 
   00951    0.4475   -1340.4300  0.6943 
   00952    0.4475   -1353.7187  0.7165 
   00953    0.4050   -1349.0070  0.7172 
   00954    0.4150   -1338.1281  0.6519 
   00955    0.4050   -1342.8042  0.6636 
   00956    0.4375   -1348.5799  0.7271 
   00957    0.4050   -1342.8785  0.6292 
   00958    0.4225   -1340.3500  0.6952 
   00959    0.3925   -1350.2381  0.7171 
   00960    0.3950   -1335.6550  0.6091 
   00961    0.4325   -1346.0969  0.6989 
   00962    0.3900   -1338.0974  0.6685 
   00963    0.4150   -1339.5006  0.6216 
   00964    0.3800   -1343.2761  0.6082 
   00965    0.4075   -1319.7274  0.6535 
   00966    0.4125   -1311.2450  0.5941 
   00967    0.4150   -1299.4854  0.6546 
   00968    0.4125   -1306.7616  0.6780 
   00969    0.4300   -1318.0301  0.6024 
   00970    0.4550   -1319.4644  0.6549 
   00971    0.4150   -1323.4219  0.6691 
   00972    0.4225   -1327.6058  0.6588 
   00973    0.4075   -1339.3376  0.6470 
   00974    0.3950   -1335.7096  0.5943 
   00975    0.4375   -1330.5263  0.6090 
   00976    0.4225   -1326.7029  0.6652 
   00977    0.4075   -1333.4298  0.6240 
   00978    0.4600   -1357.9989  0.6806 
   00979    0.4175   -1360.7375  0.6835 
   00980    0.3925   -1375.6431  0.6947 
   00981    0.3975   -1333.9869  0.6644 
   00982    0.4000   -1319.2275  0.6592 
   00983    0.3825   -1325.1226  0.6528 
   00984    0.4300   -1334.4760  0.6613 
   00985    0.4125   -1320.5905  0.6562 
   00986    0.3825   -1327.1353  0.6520 
   00987    0.4150   -1329.2406  0.6503 
   00988    0.3950   -1319.6563  0.6530 
   00989    0.3875   -1332.6852  0.6453 
   00990    0.3950   -1335.3602  0.6120 
   00991    0.4075   -1332.2434  0.6436 
   00992    0.4100   -1327.9553  0.6179 
   00993    0.3925   -1316.7520  0.5906 
   00994    0.4150   -1314.9786  0.6076 
   00995    0.4200   -1303.1203  0.6452 
   00996    0.4225   -1310.3859  0.6608 
   00997    0.4200   -1299.6821  0.6308 
   00998    0.4200   -1282.8878  0.6505 
   00999    0.4225   -1285.5347  0.5803 
   01000    0.4000   -1294.1245  0.6520 
