#=====================================================
# File created:        Tue-04-Nov-2025-at-06-35-30AM
# Size of lattice:     20x20
# Number of MC steps:  1000
# Reduced temperature: 0.400
# Run time (s):        3.028225
#=====================================================
# MC step:  Ratio:     Energy:   Order:
#=====================================================
   00000    0.5000    -408.6067  0.3028 
   00001    0.6800    -455.4890  0.3173 
   00002    0.7225    -524.4522  0.3041 
   00003    0.6725    -570.8729  0.3051 
   00004    0.6350    -647.9163  0.3123 
   00005    0.6250    -683.9361  0.3215 
   00006    0.5975    -720.8541  0.3337 
   00007    0.6025    -741.1538  0.3291 
   00008    0.5575    -763.1839  0.3355 
   00009    0.6250    -817.0449  0.3437 
   00010    0.5650    -835.4086  0.3428 
   00011    0.5950    -859.7975  0.3326 
   00012    0.5875    -892.0445  0.3319 
   00013    0.5850    -916.4466  0.3328 
   00014    0.5625    -935.9378  0.3255 
   00015    0.5975    -950.6530  0.3149 
   00016    0.5175    -966.1885  0.3197 
   00017    0.5475    -976.6342  0.3194 
   00018    0.4900    -986.0421  0.3254 
   00019    0.5025    -995.7250  0.3202 
   00020    0.5300   -1012.2857  0.3263 
   00021    0.5400   -1027.7383  0.3158 
   00022    0.4950   -1031.0751  0.3249 
   00023    0.5225   -1028.8147  0.3267 
   00024    0.4900   -1047.6589  0.3422 
   00025    0.5050   -1062.5038  0.3457 
   00026    0.5200   -1077.7808  0.3508 
   00027    0.4450   -1071.1351  0.3473 
   00028    0.4775   -1075.4422  0.3432 
   00029    0.5325   -1090.9499  0.3388 
   00030    0.4825   -1099.8133  0.3408 
   00031    0.4925   -1111.8989  0.3548 
   00032    0.5225   -1115.8655  0.3538 
   00033    0.5100   -1122.7438  0.3615 
   00034    0.5425   -1122.7944  0.3508 
   00035    0.4900   -1128.6098  0.3582 
   00036    0.4650   -1139.3839  0.3753 
   00037    0.5125   -1144.2261  0.3708 
   00038    0.4925   -1147.5931  0.3675 
   00039    0.4925   -1151.8284  0.3721 
   00040    0.4975   -1155.1901  0.3642 
   00041    0.4900   -1161.9362  0.3593 
   00042    0.4750   -1159.6293  0.3618 
   00043    0.4450   -1156.7395  0.3658 
   00044    0.5475   -1166.0872  0.3669 
   00045    0.4675   -1161.8934  0.3837 
   00046    0.4425   -1159.7484  0.3742 
   00047    0.4625   -1170.0303  0.3673 
   00048    0.4400   -1174.8921  0.3754 
   00049    0.4600   -1172.8695  0.3775 
   00050    0.4675   -1182.4906  0.3764 
   00051    0.5100   -1192.3792  0.3891 
   00052    0.4425   -1195.8066  0.3880 
   00053    0.4350   -1200.0023  0.3852 
   00054    0.4650   -1210.1212  0.3887 
   00055    0.5400   -1213.5623  0.3822 
   00056    0.4625   -1220.5318  0.3865 
   00057    0.4625   -1223.9800  0.3744 
   00058    0.4750   -1221.8846  0.3666 
   00059    0.4300   -1219.6035  0.3717 
   00060    0.4900   -1220.3100  0.3722 
   00061    0.4875   -1229.3075  0.3727 
   00062    0.4550   -1232.0401  0.3764 
   00063    0.5200   -1223.6807  0.3788 
   00064    0.4575   -1229.1955  0.3795 
   00065    0.4550   -1229.2728  0.3729 
   00066    0.4350   -1230.5986  0.3715 
   00067    0.4575   -1226.6981  0.3721 
   00068    0.4875   -1236.4564  0.3770 
   00069    0.5100   -1244.5835  0.3735 
   00070    0.4600   -1246.1757  0.3840 
   00071    0.4700   -1249.3931  0.3752 
   00072    0.4650   -1253.2344  0.3778 
   00073    0.4725   -1254.9245  0.3889 
   00074    0.4625   -1245.5202  0.3915 
   00075    0.4775   -1251.9172  0.3984 
   00076    0.4375   -1260.9276  0.3945 
   00077    0.4750   -1269.1988  0.4070 
   00078    0.4375   -1278.5096  0.4125 
   00079    0.4800   -1281.0455  0.4171 
   00080    0.4175   -1288.2638  0.4159 
   00081    0.4875   -1288.2561  0.4149 
   00082    0.4550   -1285.4970  0.4182 
   00083    0.4475   -1289.8165  0.4197 
   00084    0.4850   -1286.6138  0.4191 
   00085    0.4350   -1283.1815  0.4326 
   00086    0.4975   -1281.6470  0.4318 
   00087    0.4225   -1284.0860  0.4364 
   00088    0.4325   -1289.2045  0.4289 
   00089    0.4775   -1290.7773  0.4366 
   00090    0.4425   -1297.3785  0.4549 
   00091    0.4850   -1293.9049  0.4619 
   00092    0.4250   -1298.0130  0.4649 
   00093    0.4650   -1297.1801  0.4653 
   00094    0.4525   -1299.1493  0.4751 
   00095    0.4250   -1312.5148  0.4743 
   00096    0.4050   -1299.4101  0.4749 
   00097    0.4625   -1293.3447  0.4817 
   00098    0.4575   -1287.1418  0.4930 
   00099    0.4125   -1286.1308  0.4925 
   00100    0.4425   -1285.4300  0.5006 
   00101    0.4425   -1292.2234  0.4992 
   00102    0.4275   -1299.3519  0.4953 
   00103    0.4800   -1305.1986  0.4922 
   00104    0.4475   -1300.6356  0.4941 
   00105    0.4750   -1303.7584  0.4888 
   00106    0.4675   -1303.3521  0.4917 
   00107    0.4500   -1302.3684  0.4938 
   00108    0.4825   -1295.5372  0.4925 
   00109    0.4600   -1302.4959  0.4890 
   00110    0.4125   -1308.6390  0.4911 
   00111    0.4325   -1307.2005  0.5006 
   00112    0.4600   -1302.5439  0.5105 
   00113    0.4250   -1291.3866  0.5040 
   00114    0.4550   -1296.0095  0.5135 
   00115    0.4475   -1293.7394  0.5117 
   00116    0.4425   -1306.8318  0.5171 
   00117    0.4450   -1307.3709  0.5250 
   00118    0.4650   -1306.1233  0.5299 
   00119    0.5050   -1309.8471  0.5297 
   00120    0.4650   -1306.9746  0.5438 
   00121    0.4550   -1298.6346  0.5477 
   00122    0.4150   -1289.3160  0.5418 
   00123    0.4750   -1294.6270  0.5435 
   00124    0.4675   -1293.9816  0.5482 
   00125    0.4375   -1305.6547  0.5458 
   00126    0.4475   -1298.7679  0.5495 
   00127    0.4575   -1302.3230  0.5447 
   00128    0.4575   -1305.6436  0.5427 
   00129    0.4775   -1303.1872  0.5496 
   00130    0.4325   -1297.5623  0.5435 
   00131    0.4575   -1302.1175  0.5413 
   00132    0.4625   -1314.3071  0.5455 
   00133    0.4700   -1317.5877  0.5530 
   00134    0.4475   -1322.5547  0.5541 
   00135    0.4700   -1321.9734  0.5540 
   00136    0.4350   -1324.5595  0.5500 
   00137    0.4375   -1319.5825  0.5481 
   00138    0.3950   -1310.8596  0.5412 
   00139    0.4775   -1309.2924  0.5405 
   00140    0.4525   -1307.0287  0.5456 
   00141    0.4275   -1308.1162  0.5452 
   00142    0.4575   -1302.5233  0.5375 
   00143    0.4100   -1309.4013  0.5343 
   00144    0.4600   -1313.5776  0.5308 
   00145    0.4325   -1307.2163  0.5230 
   00146    0.4325   -1309.9300  0.5217 
   00147    0.4175   -1323.8041  0.5298 
   00148    0.4075   -1324.0200  0.5315 
   00149    0.4150   -1320.2322  0.5323 
   00150    0.4225   -1320.5818  0.5375 
   00151    0.4425   -1330.5953  0.5361 
   00152    0.4275   -1331.7559  0.5358 
   00153    0.4325   -1323.6832  0.5312 
   00154    0.4400   -1326.1028  0.5271 
   00155    0.4600   -1330.6424  0.5231 
   00156    0.4250   -1328.4268  0.5188 
   00157    0.4450   -1322.3236  0.5163 
   00158    0.4375   -1330.4345  0.5152 
   00159    0.4525   -1326.2169  0.5073 
   00160    0.4375   -1320.7594  0.5048 
   00161    0.4225   -1336.0482  0.5128 
   00162    0.4275   -1333.2867  0.5198 
   00163    0.4600   -1330.2670  0.5169 
   00164    0.4475   -1330.9198  0.5220 
   00165    0.4575   -1324.7786  0.5172 
   00166    0.4050   -1337.5642  0.5248 
   00167    0.3850   -1336.2110  0.5249 
   00168    0.4175   -1327.7973  0.5232 
   00169    0.4450   -1321.3595  0.5211 
   00170    0.4675   -1318.6600  0.5216 
   00171    0.4350   -1317.2824  0.5115 
   00172    0.4075   -1311.5976  0.5100 
   00173    0.4650   -1312.2889  0.5117 
   00174    0.4950   -1311.4738  0.5160 
   00175    0.4350   -1305.4420  0.5175 
   00176    0.4300   -1309.5795  0.5191 
   00177    0.4525   -1312.0245  0.5208 
   00178    0.4200   -1317.4813  0.5169 
   00179    0.4575   -1322.3271  0.5194 
   00180    0.4450   -1328.9142  0.5219 
   00181    0.3975   -1336.1583  0.5254 
   00182    0.4525   -1336.8540  0.5202 
   00183    0.4300   -1337.5883  0.5283 
   00184    0.4500   -1339.5867  0.5330 
   00185    0.4400   -1337.5428  0.5337 
   00186    0.4225   -1345.5707  0.5352 
   00187    0.4475   -1346.5613  0.5453 
   00188    0.4925   -1343.2397  0.5517 
   00189    0.4525   -1337.3033  0.5545 
   00190    0.3800   -1337.4598  0.5518 
   00191    0.4175   -1348.6436  0.5504 
   00192    0.4500   -1352.2704  0.5524 
   00193    0.4225   -1344.8372  0.5502 
   00194    0.4475   -1349.8679  0.5511 
   00195    0.4275   -1349.8967  0.5479 
   00196    0.4050   -1351.3559  0.5503 
   00197    0.4650   -1344.2900  0.5438 
   00198    0.4850   -1334.8382  0.5398 
   00199    0.4675   -1337.8776  0.5412 
   00200    0.4425   -1330.3369  0.5333 
   00201    0.4100   -1335.1123  0.5362 
   00202    0.4175   -1333.9047  0.5376 
   00203    0.4175   -1337.0656  0.5451 
   00204    0.3875   -1341.1726  0.5439 
   00205    0.4175   -1337.4294  0.5465 
   00206    0.4325   -1334.5423  0.5493 
   00207    0.4000   -1338.0376  0.5526 
   00208    0.4400   -1328.8052  0.5560 
   00209    0.3775   -1334.4900  0.5548 
   00210    0.4425   -1335.6574  0.5623 
   00211    0.4500   -1339.6545  0.5693 
   00212    0.4500   -1339.7572  0.5669 
   00213    0.4450   -1341.9468  0.5783 
   00214    0.4025   -1342.6855  0.5788 
   00215    0.4500   -1346.0838  0.5849 
   00216    0.4325   -1347.5564  0.5840 
   00217    0.4250   -1349.3603  0.5826 
   00218    0.4375   -1344.5299  0.5753 
   00219    0.4750   -1350.1015  0.5776 
   00220    0.4075   -1347.2267  0.5795 
   00221    0.4300   -1350.8925  0.5837 
   00222    0.4725   -1354.0884  0.5929 
   00223    0.4125   -1356.8206  0.5946 
   00224    0.4400   -1359.8449  0.5964 
   00225    0.4300   -1367.6648  0.5985 
   00226    0.4225   -1364.8081  0.5937 
   00227    0.4100   -1364.4923  0.5992 
   00228    0.4100   -1372.6234  0.6004 
   00229    0.4800   -1375.1238  0.6006 
   00230    0.4300   -1376.6491  0.6036 
   00231    0.4325   -1373.8081  0.6126 
   00232    0.4275   -1368.8452  0.6155 
   00233    0.4375   -1360.0660  0.6156 
   00234    0.4625   -1357.1302  0.6129 
   00235    0.3950   -1359.6634  0.6186 
   00236    0.4250   -1351.0529  0.6135 
   00237    0.4400   -1348.8340  0.6072 
   00238    0.4275   -1348.6709  0.6081 
   00239    0.4350   -1343.6140  0.6134 
   00240    0.4475   -1343.5244  0.6165 
   00241    0.4275   -1343.9261  0.6130 
   00242    0.4500   -1341.4460  0.6090 
   00243    0.4100   -1334.6770  0.6015 
   00244    0.4300   -1337.5157  0.6041 
   00245    0.4125   -1345.3754  0.5990 
   00246    0.4900   -1342.3667  0.5991 
   00247    0.4725   -1341.5965  0.5989 
   00248    0.4325   -1346.3090  0.6001 
   00249    0.4275   -1345.7084  0.5966 
   00250    0.4625   -1340.9218  0.5894 
   00251    0.4425   -1326.9000  0.5918 
   00252    0.4150   -1328.3017  0.5953 
   00253    0.4250   -1340.5625  0.6010 
   00254    0.4475   -1335.8170  0.6062 
   00255    0.4550   -1344.9356  0.6101 
   00256    0.4300   -1342.2935  0.6095 
   00257    0.4200   -1339.5295  0.6036 
   00258    0.4700   -1348.5393  0.5997 
   00259    0.4500   -1351.4300  0.5923 
   00260    0.5075   -1353.6909  0.5908 
   00261    0.4400   -1347.9793  0.5919 
   00262    0.4225   -1349.7272  0.5893 
   00263    0.4375   -1344.6315  0.5901 
   00264    0.4325   -1348.7991  0.5948 
   00265    0.4650   -1351.4734  0.5941 
   00266    0.4425   -1348.4487  0.5875 
   00267    0.4550   -1350.1673  0.5872 
   00268    0.4550   -1349.5268  0.5934 
   00269    0.4775   -1350.5442  0.6028 
   00270    0.4525   -1352.5433  0.6043 
   00271    0.4775   -1351.7884  0.6050 
   00272    0.4375   -1348.3673  0.6008 
   00273    0.4700   -1353.2647  0.6006 
   00274    0.4650   -1354.4615  0.6053 
   00275    0.4300   -1362.5949  0.6126 
   00276    0.4100   -1363.9704  0.6146 
   00277    0.4450   -1368.3136  0.6094 
   00278    0.4550   -1369.2097  0.6100 
   00279    0.4350   -1363.9798  0.6127 
   00280    0.4300   -1359.0738  0.6070 
   00281    0.4375   -1350.3971  0.6042 
   00282    0.4175   -1358.6080  0.6074 
   00283    0.4125   -1355.8547  0.6053 
   00284    0.4100   -1359.0940  0.6118 
   00285    0.4250   -1351.6931  0.6061 
   00286    0.4325   -1347.3213  0.5969 
   00287    0.4325   -1339.5236  0.5929 
   00288    0.4525   -1342.9903  0.5885 
   00289    0.4225   -1346.6162  0.5900 
   00290    0.4200   -1347.6364  0.5902 
   00291    0.4750   -1348.9635  0.5935 
   00292    0.4300   -1355.3519  0.5944 
   00293    0.4300   -1351.2232  0.5984 
   00294    0.4375   -1356.5958  0.6059 
   00295    0.4750   -1357.9163  0.6101 
   00296    0.4650   -1369.3855  0.6139 
   00297    0.4450   -1365.3823  0.6129 
   00298    0.4400   -1366.1613  0.6155 
   00299    0.4075   -1373.5566  0.6203 
   00300    0.4325   -1379.5606  0.6219 
   00301    0.4625   -1383.3243  0.6217 
   00302    0.4150   -1390.9053  0.6227 
   00303    0.4325   -1389.5088  0.6273 
   00304    0.4325   -1387.6096  0.6295 
   00305    0.4325   -1390.6227  0.6339 
   00306    0.4075   -1381.8184  0.6270 
   00307    0.4125   -1382.1641  0.6303 
   00308    0.4625   -1378.3780  0.6332 
   00309    0.4650   -1376.3609  0.6396 
   00310    0.4250   -1375.1744  0.6453 
   00311    0.3825   -1379.6590  0.6347 
   00312    0.4275   -1376.3234  0.6239 
   00313    0.4575   -1377.8432  0.6224 
   00314    0.4200   -1373.3381  0.6227 
   00315    0.4325   -1371.9612  0.6272 
   00316    0.4325   -1368.0045  0.6266 
   00317    0.4525   -1368.3592  0.6226 
   00318    0.4000   -1358.9671  0.6181 
   00319    0.4525   -1357.3888  0.6200 
   00320    0.4250   -1360.8164  0.6237 
   00321    0.4425   -1364.7501  0.6238 
   00322    0.4325   -1361.5055  0.6169 
   00323    0.4050   -1360.4654  0.6186 
   00324    0.4200   -1366.8452  0.6213 
   00325    0.4725   -1373.2934  0.6193 
   00326    0.4625   -1372.5603  0.6151 
   00327    0.4725   -1365.6968  0.6131 
   00328    0.4150   -1372.9287  0.6155 
   00329    0.4275   -1371.5204  0.6113 
   00330    0.4600   -1374.1692  0.6077 
   00331    0.4375   -1371.4724  0.6109 
   00332    0.4375   -1366.7967  0.6065 
   00333    0.4950   -1373.1189  0.6103 
   00334    0.4350   -1370.3502  0.6071 
   00335    0.4425   -1374.0436  0.6038 
   00336    0.4350   -1372.0544  0.6029 
   00337    0.4900   -1372.3022  0.6036 
   00338    0.4150   -1378.7782  0.5985 
   00339    0.4225   -1382.8674  0.6060 
   00340    0.4350   -1388.1022  0.6141 
   00341    0.4125   -1390.3938  0.6148 
   00342    0.4300   -1389.2939  0.6070 
   00343    0.3725   -1388.5549  0.5994 
   00344    0.4375   -1381.4298  0.5959 
   00345    0.4775   -1378.3372  0.5982 
   00346    0.4425   -1377.3333  0.5986 
   00347    0.4275   -1388.7075  0.6018 
   00348    0.4350   -1384.6772  0.5982 
   00349    0.4400   -1376.0315  0.6011 
   00350    0.3725   -1372.8217  0.6037 
   00351    0.4675   -1365.4714  0.6049 
   00352    0.4175   -1362.0497  0.6017 
   00353    0.4550   -1353.2353  0.5904 
   00354    0.4725   -1354.7552  0.5907 
   00355    0.4250   -1356.1174  0.5908 
   00356    0.4000   -1355.9474  0.6003 
   00357    0.3925   -1360.0365  0.6041 
   00358    0.4200   -1360.6150  0.6090 
   00359    0.3900   -1357.6814  0.6167 
   00360    0.4500   -1362.8297  0.6180 
   00361    0.4625   -1356.3840  0.6240 
   00362    0.4675   -1352.3068  0.6164 
   00363    0.4350   -1349.1217  0.6086 
   00364    0.4200   -1355.4822  0.6055 
   00365    0.4700   -1362.3891  0.6126 
   00366    0.4350   -1356.6195  0.6103 
   00367    0.4200   -1355.9233  0.6137 
   00368    0.4075   -1357.6670  0.6210 
   00369    0.4375   -1354.4661  0.6203 
   00370    0.4700   -1356.7243  0.6251 
   00371    0.4175   -1356.7642  0.6286 
   00372    0.4650   -1361.7343  0.6301 
   00373    0.4625   -1357.8473  0.6297 
   00374    0.4250   -1356.0037  0.6277 
   00375    0.4600   -1351.8587  0.6237 
   00376    0.4050   -1353.2681  0.6319 
   00377    0.4400   -1356.1987  0.6389 
   00378    0.4350   -1353.9534  0.6312 
   00379    0.4725   -1355.5962  0.6337 
   00380    0.4625   -1358.4018  0.6350 
   00381    0.4400   -1361.4471  0.6301 
   00382    0.4475   -1365.1278  0.6330 
   00383    0.4700   -1368.0771  0.6351 
   00384    0.4350   -1356.8903  0.6409 
   00385    0.4500   -1345.2620  0.6388 
   00386    0.4575   -1346.8866  0.6349 
   00387    0.4175   -1357.3487  0.6406 
   00388    0.4150   -1359.2495  0.6445 
   00389    0.3875   -1363.3526  0.6575 
   00390    0.4275   -1362.6957  0.6571 
   00391    0.4500   -1367.8901  0.6622 
   00392    0.4025   -1368.7347  0.6609 
   00393    0.4425   -1365.7697  0.6626 
   00394    0.4425   -1373.6591  0.6667 
   00395    0.4200   -1376.7449  0.6692 
   00396    0.4250   -1382.3023  0.6705 
   00397    0.4425   -1380.5706  0.6761 
   00398    0.4875   -1378.8889  0.6774 
   00399    0.4875   -1382.7209  0.6818 
   00400    0.4225   -1378.8175  0.6858 
   00401    0.4575   -1388.2718  0.6904 
   00402    0.4525   -1387.1736  0.6820 
   00403    0.4450   -1387.4543  0.6811 
   00404    0.4500   -1381.4690  0.6797 
   00405    0.4450   -1382.9445  0.6779 
   00406    0.4200   -1391.0756  0.6825 
   00407    0.4875   -1383.0113  0.6762 
   00408    0.4275   -1378.7913  0.6701 
   00409    0.3850   -1378.6366  0.6689 
   00410    0.4725   -1374.1752  0.6697 
   00411    0.4250   -1372.5628  0.6663 
   00412    0.4725   -1366.2672  0.6624 
   00413    0.4450   -1363.7653  0.6709 
   00414    0.3975   -1354.4625  0.6660 
   00415    0.4325   -1354.7899  0.6561 
   00416    0.4375   -1357.5851  0.6565 
   00417    0.3775   -1361.0303  0.6519 
   00418    0.4525   -1362.5999  0.6502 
   00419    0.4175   -1361.9790  0.6481 
   00420    0.4425   -1361.2977  0.6469 
   00421    0.3950   -1346.8927  0.6466 
   00422    0.4425   -1347.8142  0.6572 
   00423    0.4550   -1359.3432  0.6578 
   00424    0.4300   -1357.9703  0.6587 
   00425    0.4300   -1367.0358  0.6602 
   00426    0.3750   -1378.6702  0.6571 
   00427    0.4175   -1378.5087  0.6618 
   00428    0.4075   -1376.0331  0.6536 
   00429    0.4475   -1367.9926  0.6493 
   00430    0.4000   -1366.0648  0.6528 
   00431    0.4425   -1352.4743  0.6486 
   00432    0.4175   -1351.9927  0.6524 
   00433    0.4800   -1353.2099  0.6537 
   00434    0.4650   -1357.5917  0.6595 
   00435    0.3950   -1356.4610  0.6580 
   00436    0.4525   -1366.7418  0.6633 
   00437    0.4450   -1362.5403  0.6606 
   00438    0.4250   -1359.0589  0.6540 
   00439    0.5125   -1352.2094  0.6644 
   00440    0.4000   -1362.3583  0.6745 
   00441    0.4375   -1359.8472  0.6750 
   00442    0.3725   -1363.9737  0.6744 
   00443    0.4600   -1371.4480  0.6725 
   00444    0.4550   -1367.5357  0.6763 
   00445    0.4750   -1361.5693  0.6738 
   00446    0.4375   -1355.3314  0.6766 
   00447    0.4275   -1351.2404  0.6760 
   00448    0.4525   -1348.4818  0.6676 
   00449    0.4100   -1346.5581  0.6634 
   00450    0.4350   -1353.0295  0.6693 
   00451    0.4425   -1358.3251  0.6762 
   00452    0.4375   -1362.9069  0.6791 
   00453    0.4725   -1379.2301  0.6899 
   00454    0.4400   -1374.5300  0.6925 
   00455    0.4500   -1376.7864  0.6917 
   00456    0.4375   -1376.2885  0.6891 
   00457    0.4300   -1377.6409  0.6915 
   00458    0.4125   -1366.4591  0.6887 
   00459    0.4325   -1385.7769  0.6862 
   00460    0.4275   -1379.6986  0.6862 
   00461    0.4250   -1376.9203  0.6845 
   00462    0.4450   -1373.7763  0.6860 
   00463    0.4275   -1378.2946  0.6908 
   00464    0.4325   -1377.4978  0.6887 
   00465    0.4275   -1378.0562  0.6877 
   00466    0.4625   -1367.0257  0.6871 
   00467    0.4025   -1371.7006  0.6899 
   00468    0.4100   -1370.3783  0.6883 
   00469    0.4600   -1361.7139  0.6944 
   00470    0.4175   -1368.6520  0.6995 
   00471    0.4225   -1370.3135  0.6984 
   00472    0.3850   -1368.6719  0.6977 
   00473    0.4125   -1369.8261  0.6950 
   00474    0.4475   -1380.0246  0.6934 
   00475    0.4200   -1383.3418  0.6993 
   00476    0.4275   -1383.8190  0.6958 
   00477    0.4100   -1375.3396  0.6909 
   00478    0.4600   -1383.7797  0.6863 
   00479    0.4275   -1385.5510  0.6851 
   00480    0.4350   -1388.8013  0.6839 
   00481    0.4750   -1368.4772  0.6822 
   00482    0.3925   -1371.4772  0.6909 
   00483    0.4000   -1376.7962  0.6855 
   00484    0.4825   -1368.7845  0.6774 
   00485    0.3975   -1364.9244  0.6778 
   00486    0.4250   -1371.9356  0.6857 
   00487    0.4725   -1364.2702  0.6834 
   00488    0.4800   -1376.6372  0.6920 
   00489    0.4200   -1372.0560  0.6975 
   00490    0.4600   -1378.2707  0.7007 
   00491    0.4325   -1368.0700  0.6981 
   00492    0.4650   -1371.0721  0.7031 
   00493    0.4075   -1377.2103  0.7096 
   00494    0.3825   -1367.2201  0.7046 
   00495    0.4200   -1360.7007  0.7044 
   00496    0.4600   -1359.3803  0.6996 
   00497    0.4525   -1356.4076  0.6972 
   00498    0.4675   -1369.0951  0.7015 
   00499    0.4400   -1374.6167  0.6981 
   00500    0.4325   -1358.6750  0.6942 
   00501    0.4375   -1366.4955  0.6888 
   00502    0.4075   -1365.3378  0.6884 
   00503    0.4250   -1371.7868  0.6838 
   00504    0.4550   -1375.5000  0.6928 
   00505    0.4050   -1379.9236  0.7019 
   00506    0.4475   -1367.1077  0.6972 
   00507    0.4025   -1375.7070  0.7125 
   00508    0.4150   -1385.1320  0.7172 
   00509    0.4850   -1393.2582  0.7190 
   00510    0.4350   -1396.0338  0.7195 
   00511    0.4200   -1393.6500  0.7206 
   00512    0.4650   -1396.5312  0.7249 
   00513    0.4200   -1392.4140  0.7201 
   00514    0.4650   -1389.2102  0.7235 
   00515    0.4425   -1390.1941  0.7204 
   00516    0.4900   -1383.1447  0.7161 
   00517    0.4025   -1378.8208  0.7173 
   00518    0.4475   -1381.3923  0.7190 
   00519    0.4150   -1381.7863  0.7141 
   00520    0.4075   -1388.1658  0.7146 
   00521    0.4225   -1388.0052  0.7207 
   00522    0.4750   -1380.2547  0.7273 
   00523    0.4375   -1389.9219  0.7242 
   00524    0.4675   -1385.7729  0.7313 
   00525    0.3950   -1382.7523  0.7312 
   00526    0.4250   -1389.6198  0.7431 
   00527    0.4300   -1391.3514  0.7433 
   00528    0.4225   -1388.6951  0.7461 
   00529    0.4325   -1385.2167  0.7477 
   00530    0.4050   -1379.9206  0.7419 
   00531    0.4500   -1377.4597  0.7455 
   00532    0.4150   -1387.0792  0.7437 
   00533    0.4200   -1390.1073  0.7460 
   00534    0.4225   -1388.8555  0.7461 
   00535    0.4500   -1386.8730  0.7505 
   00536    0.4275   -1384.0003  0.7567 
   00537    0.3950   -1374.3662  0.7461 
   00538    0.4375   -1375.0461  0.7484 
   00539    0.4275   -1378.6443  0.7537 
   00540    0.4450   -1385.4375  0.7629 
   00541    0.4225   -1372.9865  0.7615 
   00542    0.4275   -1378.5643  0.7650 
   00543    0.4325   -1381.8524  0.7710 
   00544    0.4300   -1379.4719  0.7647 
   00545    0.4675   -1381.0821  0.7687 
   00546    0.3975   -1379.6664  0.7709 
   00547    0.4200   -1375.4784  0.7729 
   00548    0.4775   -1368.3253  0.7802 
   00549    0.4175   -1371.6308  0.7791 
   00550    0.4400   -1365.7155  0.7806 
   00551    0.4175   -1375.3698  0.7827 
   00552    0.4550   -1377.0237  0.7852 
   00553    0.4450   -1376.9955  0.7859 
   00554    0.4450   -1384.4973  0.7887 
   00555    0.4525   -1388.9876  0.7885 
   00556    0.4075   -1393.0772  0.7863 
   00557    0.3925   -1394.3436  0.7847 
   00558    0.4450   -1395.0782  0.7827 
   00559    0.4200   -1397.5974  0.7800 
   00560    0.4525   -1392.7818  0.7841 
   00561    0.4375   -1389.1172  0.7833 
   00562    0.4175   -1389.3448  0.7800 
   00563    0.3600   -1397.4870  0.7839 
   00564    0.4500   -1400.0633  0.7898 
   00565    0.4700   -1397.1301  0.7916 
   00566    0.4550   -1395.8545  0.7820 
   00567    0.4525   -1395.1138  0.7777 
   00568    0.4675   -1401.9871  0.7786 
   00569    0.4050   -1398.4088  0.7745 
   00570    0.4050   -1403.6215  0.7786 
   00571    0.4475   -1412.8117  0.7826 
   00572    0.4450   -1416.8104  0.7758 
   00573    0.4250   -1415.4767  0.7736 
   00574    0.4700   -1417.4139  0.7853 
   00575    0.4125   -1419.7510  0.7855 
   00576    0.4175   -1419.3774  0.7917 
   00577    0.4175   -1419.2824  0.7874 
   00578    0.4075   -1407.6830  0.7798 
   00579    0.4675   -1404.2296  0.7832 
   00580    0.4300   -1405.6207  0.7819 
   00581    0.4250   -1397.4077  0.7792 
   00582    0.4075   -1398.5561  0.7768 
   00583    0.4300   -1398.3056  0.7797 
   00584    0.4250   -1392.6125  0.7789 
   00585    0.3825   -1390.6164  0.7707 
   00586    0.4525   -1401.3046  0.7747 
   00587    0.4550   -1401.6004  0.7647 
   00588    0.4075   -1400.9780  0.7687 
   00589    0.4050   -1405.5763  0.7690 
   00590    0.4425   -1399.5133  0.7573 
   00591    0.4225   -1391.8252  0.7555 
   00592    0.4175   -1403.0103  0.7638 
   00593    0.4025   -1406.7659  0.7681 
   00594    0.4475   -1404.4820  0.7691 
   00595    0.4050   -1401.7473  0.7663 
   00596    0.3725   -1397.0126  0.7781 
   00597    0.3875   -1397.5162  0.7799 
   00598    0.4075   -1397.2652  0.7810 
   00599    0.4350   -1398.1070  0.7832 
   00600    0.4125   -1381.3198  0.7853 
   00601    0.4075   -1380.9621  0.7896 
   00602    0.4175   -1386.0154  0.7905 
   00603    0.4625   -1381.5931  0.7953 
   00604    0.4575   -1384.5402  0.8059 
   00605    0.4050   -1389.6516  0.8069 
   00606    0.4650   -1395.8962  0.8082 
   00607    0.4525   -1403.8064  0.8080 
   00608    0.4050   -1406.6577  0.8089 
   00609    0.4625   -1411.8099  0.8084 
   00610    0.4000   -1406.5964  0.8034 
   00611    0.4175   -1407.4541  0.8008 
   00612    0.4025   -1414.5332  0.8011 
   00613    0.4600   -1404.0587  0.7935 
   00614    0.3925   -1408.0802  0.7978 
   00615    0.4600   -1406.3802  0.7915 
   00616    0.4075   -1402.3999  0.7940 
   00617    0.4475   -1408.3827  0.7929 
   00618    0.4200   -1409.6207  0.7938 
   00619    0.4025   -1412.5070  0.7915 
   00620    0.4125   -1407.0338  0.7884 
   00621    0.4325   -1409.9945  0.7934 
   00622    0.3925   -1412.6879  0.7892 
   00623    0.5175   -1408.6728  0.7955 
   00624    0.4000   -1406.2005  0.7915 
   00625    0.4325   -1411.9429  0.7970 
   00626    0.4225   -1415.2096  0.8019 
   00627    0.4225   -1419.7992  0.8040 
   00628    0.4025   -1418.8825  0.8026 
   00629    0.4525   -1415.2920  0.8033 
   00630    0.4400   -1408.7184  0.8024 
   00631    0.4375   -1395.7691  0.7972 
   00632    0.4250   -1392.2289  0.7946 
   00633    0.4350   -1380.8006  0.7897 
   00634    0.4725   -1386.0291  0.7872 
   00635    0.4450   -1394.2385  0.7873 
   00636    0.4250   -1388.9326  0.7835 
   00637    0.4250   -1384.6430  0.7831 
   00638    0.4150   -1375.4165  0.7745 
   00639    0.4225   -1379.2226  0.7750 
   00640    0.4350   -1375.9657  0.7725 
   00641    0.4250   -1383.6423  0.7742 
   00642    0.3925   -1381.6880  0.7693 
   00643    0.4250   -1379.2318  0.7699 
   00644    0.4575   -1384.5815  0.7666 
   00645    0.4150   -1383.7895  0.7686 
   00646    0.3900   -1386.1578  0.7679 
   00647    0.4675   -1386.1892  0.7677 
   00648    0.4475   -1384.0565  0.7707 
   00649    0.4025   -1386.8143  0.7709 
   00650    0.4425   -1392.9836  0.7850 
   00651    0.4125   -1395.2737  0.7891 
   00652    0.3975   -1391.0266  0.7878 
   00653    0.4350   -1384.1883  0.7906 
   00654    0.4375   -1377.9688  0.7844 
   00655    0.4800   -1376.3813  0.7766 
   00656    0.4850   -1384.0036  0.7716 
   00657    0.4650   -1387.2449  0.7753 
   00658    0.4200   -1389.4294  0.7750 
   00659    0.4275   -1391.1984  0.7735 
   00660    0.4225   -1393.2880  0.7727 
   00661    0.4125   -1393.7981  0.7720 
   00662    0.4450   -1385.5522  0.7678 
   00663    0.3875   -1383.5881  0.7720 
   00664    0.4625   -1392.4642  0.7751 
   00665    0.4675   -1395.6743  0.7797 
   00666    0.4325   -1399.9785  0.7831 
   00667    0.3700   -1395.8268  0.7836 
   00668    0.4350   -1392.9811  0.7809 
   00669    0.3825   -1389.0127  0.7874 
   00670    0.4100   -1394.1762  0.7886 
   00671    0.4475   -1395.1403  0.7930 
   00672    0.4200   -1392.4545  0.7926 
   00673    0.4300   -1394.1787  0.7959 
   00674    0.3750   -1390.9848  0.7955 
   00675    0.4300   -1386.8870  0.7976 
   00676    0.4650   -1392.5620  0.7946 
   00677    0.3575   -1384.2187  0.7856 
   00678    0.3900   -1384.6912  0.7853 
   00679    0.3950   -1382.3722  0.7829 
   00680    0.4600   -1386.6009  0.7870 
   00681    0.4525   -1393.9641  0.7928 
   00682    0.4900   -1398.6984  0.7983 
   00683    0.4325   -1401.0604  0.7977 
   00684    0.4075   -1405.1346  0.8045 
   00685    0.4100   -1410.4592  0.8003 
   00686    0.4200   -1413.3935  0.8063 
   00687    0.4600   -1408.1053  0.8077 
   00688    0.4450   -1407.7493  0.8126 
   00689    0.4350   -1409.8684  0.8148 
   00690    0.4125   -1411.1204  0.8171 
   00691    0.4950   -1406.7716  0.8209 
   00692    0.4075   -1408.6090  0.8191 
   00693    0.4150   -1402.6996  0.8165 
   00694    0.4950   -1408.4063  0.8210 
   00695    0.3950   -1409.9237  0.8228 
   00696    0.4600   -1410.0453  0.8184 
   00697    0.4375   -1404.0869  0.8183 
   00698    0.4550   -1401.7597  0.8210 
   00699    0.4550   -1406.2707  0.8189 
   00700    0.3900   -1404.1590  0.8189 
   00701    0.4125   -1405.8948  0.8258 
   00702    0.4475   -1396.8044  0.8244 
   00703    0.4125   -1406.4909  0.8286 
   00704    0.4350   -1415.7295  0.8308 
   00705    0.4275   -1426.3916  0.8310 
   00706    0.3925   -1426.7545  0.8272 
   00707    0.4475   -1423.2110  0.8284 
   00708    0.4775   -1412.4090  0.8178 
   00709    0.4750   -1414.6642  0.8220 
   00710    0.4400   -1414.9991  0.8200 
   00711    0.3800   -1421.6421  0.8215 
   00712    0.4300   -1418.9296  0.8220 
   00713    0.4375   -1422.9165  0.8178 
   00714    0.4075   -1422.1317  0.8197 
   00715    0.4575   -1414.6181  0.8112 
   00716    0.4100   -1405.7826  0.8103 
   00717    0.4375   -1412.3343  0.8122 
   00718    0.4200   -1410.6673  0.8133 
   00719    0.4600   -1410.5925  0.8167 
   00720    0.4700   -1404.9450  0.8125 
   00721    0.4500   -1407.1543  0.8155 
   00722    0.4550   -1400.4086  0.8160 
   00723    0.4150   -1394.7418  0.8147 
   00724    0.4175   -1396.9448  0.8148 
   00725    0.4225   -1386.3626  0.8151 
   00726    0.4700   -1396.5840  0.8159 
   00727    0.4200   -1401.2235  0.8089 
   00728    0.4700   -1394.9004  0.7998 
   00729    0.4300   -1396.6036  0.7994 
   00730    0.4375   -1406.3779  0.8073 
   00731    0.4150   -1416.3496  0.8119 
   00732    0.4400   -1406.4257  0.8097 
   00733    0.4425   -1394.5098  0.8072 
   00734    0.4150   -1392.6650  0.8111 
   00735    0.4375   -1391.4866  0.8102 
   00736    0.4450   -1398.5349  0.8160 
   00737    0.4025   -1399.6154  0.8161 
   00738    0.4375   -1392.3679  0.8095 
   00739    0.4425   -1401.1843  0.8094 
   00740    0.4450   -1390.0508  0.8083 
   00741    0.4050   -1385.3229  0.8115 
   00742    0.4300   -1380.7091  0.8102 
   00743    0.4600   -1383.5849  0.8126 
   00744    0.4725   -1394.5991  0.8170 
   00745    0.4450   -1401.4009  0.8201 
   00746    0.4225   -1395.1589  0.8090 
   00747    0.4200   -1401.6337  0.8131 
   00748    0.4375   -1393.6403  0.8088 
   00749    0.3900   -1401.5592  0.8100 
   00750    0.4675   -1404.4711  0.8117 
   00751    0.4275   -1406.7041  0.8113 
   00752    0.4175   -1399.8285  0.8126 
   00753    0.4450   -1400.0982  0.8120 
   00754    0.4450   -1404.7632  0.8102 
   00755    0.4175   -1408.6975  0.8084 
   00756    0.4150   -1409.5169  0.8100 
   00757    0.4300   -1412.1997  0.8113 
   00758    0.4050   -1418.3301  0.8059 
   00759    0.4200   -1412.3623  0.8058 
   00760    0.4050   -1418.7394  0.8091 
   00761    0.4250   -1418.6615  0.8049 
   00762    0.4425   -1418.1695  0.8033 
   00763    0.4325   -1422.0155  0.7999 
   00764    0.4175   -1422.6123  0.7928 
   00765    0.4100   -1412.1600  0.7943 
   00766    0.4525   -1405.1762  0.7913 
   00767    0.4175   -1407.6093  0.7920 
   00768    0.4750   -1405.1726  0.7901 
   00769    0.4200   -1395.8314  0.7895 
   00770    0.4300   -1397.5989  0.7948 
   00771    0.4300   -1405.9838  0.8059 
   00772    0.4250   -1399.7001  0.8049 
   00773    0.4050   -1398.7674  0.8043 
   00774    0.4250   -1395.2349  0.8063 
   00775    0.4125   -1399.9967  0.8110 
   00776    0.4700   -1401.3477  0.8147 
   00777    0.4325   -1400.6765  0.8143 
   00778    0.4225   -1402.6484  0.8164 
   00779    0.4250   -1407.2040  0.8191 
   00780    0.4250   -1412.1646  0.8132 
   00781    0.4050   -1412.7123  0.8163 
   00782    0.4550   -1411.1628  0.8170 
   00783    0.4075   -1403.8392  0.8121 
   00784    0.3900   -1414.1959  0.8131 
   00785    0.4300   -1412.9638  0.8087 
   00786    0.4500   -1406.3588  0.8064 
   00787    0.4300   -1399.0898  0.8051 
   00788    0.4100   -1396.1337  0.8052 
   00789    0.3875   -1385.1457  0.8021 
   00790    0.4675   -1391.4513  0.8026 
   00791    0.4150   -1382.7452  0.7947 
   00792    0.4325   -1378.2150  0.7957 
   00793    0.4350   -1379.0132  0.8025 
   00794    0.4400   -1383.4507  0.8072 
   00795    0.4550   -1388.3534  0.8079 
   00796    0.4225   -1391.1904  0.8068 
   00797    0.4350   -1394.6166  0.8052 
   00798    0.3925   -1395.9532  0.8039 
   00799    0.4175   -1395.5501  0.8041 
   00800    0.4450   -1396.2198  0.8043 
   00801    0.4175   -1394.2007  0.8028 
   00802    0.4350   -1391.4975  0.7974 
   00803    0.4350   -1385.3181  0.7999 
   00804    0.4150   -1398.0165  0.8071 
   00805    0.4375   -1399.6842  0.8079 
   00806    0.4875   -1390.7488  0.8010 
   00807    0.4150   -1390.6321  0.7979 
   00808    0.4100   -1388.3600  0.8037 
   00809    0.4350   -1378.5607  0.8030 
   00810    0.4225   -1384.2358  0.8035 
   00811    0.3900   -1392.4680  0.8037 
   00812    0.4300   -1407.2423  0.8100 
   00813    0.4450   -1409.5664  0.8083 
   00814    0.4075   -1413.3937  0.8148 
   00815    0.4375   -1416.8248  0.8123 
   00816    0.3975   -1420.7461  0.8155 
   00817    0.4350   -1427.4720  0.8178 
   00818    0.3525   -1426.9544  0.8154 
   00819    0.4325   -1421.6911  0.8198 
   00820    0.4325   -1417.4054  0.8252 
   00821    0.4375   -1413.9129  0.8252 
   00822    0.4100   -1420.7056  0.8288 
   00823    0.4125   -1417.2381  0.8284 
   00824    0.4375   -1416.2986  0.8241 
   00825    0.4325   -1411.7116  0.8201 
   00826    0.3875   -1407.9057  0.8202 
   00827    0.3875   -1407.5409  0.8163 
   00828    0.4225   -1398.2991  0.8141 
   00829    0.4525   -1401.4613  0.8105 
   00830    0.4550   -1409.6282  0.8212 
   00831    0.4125   -1411.6161  0.8219 
   00832    0.4075   -1410.8050  0.8222 
   00833    0.4200   -1404.6238  0.8183 
   00834    0.4250   -1401.9080  0.8194 
   00835    0.4050   -1402.9567  0.8167 
   00836    0.4575   -1407.5260  0.8204 
   00837    0.4225   -1408.2152  0.8180 
   00838    0.4075   -1405.7451  0.8122 
   00839    0.4325   -1407.5511  0.8141 
   00840    0.4300   -1400.6199  0.8149 
   00841    0.4525   -1400.9911  0.8184 
   00842    0.4975   -1408.8361  0.8212 
   00843    0.4175   -1411.3087  0.8218 
   00844    0.4250   -1401.9695  0.8203 
   00845    0.4175   -1407.0118  0.8198 
   00846    0.4525   -1405.0100  0.8219 
   00847    0.4025   -1404.4037  0.8235 
   00848    0.4425   -1411.6060  0.8193 
   00849    0.4875   -1420.8618  0.8226 
   00850    0.4600   -1409.2648  0.8182 
   00851    0.4625   -1405.3520  0.8189 
   00852    0.4775   -1401.4238  0.8185 
   00853    0.4350   -1398.6985  0.8200 
   00854    0.4500   -1395.7775  0.8196 
   00855    0.4725   -1394.2447  0.8189 
   00856    0.4300   -1400.6303  0.8243 
   00857    0.4025   -1405.4119  0.8270 
   00858    0.3900   -1403.7482  0.8276 
   00859    0.4225   -1402.7269  0.8292 
   00860    0.4775   -1405.6073  0.8323 
   00861    0.4800   -1389.5918  0.8297 
   00862    0.4200   -1394.9987  0.8326 
   00863    0.3950   -1399.2165  0.8345 
   00864    0.4200   -1406.4956  0.8339 
   00865    0.4150   -1414.0572  0.8354 
   00866    0.4350   -1417.8586  0.8388 
   00867    0.4350   -1414.3155  0.8352 
   00868    0.4250   -1405.4483  0.8330 
   00869    0.4850   -1401.3472  0.8343 
   00870    0.4325   -1407.5310  0.8384 
   00871    0.4350   -1406.5431  0.8347 
   00872    0.4200   -1412.7071  0.8356 
   00873    0.4050   -1408.8293  0.8347 
   00874    0.4200   -1407.7579  0.8362 
   00875    0.4375   -1410.1999  0.8284 
   00876    0.4350   -1400.8974  0.8300 
   00877    0.4350   -1406.2148  0.8362 
   00878    0.4225   -1408.4949  0.8360 
   00879    0.4525   -1407.3962  0.8407 
   00880    0.4275   -1399.6176  0.8387 
   00881    0.4400   -1398.5190  0.8394 
   00882    0.4650   -1402.6691  0.8374 
   00883    0.4475   -1402.2800  0.8392 
   00884    0.4225   -1406.5359  0.8392 
   00885    0.4475   -1407.2032  0.8375 
   00886    0.4075   -1414.3276  0.8377 
   00887    0.4650   -1420.4238  0.8420 
   00888    0.3725   -1421.2667  0.8384 
   00889    0.4400   -1428.2095  0.8426 
   00890    0.4700   -1424.3954  0.8437 
   00891    0.4350   -1435.5310  0.8453 
   00892    0.4050   -1429.1966  0.8471 
   00893    0.4350   -1423.3527  0.8446 
   00894    0.4375   -1421.7587  0.8488 
   00895    0.4425   -1424.5619  0.8486 
   00896    0.4025   -1424.9369  0.8549 
   00897    0.4200   -1417.3267  0.8510 
   00898    0.4175   -1414.4574  0.8509 
   00899    0.4250   -1417.1421  0.8528 
   00900    0.4500   -1420.6697  0.8494 
   00901    0.4250   -1415.2050  0.8485 
   00902    0.4225   -1403.7028  0.8470 
   00903    0.4725   -1402.6869  0.8457 
   00904    0.4300   -1402.6841  0.8472 
   00905    0.4325   -1399.4089  0.8496 
   00906    0.3925   -1402.5653  0.8517 
   00907    0.4125   -1401.8538  0.8492 
   00908    0.4200   -1412.8787  0.8546 
   00909    0.4075   -1408.5714  0.8489 
   00910    0.4425   -1411.8674  0.8474 
   00911    0.4125   -1407.7827  0.8482 
   00912    0.4200   -1408.9180  0.8470 
   00913    0.4650   -1404.8147  0.8485 
   00914    0.4250   -1407.8666  0.8477 
   00915    0.4225   -1414.3183  0.8482 
   00916    0.4300   -1416.6154  0.8517 
   00917    0.4200   -1411.7742  0.8483 
   00918    0.4000   -1412.3711  0.8475 
   00919    0.4225   -1415.6544  0.8482 
   00920    0.4500   -1402.4323  0.8443 
   00921    0.4550   -1405.4596  0.8435 
   00922    0.4575   -1411.5150  0.8490 
   00923    0.4150   -1410.2424  0.8463 
   00924    0.4775   -1410.8736  0.8431 
   00925    0.4400   -1408.5025  0.8425 
   00926    0.3925   -1414.6430  0.8482 
   00927    0.4500   -1411.0627  0.8441 
   00928    0.4075   -1408.4573  0.8471 
   00929    0.4200   -1405.0320  0.8460 
   00930    0.4300   -1401.7687  0.8433 
   00931    0.4450   -1402.6425  0.8381 
   00932    0.4375   -1410.0789  0.8381 
   00933    0.4350   -1423.8395  0.8439 
   00934    0.4475   -1418.6468  0.8467 
   00935    0.4150   -1414.4769  0.8451 
   00936    0.3625   -1412.1886  0.8423 
   00937    0.4550   -1411.9762  0.8426 
   00938    0.4075   -1402.5542  0.8417 
   00939    0.4275   -1407.7474  0.8407 
   00940    0.4500   -1410.4915  0.8362 
   00941    0.4250   -1409.2155  0.8347 
   00942    0.3925   -1417.0504  0.8364 
   00943    0.4425   -1415.0705  0.8334 
   00944    0.4175   -1414.2382  0.8378 
   00945    0.4100   -1409.9067  0.8370 
   00946    0.4300   -1414.9379  0.8331 
   00947    0.4050   -1419.6839  0.8339 
   00948    0.4350   -1410.9892  0.8311 
   00949    0.3925   -1410.4948  0.8236 
   00950    0.4450   -1413.0975  0.8244 
   00951    0.4500   -1406.9902  0.8264 
   00952    0.4075   -1403.5599  0.8247 
   00953    0.4300   -1399.4064  0.8286 
   00954    0.3950   -1407.3115  0.8312 
   00955    0.4025   -1408.5656  0.8281 
   00956    0.3975   -1408.0395  0.8309 
   00957    0.4025   -1407.2146  0.8376 
   00958    0.4150   -1403.3548  0.8387 
   00959    0.4525   -1404.9731  0.8425 
   00960    0.4275   -1414.3503  0.8450 
   00961    0.3775   -1425.8946  0.8463 
   00962    0.4050   -1420.7758  0.8440 
   00963    0.3800   -1423.2026  0.8435 
   00964    0.4325   -1419.3556  0.8455 
   00965    0.4350   -1406.8595  0.8427 
   00966    0.4025   -1412.2864  0.8480 
   00967    0.4175   -1407.2431  0.8508 
   00968    0.4950   -1407.7409  0.8569 
   00969    0.4425   -1399.4675  0.8549 
   00970    0.4025   -1401.5134  0.8521 
   00971    0.4000   -1394.2555  0.8530 
   00972    0.4700   -1409.4158  0.8558 
   00973    0.4625   -1402.6525  0.8588 
   00974    0.4000   -1416.4281  0.8613 
   00975    0.3700   -1417.5824  0.8624 
   00976    0.3875   -1423.3981  0.8660 
   00977    0.4250   -1413.7649  0.8658 
   00978    0.4675   -1422.2613  0.8680 
   00979    0.4275   -1418.5492  0.8653 
   00980    0.3700   -1420.0605  0.8669 
   00981    0.4875   -1423.0606  0.8658 
   00982    0.4125   -1420.8145  0.8703 
   00983    0.4225   -1416.3359  0.8639 
   00984    0.3875   -1415.4278  0.8637 
   00985    0.4725   -1416.2701  0.8654 
   00986    0.4225   -1410.8208  0.8630 
   00987    0.4200   -1404.3569  0.8594 
   00988    0.4350   -1408.4174  0.8627 
   00989    0.4700   -1409.6809  0.8630 
   00990    0.4775   -1420.6523  0.8644 
   00991    0.3850   -1419.5710  0.8627 
   00992    0.4700   -1416.4091  0.8577 
   00993    0.4350   -1414.6514  0.8568 
   00994    0.4450   -1426.0370  0.8610 
   00995    0.4200   -1424.6713  0.8617 
   00996    0.4125   -1425.7495  0.8602 
   00997    0.4225   -1425.0674  0.8610 
   00998    0.4150   -1424.4094  0.8655 
   00999    0.4550   -1417.3347  0.8661 
   01000    0.3675   -1413.7490  0.8682 
