#=====================================================
# File created:        Wed-05-Nov-2025-at-05-11-53AM
# Size of lattice:     40x40
# Number of MC steps:  1000
# Reduced temperature: 0.500
# Run time (s):        1.208097
#=====================================================
# MC step:  Ratio:     Energy:   Order:
#=====================================================
   00000    0.5000   -1551.6018  0.2715 
   00001    0.7000   -2368.9673  0.2742 
   00002    0.6312   -3053.3770  0.2769 
   00003    0.5844   -3360.2475  0.2772 
   00004    0.5569   -3640.7214  0.2935 
   00005    0.5425   -3828.6175  0.2920 
   00006    0.5294   -3997.9445  0.2856 
   00007    0.4900   -4138.5477  0.2914 
   00008    0.4906   -4242.7198  0.2860 
   00009    0.5038   -4345.9517  0.3054 
   00010    0.4919   -4425.6420  0.3029 
   00011    0.4713   -4543.6278  0.3036 
   00012    0.4637   -4552.3927  0.2988 
   00013    0.4338   -4618.1854  0.3015 
   00014    0.4569   -4678.3448  0.3072 
   00015    0.4456   -4738.6801  0.3112 
   00016    0.4500   -4704.7797  0.3001 
   00017    0.4581   -4770.7567  0.2988 
   00018    0.4556   -4760.6471  0.3023 
   00019    0.4525   -4801.6387  0.2964 
   00020    0.4569   -4826.5938  0.3042 
   00021    0.4456   -4845.7131  0.3110 
   00022    0.4650   -4838.4376  0.3068 
   00023    0.4544   -4902.6925  0.3114 
   00024    0.4400   -4905.6415  0.3168 
   00025    0.4706   -4958.3973  0.3107 
   00026    0.4338   -5007.8284  0.3113 
   00027    0.4263   -5030.4083  0.3085 
   00028    0.4144   -5030.4073  0.3107 
   00029    0.4363   -5065.6034  0.3147 
   00030    0.4387   -5135.2718  0.3237 
   00031    0.4331   -5152.6302  0.3276 
   00032    0.4462   -5150.6753  0.3235 
   00033    0.4363   -5156.5535  0.3201 
   00034    0.4175   -5138.9259  0.3168 
   00035    0.4444   -5147.1404  0.3178 
   00036    0.4487   -5149.1310  0.3157 
   00037    0.4281   -5120.2376  0.3313 
   00038    0.4406   -5125.6184  0.3241 
   00039    0.4094   -5171.8572  0.3258 
   00040    0.4075   -5194.0327  0.3268 
   00041    0.4238   -5223.5696  0.3298 
   00042    0.4231   -5197.5508  0.3361 
   00043    0.4444   -5211.5733  0.3378 
   00044    0.4163   -5219.7838  0.3382 
   00045    0.4369   -5198.8852  0.3363 
   00046    0.4306   -5209.9133  0.3393 
   00047    0.4213   -5210.8648  0.3359 
   00048    0.4456   -5211.1494  0.3354 
   00049    0.4213   -5183.7947  0.3355 
   00050    0.4269   -5204.4422  0.3365 
   00051    0.4375   -5198.8108  0.3450 
   00052    0.4225   -5207.6534  0.3396 
   00053    0.4238   -5208.6645  0.3445 
   00054    0.4394   -5246.8018  0.3439 
   00055    0.4194   -5279.6857  0.3457 
   00056    0.4288   -5327.3600  0.3370 
   00057    0.4125   -5308.4107  0.3354 
   00058    0.4219   -5270.3048  0.3297 
   00059    0.4387   -5261.9528  0.3312 
   00060    0.4138   -5223.2127  0.3222 
   00061    0.4313   -5270.1740  0.3165 
   00062    0.4256   -5249.9489  0.3250 
   00063    0.4188   -5260.0089  0.3199 
   00064    0.4019   -5265.3766  0.3103 
   00065    0.4356   -5299.0068  0.3155 
   00066    0.4238   -5286.5168  0.3156 
   00067    0.4263   -5277.0093  0.3135 
   00068    0.4138   -5275.2185  0.3119 
   00069    0.4400   -5284.5318  0.3080 
   00070    0.4106   -5278.2945  0.3038 
   00071    0.4037   -5248.7965  0.3016 
   00072    0.4512   -5274.3281  0.3009 
   00073    0.4175   -5260.8570  0.3033 
   00074    0.4281   -5303.1264  0.3078 
   00075    0.4200   -5297.1198  0.3013 
   00076    0.4144   -5274.4042  0.3004 
   00077    0.4200   -5280.4023  0.3003 
   00078    0.4206   -5291.6198  0.2965 
   00079    0.4313   -5295.8602  0.2993 
   00080    0.4313   -5342.7492  0.3040 
   00081    0.4131   -5348.3348  0.3090 
   00082    0.4088   -5325.6907  0.3115 
   00083    0.4194   -5339.5837  0.3036 
   00084    0.4256   -5341.0159  0.3024 
   00085    0.4200   -5357.1165  0.3067 
   00086    0.4294   -5350.7313  0.3133 
   00087    0.4125   -5332.5884  0.3147 
   00088    0.4175   -5329.6425  0.3190 
   00089    0.4331   -5334.1258  0.3233 
   00090    0.4163   -5342.7558  0.3212 
   00091    0.4294   -5290.7779  0.3192 
   00092    0.4188   -5328.7607  0.3192 
   00093    0.4200   -5324.6319  0.3202 
   00094    0.4288   -5337.5926  0.3210 
   00095    0.4075   -5321.4529  0.3144 
   00096    0.4225   -5332.3709  0.3221 
   00097    0.3981   -5371.4458  0.3226 
   00098    0.4306   -5336.7078  0.3272 
   00099    0.4106   -5342.3439  0.3280 
   00100    0.4288   -5369.1973  0.3255 
   00101    0.4175   -5349.4247  0.3255 
   00102    0.4225   -5359.4016  0.3294 
   00103    0.4144   -5374.5873  0.3246 
   00104    0.4325   -5370.4354  0.3213 
   00105    0.4138   -5354.5160  0.3284 
   00106    0.4219   -5348.2292  0.3242 
   00107    0.4169   -5387.6728  0.3212 
   00108    0.4019   -5373.2533  0.3227 
   00109    0.4025   -5383.6143  0.3268 
   00110    0.3994   -5431.4948  0.3332 
   00111    0.4169   -5399.4333  0.3224 
   00112    0.4100   -5395.0272  0.3174 
   00113    0.4056   -5402.4677  0.3158 
   00114    0.4194   -5372.0242  0.3118 
   00115    0.4194   -5378.8714  0.3097 
   00116    0.4300   -5376.7621  0.3062 
   00117    0.4144   -5376.4270  0.2975 
   00118    0.3875   -5349.9028  0.3081 
   00119    0.4225   -5387.8992  0.3167 
   00120    0.4069   -5414.6024  0.3175 
   00121    0.4106   -5395.2171  0.3230 
   00122    0.4050   -5387.1563  0.3271 
   00123    0.4219   -5374.4650  0.3286 
   00124    0.4069   -5350.6321  0.3278 
   00125    0.4356   -5323.1207  0.3301 
   00126    0.4181   -5300.0444  0.3325 
   00127    0.4100   -5307.4006  0.3372 
   00128    0.3956   -5329.6510  0.3337 
   00129    0.4169   -5342.9074  0.3316 
   00130    0.4056   -5344.0014  0.3350 
   00131    0.4181   -5333.0410  0.3355 
   00132    0.4156   -5369.1922  0.3354 
   00133    0.4131   -5361.3394  0.3402 
   00134    0.4144   -5349.0316  0.3456 
   00135    0.4094   -5356.0031  0.3484 
   00136    0.4156   -5360.8119  0.3541 
   00137    0.4288   -5352.8432  0.3509 
   00138    0.4338   -5360.8717  0.3433 
   00139    0.4031   -5371.3699  0.3434 
   00140    0.4206   -5408.2742  0.3366 
   00141    0.4069   -5374.1082  0.3347 
   00142    0.4044   -5382.0216  0.3291 
   00143    0.4169   -5350.0937  0.3188 
   00144    0.4050   -5354.0091  0.3274 
   00145    0.4081   -5322.8768  0.3267 
   00146    0.4037   -5310.8084  0.3259 
   00147    0.4444   -5347.8253  0.3306 
   00148    0.4169   -5343.9552  0.3286 
   00149    0.4119   -5358.0248  0.3270 
   00150    0.4044   -5341.3040  0.3333 
   00151    0.4288   -5328.8977  0.3365 
   00152    0.4119   -5328.0008  0.3338 
   00153    0.4088   -5349.3104  0.3300 
   00154    0.4069   -5341.6489  0.3240 
   00155    0.4138   -5384.3933  0.3334 
   00156    0.4375   -5382.2154  0.3257 
   00157    0.4469   -5401.6524  0.3337 
   00158    0.4150   -5417.6822  0.3364 
   00159    0.4144   -5403.0007  0.3401 
   00160    0.3987   -5358.9912  0.3452 
   00161    0.4263   -5376.6328  0.3440 
   00162    0.4213   -5402.1492  0.3432 
   00163    0.4094   -5402.9813  0.3419 
   00164    0.4156   -5425.5289  0.3485 
   00165    0.4131   -5376.2973  0.3467 
   00166    0.4138   -5365.5454  0.3456 
   00167    0.4256   -5407.9439  0.3520 
   00168    0.4219   -5393.1822  0.3650 
   00169    0.4000   -5385.0576  0.3596 
   00170    0.4125   -5372.5589  0.3580 
   00171    0.4213   -5370.9117  0.3539 
   00172    0.4169   -5395.0573  0.3539 
   00173    0.4263   -5368.7358  0.3567 
   00174    0.3981   -5349.0376  0.3552 
   00175    0.4350   -5326.3839  0.3635 
   00176    0.4288   -5308.4766  0.3675 
   00177    0.3912   -5333.5023  0.3703 
   00178    0.3881   -5349.8296  0.3738 
   00179    0.4194   -5358.8570  0.3679 
   00180    0.4138   -5391.5611  0.3628 
   00181    0.3944   -5389.5096  0.3576 
   00182    0.4194   -5393.8050  0.3581 
   00183    0.3956   -5410.7622  0.3638 
   00184    0.4163   -5392.1572  0.3639 
   00185    0.4106   -5405.6594  0.3593 
   00186    0.4062   -5426.7372  0.3589 
   00187    0.4175   -5409.7421  0.3617 
   00188    0.4250   -5391.9459  0.3627 
   00189    0.4263   -5390.4711  0.3684 
   00190    0.4219   -5385.2570  0.3613 
   00191    0.4169   -5371.5123  0.3580 
   00192    0.3994   -5351.6839  0.3667 
   00193    0.4206   -5365.0864  0.3720 
   00194    0.4106   -5373.6510  0.3748 
   00195    0.4088   -5374.8569  0.3807 
   00196    0.4119   -5347.2706  0.3809 
   00197    0.4106   -5343.0089  0.3746 
   00198    0.4150   -5377.3928  0.3803 
   00199    0.4250   -5325.8175  0.3810 
   00200    0.4181   -5341.2754  0.3860 
   00201    0.4150   -5391.2069  0.3889 
   00202    0.4244   -5380.6048  0.3913 
   00203    0.4181   -5358.8265  0.3935 
   00204    0.4188   -5397.6471  0.4049 
   00205    0.4194   -5392.4558  0.3976 
   00206    0.4200   -5385.6272  0.3992 
   00207    0.3881   -5383.3425  0.4008 
   00208    0.4294   -5404.1056  0.4029 
   00209    0.4131   -5401.6077  0.4039 
   00210    0.3925   -5389.6636  0.3990 
   00211    0.4025   -5406.3094  0.3939 
   00212    0.4350   -5378.4425  0.3940 
   00213    0.3994   -5366.8331  0.3971 
   00214    0.4306   -5383.1208  0.3958 
   00215    0.4244   -5412.7920  0.3928 
   00216    0.4194   -5415.0375  0.3840 
   00217    0.4138   -5425.9669  0.3900 
   00218    0.4225   -5429.4185  0.3856 
   00219    0.4144   -5407.7260  0.3821 
   00220    0.4113   -5419.0849  0.3867 
   00221    0.4256   -5412.4315  0.3897 
   00222    0.4056   -5410.8874  0.3938 
   00223    0.4213   -5382.9535  0.3961 
   00224    0.4044   -5382.5755  0.3910 
   00225    0.4019   -5354.5581  0.3955 
   00226    0.4113   -5339.1381  0.3965 
   00227    0.4119   -5354.2227  0.4015 
   00228    0.4325   -5381.3095  0.4084 
   00229    0.4194   -5368.5362  0.4154 
   00230    0.4238   -5332.2146  0.4119 
   00231    0.4175   -5353.9585  0.4073 
   00232    0.4263   -5343.7493  0.4123 
   00233    0.3837   -5368.8385  0.4213 
   00234    0.4075   -5362.7383  0.4245 
   00235    0.4000   -5326.0906  0.4159 
   00236    0.4106   -5318.2532  0.4188 
   00237    0.4169   -5341.3929  0.4172 
   00238    0.4181   -5356.6842  0.4174 
   00239    0.4244   -5378.5858  0.4131 
   00240    0.4094   -5311.6300  0.4112 
   00241    0.4094   -5296.8754  0.4050 
   00242    0.3962   -5344.1901  0.4115 
   00243    0.4394   -5361.3340  0.4148 
   00244    0.4231   -5364.4923  0.4112 
   00245    0.4387   -5387.7641  0.4123 
   00246    0.4213   -5373.9603  0.4070 
   00247    0.3944   -5375.6228  0.4085 
   00248    0.4113   -5371.9247  0.4102 
   00249    0.4100   -5384.8434  0.4129 
   00250    0.4225   -5366.6131  0.4155 
   00251    0.4075   -5361.6510  0.4103 
   00252    0.4056   -5322.8396  0.4160 
   00253    0.4213   -5320.2320  0.4221 
   00254    0.4138   -5356.5601  0.4184 
   00255    0.4131   -5388.1403  0.4196 
   00256    0.4075   -5382.7954  0.4242 
   00257    0.3944   -5382.5241  0.4201 
   00258    0.4319   -5358.1352  0.4127 
   00259    0.4131   -5358.8281  0.4163 
   00260    0.4281   -5391.6405  0.4209 
   00261    0.4100   -5413.3218  0.4193 
   00262    0.4288   -5421.5131  0.4166 
   00263    0.3925   -5446.2575  0.4165 
   00264    0.4150   -5439.6722  0.4228 
   00265    0.4119   -5424.3915  0.4296 
   00266    0.4294   -5428.0869  0.4298 
   00267    0.4025   -5415.6132  0.4404 
   00268    0.4213   -5429.5289  0.4376 
   00269    0.4175   -5440.4356  0.4306 
   00270    0.4019   -5476.6528  0.4250 
   00271    0.4012   -5434.5875  0.4123 
   00272    0.4000   -5408.1303  0.4134 
   00273    0.4106   -5406.2801  0.4141 
   00274    0.4294   -5425.1935  0.4165 
   00275    0.4219   -5422.1648  0.4213 
   00276    0.4256   -5378.0479  0.4214 
   00277    0.4175   -5367.6034  0.4227 
   00278    0.4213   -5357.6728  0.4231 
   00279    0.4125   -5383.7028  0.4274 
   00280    0.3962   -5381.9348  0.4310 
   00281    0.3906   -5377.8019  0.4284 
   00282    0.4294   -5371.6326  0.4314 
   00283    0.4225   -5359.6847  0.4288 
   00284    0.4194   -5365.8554  0.4257 
   00285    0.3925   -5351.8896  0.4350 
   00286    0.4238   -5344.1946  0.4302 
   00287    0.3781   -5337.5017  0.4289 
   00288    0.4188   -5363.8047  0.4283 
   00289    0.4119   -5365.9966  0.4234 
   00290    0.4069   -5354.9062  0.4275 
   00291    0.4313   -5393.8648  0.4275 
   00292    0.4069   -5397.9199  0.4263 
   00293    0.4025   -5370.3460  0.4235 
   00294    0.4350   -5393.8674  0.4239 
   00295    0.4031   -5386.1658  0.4102 
   00296    0.4031   -5421.1951  0.4079 
   00297    0.4100   -5388.6631  0.4068 
   00298    0.4169   -5399.6399  0.4072 
   00299    0.4213   -5371.4814  0.4095 
   00300    0.4006   -5371.0219  0.4099 
   00301    0.4131   -5340.1199  0.4061 
   00302    0.4144   -5334.8435  0.4023 
   00303    0.4006   -5340.6151  0.3998 
   00304    0.4394   -5344.4643  0.3952 
   00305    0.4206   -5353.1383  0.3979 
   00306    0.4263   -5376.9539  0.3965 
   00307    0.4338   -5356.8235  0.3991 
   00308    0.4200   -5351.6980  0.3990 
   00309    0.4194   -5337.0780  0.3920 
   00310    0.4144   -5346.6533  0.3901 
   00311    0.4144   -5318.8573  0.3878 
   00312    0.4106   -5312.1868  0.3878 
   00313    0.4138   -5326.1250  0.3950 
   00314    0.4200   -5334.6391  0.4005 
   00315    0.4313   -5345.4515  0.3993 
   00316    0.4062   -5365.6733  0.4065 
   00317    0.4000   -5370.1225  0.4086 
   00318    0.3994   -5391.2975  0.4080 
   00319    0.4094   -5429.6088  0.4031 
   00320    0.4163   -5417.2308  0.4004 
   00321    0.4181   -5396.8047  0.3976 
   00322    0.3956   -5425.6484  0.4077 
   00323    0.4000   -5414.6613  0.3996 
   00324    0.4188   -5373.5865  0.4002 
   00325    0.4138   -5396.7617  0.4047 
   00326    0.4275   -5411.2408  0.4071 
   00327    0.4044   -5403.3160  0.4059 
   00328    0.4250   -5397.3509  0.4019 
   00329    0.4138   -5368.5134  0.4069 
   00330    0.4144   -5349.0344  0.4149 
   00331    0.4012   -5332.4980  0.4113 
   00332    0.4131   -5359.3363  0.4097 
   00333    0.4275   -5336.9725  0.4038 
   00334    0.4294   -5313.2273  0.4075 
   00335    0.4106   -5285.1930  0.4088 
   00336    0.4256   -5337.4827  0.4125 
   00337    0.3944   -5352.2363  0.4109 
   00338    0.3969   -5352.3025  0.4191 
   00339    0.4113   -5357.7300  0.4131 
   00340    0.4225   -5355.6684  0.4135 
   00341    0.4056   -5395.5468  0.4164 
   00342    0.4119   -5390.5234  0.4075 
   00343    0.4131   -5380.0111  0.4085 
   00344    0.4188   -5368.1254  0.4124 
   00345    0.4238   -5350.3824  0.4141 
   00346    0.4075   -5311.2629  0.4067 
   00347    0.4281   -5302.6867  0.4064 
   00348    0.4325   -5346.8545  0.4087 
   00349    0.4238   -5353.1787  0.4115 
   00350    0.4238   -5349.4938  0.4066 
   00351    0.4144   -5324.5674  0.4142 
   00352    0.4056   -5324.2620  0.4189 
   00353    0.4062   -5318.2713  0.4212 
   00354    0.4263   -5330.9609  0.4274 
   00355    0.4437   -5336.6714  0.4202 
   00356    0.4131   -5390.3411  0.4162 
   00357    0.4081   -5360.8934  0.4177 
   00358    0.4119   -5402.6372  0.4198 
   00359    0.4256   -5414.2926  0.4304 
   00360    0.4194   -5373.7945  0.4393 
   00361    0.4037   -5387.2789  0.4392 
   00362    0.4012   -5375.2559  0.4343 
   00363    0.4044   -5406.2411  0.4405 
   00364    0.4131   -5391.8814  0.4372 
   00365    0.4338   -5348.2866  0.4430 
   00366    0.4106   -5341.8423  0.4404 
   00367    0.4094   -5305.9378  0.4412 
   00368    0.4156   -5343.1213  0.4483 
   00369    0.4269   -5343.2671  0.4483 
   00370    0.4263   -5368.6135  0.4449 
   00371    0.4119   -5360.3863  0.4448 
   00372    0.3919   -5345.9893  0.4447 
   00373    0.4075   -5353.1665  0.4460 
   00374    0.3994   -5385.8353  0.4522 
   00375    0.4175   -5402.1131  0.4518 
   00376    0.4188   -5406.0562  0.4403 
   00377    0.4306   -5400.3648  0.4408 
   00378    0.4069   -5410.0950  0.4298 
   00379    0.3975   -5439.0920  0.4268 
   00380    0.4150   -5442.4146  0.4258 
   00381    0.3994   -5456.2447  0.4253 
   00382    0.4138   -5458.2138  0.4272 
   00383    0.4025   -5420.0861  0.4235 
   00384    0.4138   -5450.4900  0.4213 
   00385    0.4163   -5441.9942  0.4275 
   00386    0.4081   -5409.0920  0.4308 
   00387    0.4219   -5377.2423  0.4302 
   00388    0.4275   -5374.8721  0.4333 
   00389    0.3975   -5366.9044  0.4329 
   00390    0.4175   -5424.8067  0.4378 
   00391    0.3994   -5403.7708  0.4431 
   00392    0.4006   -5371.0988  0.4390 
   00393    0.4338   -5434.3265  0.4464 
   00394    0.4031   -5404.9677  0.4517 
   00395    0.4175   -5369.8691  0.4427 
   00396    0.4181   -5349.9536  0.4422 
   00397    0.4275   -5362.3933  0.4436 
   00398    0.4119   -5389.4167  0.4422 
   00399    0.4194   -5372.7127  0.4450 
   00400    0.4350   -5379.9172  0.4426 
   00401    0.4094   -5419.0268  0.4389 
   00402    0.3975   -5419.8660  0.4378 
   00403    0.4238   -5382.4575  0.4278 
   00404    0.4188   -5344.2353  0.4240 
   00405    0.4062   -5398.0013  0.4314 
   00406    0.4175   -5380.1777  0.4320 
   00407    0.4169   -5370.0461  0.4367 
   00408    0.3956   -5379.1062  0.4410 
   00409    0.4069   -5365.0813  0.4432 
   00410    0.4238   -5392.1998  0.4521 
   00411    0.4150   -5386.0733  0.4474 
   00412    0.4269   -5376.2965  0.4450 
   00413    0.4175   -5350.0470  0.4368 
   00414    0.4181   -5365.3435  0.4325 
   00415    0.4000   -5337.3241  0.4348 
   00416    0.4181   -5348.3719  0.4257 
   00417    0.4369   -5373.7833  0.4316 
   00418    0.4225   -5397.2133  0.4374 
   00419    0.4125   -5388.7151  0.4346 
   00420    0.4088   -5395.3160  0.4280 
   00421    0.4081   -5413.1243  0.4260 
   00422    0.4106   -5419.1235  0.4298 
   00423    0.4231   -5423.6157  0.4278 
   00424    0.4119   -5430.6490  0.4298 
   00425    0.4306   -5435.1783  0.4192 
   00426    0.3894   -5421.3409  0.4159 
   00427    0.4181   -5396.2573  0.4161 
   00428    0.4056   -5385.7508  0.4084 
   00429    0.4131   -5413.1476  0.4184 
   00430    0.3944   -5420.8698  0.4113 
   00431    0.4031   -5366.4730  0.4074 
   00432    0.4081   -5417.4717  0.4105 
   00433    0.4181   -5400.2047  0.4050 
   00434    0.4269   -5388.8701  0.4012 
   00435    0.4181   -5390.7158  0.4044 
   00436    0.4175   -5371.1197  0.4019 
   00437    0.4150   -5417.7881  0.4028 
   00438    0.4019   -5408.7869  0.3902 
   00439    0.4044   -5400.0080  0.3892 
   00440    0.4056   -5416.7324  0.3865 
   00441    0.4356   -5405.6191  0.3936 
   00442    0.4200   -5410.3275  0.3978 
   00443    0.3944   -5364.6159  0.3876 
   00444    0.4325   -5379.0315  0.3840 
   00445    0.4231   -5361.0365  0.3873 
   00446    0.4406   -5364.1175  0.3840 
   00447    0.4213   -5373.8983  0.3792 
   00448    0.4138   -5345.5812  0.3846 
   00449    0.4106   -5354.3237  0.3826 
   00450    0.4106   -5374.5646  0.3795 
   00451    0.4256   -5366.3624  0.3760 
   00452    0.4075   -5374.6120  0.3770 
   00453    0.4138   -5384.2373  0.3810 
   00454    0.4088   -5404.3071  0.3803 
   00455    0.4062   -5350.6743  0.3874 
   00456    0.4225   -5375.5587  0.3913 
   00457    0.4150   -5364.2345  0.3873 
   00458    0.4206   -5391.0266  0.3912 
   00459    0.4406   -5404.3672  0.3905 
   00460    0.4394   -5377.4213  0.3893 
   00461    0.3994   -5353.8649  0.3973 
   00462    0.4250   -5361.7801  0.3970 
   00463    0.4056   -5342.6978  0.3964 
   00464    0.4113   -5354.7762  0.3885 
   00465    0.4025   -5368.5255  0.3919 
   00466    0.4288   -5369.6040  0.3888 
   00467    0.3969   -5367.6272  0.3878 
   00468    0.4006   -5376.7286  0.3954 
   00469    0.4044   -5415.2181  0.3990 
   00470    0.4012   -5422.5331  0.4004 
   00471    0.4381   -5437.4811  0.4008 
   00472    0.3987   -5432.1159  0.3977 
   00473    0.4075   -5421.1108  0.3957 
   00474    0.4294   -5410.6190  0.3950 
   00475    0.3987   -5420.3423  0.3994 
   00476    0.4194   -5411.2401  0.4022 
   00477    0.4206   -5437.4756  0.4022 
   00478    0.4156   -5440.1164  0.4005 
   00479    0.4294   -5395.9004  0.4033 
   00480    0.4050   -5405.1482  0.3951 
   00481    0.4012   -5395.1047  0.3908 
   00482    0.4219   -5395.5880  0.3814 
   00483    0.4156   -5386.5192  0.3785 
   00484    0.3881   -5382.0892  0.3848 
   00485    0.4325   -5354.7111  0.3874 
   00486    0.4269   -5382.3364  0.3930 
   00487    0.4412   -5385.1245  0.3916 
   00488    0.4194   -5407.4307  0.3886 
   00489    0.4138   -5427.3542  0.3967 
   00490    0.4106   -5431.2447  0.3992 
   00491    0.3975   -5459.0304  0.4010 
   00492    0.4094   -5443.3874  0.3891 
   00493    0.4012   -5437.7457  0.3950 
   00494    0.4125   -5443.6432  0.3878 
   00495    0.4100   -5438.7885  0.3882 
   00496    0.4125   -5445.4333  0.3912 
   00497    0.4231   -5427.9691  0.3969 
   00498    0.4081   -5434.5291  0.4023 
   00499    0.4387   -5416.4739  0.4017 
   00500    0.4075   -5417.0162  0.4071 
   00501    0.3956   -5427.7840  0.4059 
   00502    0.4000   -5433.0273  0.4054 
   00503    0.4094   -5431.1709  0.3964 
   00504    0.4181   -5426.8813  0.3917 
   00505    0.4037   -5438.8231  0.3928 
   00506    0.4206   -5433.9944  0.3996 
   00507    0.4050   -5434.1199  0.3889 
   00508    0.4250   -5404.2476  0.3865 
   00509    0.3831   -5392.5590  0.3865 
   00510    0.4188   -5396.7528  0.3821 
   00511    0.4062   -5348.7697  0.3848 
   00512    0.3894   -5337.5147  0.3798 
   00513    0.4206   -5384.1094  0.3707 
   00514    0.4175   -5377.1886  0.3711 
   00515    0.4056   -5391.2697  0.3686 
   00516    0.4081   -5371.3315  0.3699 
   00517    0.4200   -5384.2249  0.3716 
   00518    0.4238   -5397.2663  0.3640 
   00519    0.4200   -5342.1773  0.3581 
   00520    0.4294   -5361.7536  0.3623 
   00521    0.4100   -5397.5973  0.3666 
   00522    0.4075   -5397.4892  0.3657 
   00523    0.4269   -5405.5766  0.3581 
   00524    0.4325   -5359.3193  0.3535 
   00525    0.3994   -5363.1827  0.3518 
   00526    0.4088   -5342.0030  0.3494 
   00527    0.4169   -5358.9335  0.3511 
   00528    0.4138   -5374.5742  0.3572 
   00529    0.4169   -5357.0160  0.3528 
   00530    0.4163   -5355.9183  0.3509 
   00531    0.4119   -5367.3930  0.3519 
   00532    0.4088   -5385.1586  0.3591 
   00533    0.4338   -5383.7311  0.3669 
   00534    0.4050   -5384.1016  0.3631 
   00535    0.4144   -5396.2641  0.3652 
   00536    0.4050   -5415.3533  0.3675 
   00537    0.4069   -5405.0612  0.3635 
   00538    0.4288   -5439.3782  0.3670 
   00539    0.4300   -5446.6543  0.3645 
   00540    0.4313   -5474.7434  0.3620 
   00541    0.4050   -5451.3110  0.3587 
   00542    0.4150   -5417.7710  0.3566 
   00543    0.4400   -5390.6712  0.3593 
   00544    0.4138   -5405.4968  0.3531 
   00545    0.4075   -5412.5224  0.3582 
   00546    0.3956   -5393.0825  0.3560 
   00547    0.4200   -5362.1559  0.3488 
   00548    0.4194   -5370.5760  0.3527 
   00549    0.4138   -5358.6993  0.3524 
   00550    0.4338   -5371.8681  0.3456 
   00551    0.4081   -5379.9450  0.3461 
   00552    0.4281   -5368.3573  0.3469 
   00553    0.4381   -5372.3612  0.3506 
   00554    0.3944   -5392.3613  0.3478 
   00555    0.4012   -5392.8794  0.3479 
   00556    0.3937   -5424.9703  0.3572 
   00557    0.4019   -5416.6700  0.3601 
   00558    0.4069   -5367.9801  0.3609 
   00559    0.4119   -5404.0146  0.3587 
   00560    0.3887   -5401.9232  0.3534 
   00561    0.4000   -5429.1923  0.3595 
   00562    0.4300   -5437.6275  0.3644 
   00563    0.3987   -5408.1392  0.3588 
   00564    0.4294   -5372.3191  0.3707 
   00565    0.4169   -5373.7095  0.3693 
   00566    0.4000   -5388.5253  0.3733 
   00567    0.4194   -5386.3384  0.3698 
   00568    0.4019   -5406.4916  0.3718 
   00569    0.4069   -5422.7074  0.3608 
   00570    0.4225   -5416.1989  0.3564 
   00571    0.4031   -5415.8091  0.3541 
   00572    0.4263   -5432.3528  0.3524 
   00573    0.3994   -5394.3484  0.3466 
   00574    0.4175   -5400.7307  0.3483 
   00575    0.4256   -5411.2449  0.3483 
   00576    0.4088   -5391.8407  0.3469 
   00577    0.4387   -5386.3976  0.3336 
   00578    0.4050   -5433.5197  0.3275 
   00579    0.4450   -5467.2795  0.3226 
   00580    0.4456   -5439.8924  0.3263 
   00581    0.4062   -5395.3132  0.3296 
   00582    0.4275   -5374.5290  0.3340 
   00583    0.4088   -5371.3897  0.3379 
   00584    0.4281   -5388.3927  0.3290 
   00585    0.4381   -5412.8801  0.3375 
   00586    0.4244   -5443.8289  0.3465 
   00587    0.4219   -5446.7240  0.3504 
   00588    0.4094   -5421.1930  0.3519 
   00589    0.4263   -5432.8256  0.3528 
   00590    0.4219   -5398.7879  0.3544 
   00591    0.4275   -5386.4118  0.3558 
   00592    0.3994   -5391.0211  0.3602 
   00593    0.4213   -5393.3066  0.3687 
   00594    0.4031   -5354.1391  0.3683 
   00595    0.4050   -5359.4521  0.3811 
   00596    0.3981   -5340.5691  0.3908 
   00597    0.4300   -5330.1527  0.3927 
   00598    0.4106   -5352.4727  0.3934 
   00599    0.4306   -5359.4766  0.3928 
   00600    0.4050   -5394.9198  0.3841 
   00601    0.4275   -5408.3585  0.3804 
   00602    0.4006   -5391.3170  0.3721 
   00603    0.4194   -5434.5067  0.3764 
   00604    0.4244   -5438.8544  0.3777 
   00605    0.3869   -5456.1606  0.3853 
   00606    0.4181   -5410.2336  0.3913 
   00607    0.4050   -5401.8912  0.3958 
   00608    0.4244   -5369.1461  0.3880 
   00609    0.4200   -5377.3254  0.3897 
   00610    0.4325   -5384.5027  0.3909 
   00611    0.4225   -5390.9833  0.3856 
   00612    0.4213   -5414.2109  0.3827 
   00613    0.4206   -5389.8884  0.3889 
   00614    0.4019   -5380.6844  0.3978 
   00615    0.4238   -5365.6650  0.4009 
   00616    0.4412   -5366.0143  0.4018 
   00617    0.4100   -5342.5856  0.4007 
   00618    0.4194   -5327.3470  0.4024 
   00619    0.4113   -5354.3826  0.4017 
   00620    0.4213   -5357.6461  0.4053 
   00621    0.4125   -5370.1786  0.3990 
   00622    0.4263   -5376.8650  0.3989 
   00623    0.4037   -5346.6765  0.3931 
   00624    0.4119   -5356.0861  0.3824 
   00625    0.4188   -5350.6584  0.3912 
   00626    0.4006   -5369.4913  0.3923 
   00627    0.3969   -5356.7745  0.3934 
   00628    0.4156   -5356.3992  0.3886 
   00629    0.4331   -5385.4917  0.3884 
   00630    0.4150   -5374.7656  0.3934 
   00631    0.4281   -5388.0677  0.3910 
   00632    0.4169   -5403.6648  0.3888 
   00633    0.4125   -5400.2585  0.3956 
   00634    0.3931   -5405.8662  0.3899 
   00635    0.4219   -5410.4500  0.3944 
   00636    0.4144   -5420.1078  0.3957 
   00637    0.4213   -5411.4279  0.3944 
   00638    0.4056   -5397.4259  0.3933 
   00639    0.4169   -5410.2244  0.3803 
   00640    0.4081   -5446.4260  0.3859 
   00641    0.4188   -5436.6210  0.3864 
   00642    0.4125   -5409.7703  0.3868 
   00643    0.4206   -5456.7453  0.3894 
   00644    0.4163   -5462.9509  0.3884 
   00645    0.4044   -5438.2084  0.3836 
   00646    0.4181   -5453.5938  0.3892 
   00647    0.4062   -5459.6190  0.3948 
   00648    0.4037   -5413.9553  0.3953 
   00649    0.3925   -5390.4282  0.3930 
   00650    0.4194   -5386.1870  0.3925 
   00651    0.4019   -5392.3378  0.3951 
   00652    0.4275   -5414.8042  0.3962 
   00653    0.4069   -5420.6551  0.3920 
   00654    0.4094   -5434.7623  0.3951 
   00655    0.4025   -5437.9952  0.3936 
   00656    0.4206   -5422.3166  0.3901 
   00657    0.3950   -5445.2708  0.3886 
   00658    0.4181   -5413.9859  0.3948 
   00659    0.4244   -5412.5534  0.3887 
   00660    0.4019   -5432.6126  0.3863 
   00661    0.4200   -5433.1737  0.3888 
   00662    0.3825   -5493.6345  0.3825 
   00663    0.4094   -5466.9731  0.3805 
   00664    0.4050   -5417.0416  0.3762 
   00665    0.4062   -5380.0063  0.3797 
   00666    0.4094   -5373.0022  0.3751 
   00667    0.4012   -5398.3049  0.3786 
   00668    0.4269   -5411.9118  0.3838 
   00669    0.4006   -5399.0805  0.3776 
   00670    0.4144   -5384.8215  0.3844 
   00671    0.4169   -5398.4884  0.3879 
   00672    0.4281   -5379.0847  0.3793 
   00673    0.4113   -5374.1411  0.3785 
   00674    0.4044   -5365.9168  0.3778 
   00675    0.4150   -5401.2266  0.3774 
   00676    0.4113   -5382.6231  0.3776 
   00677    0.3981   -5385.5804  0.3834 
   00678    0.4338   -5397.7720  0.3875 
   00679    0.4181   -5403.1765  0.3878 
   00680    0.4263   -5409.5106  0.3899 
   00681    0.4344   -5420.1766  0.3916 
   00682    0.3975   -5418.5137  0.3993 
   00683    0.4175   -5401.6446  0.4020 
   00684    0.4000   -5388.6918  0.4009 
   00685    0.4406   -5407.0356  0.4007 
   00686    0.4094   -5428.3785  0.3982 
   00687    0.4025   -5420.5449  0.4049 
   00688    0.4138   -5403.8658  0.3936 
   00689    0.3937   -5402.4920  0.3859 
   00690    0.3950   -5375.2793  0.3859 
   00691    0.4363   -5398.2795  0.3928 
   00692    0.4381   -5397.7293  0.3989 
   00693    0.4238   -5448.9024  0.4098 
   00694    0.4062   -5420.2944  0.4055 
   00695    0.4275   -5390.9973  0.4023 
   00696    0.3956   -5411.8463  0.3908 
   00697    0.4256   -5416.4199  0.3902 
   00698    0.4031   -5407.3488  0.3895 
   00699    0.3962   -5411.3079  0.3877 
   00700    0.4138   -5418.9731  0.3911 
   00701    0.3987   -5409.5639  0.3923 
   00702    0.4094   -5409.2959  0.3916 
   00703    0.4325   -5420.6881  0.3968 
   00704    0.4062   -5429.2039  0.3978 
   00705    0.4025   -5429.9710  0.3970 
   00706    0.4244   -5420.7229  0.4031 
   00707    0.4138   -5425.5177  0.4052 
   00708    0.4244   -5453.6400  0.4056 
   00709    0.4244   -5467.7043  0.4033 
   00710    0.4356   -5386.0528  0.3989 
   00711    0.4169   -5398.0579  0.3999 
   00712    0.4219   -5389.1351  0.4012 
   00713    0.3906   -5373.8001  0.4000 
   00714    0.4325   -5405.0564  0.3997 
   00715    0.4031   -5414.0964  0.4002 
   00716    0.4150   -5372.0969  0.3973 
   00717    0.4106   -5358.3347  0.4028 
   00718    0.4456   -5339.1409  0.4080 
   00719    0.4225   -5355.5599  0.4162 
   00720    0.4356   -5437.3215  0.4207 
   00721    0.4306   -5423.3229  0.4206 
   00722    0.4125   -5409.2587  0.4162 
   00723    0.4106   -5410.6801  0.4211 
   00724    0.4050   -5391.4270  0.4154 
   00725    0.4106   -5386.9727  0.4130 
   00726    0.4075   -5401.1203  0.4202 
   00727    0.4081   -5398.5620  0.4067 
   00728    0.4012   -5395.1820  0.4117 
   00729    0.3981   -5420.7896  0.4073 
   00730    0.4244   -5443.2260  0.4076 
   00731    0.4106   -5442.7909  0.4010 
   00732    0.4056   -5358.5369  0.4025 
   00733    0.4037   -5396.3404  0.3985 
   00734    0.4200   -5404.4013  0.3910 
   00735    0.4037   -5417.9055  0.3910 
   00736    0.4075   -5420.8644  0.3933 
   00737    0.4225   -5452.7166  0.3932 
   00738    0.4244   -5467.8372  0.4076 
   00739    0.4244   -5429.5850  0.4042 
   00740    0.4163   -5462.9229  0.4052 
   00741    0.4100   -5471.7856  0.4145 
   00742    0.4088   -5458.0422  0.4164 
   00743    0.4213   -5459.1941  0.4087 
   00744    0.4181   -5507.0077  0.4061 
   00745    0.4225   -5519.6039  0.3954 
   00746    0.4144   -5523.5239  0.3943 
   00747    0.4125   -5498.3935  0.3883 
   00748    0.4300   -5493.9689  0.3895 
   00749    0.4100   -5465.3812  0.3878 
   00750    0.4106   -5438.5110  0.3846 
   00751    0.4106   -5456.1223  0.3785 
   00752    0.3925   -5430.2365  0.3754 
   00753    0.4169   -5408.9785  0.3810 
   00754    0.4056   -5443.9501  0.3882 
   00755    0.4225   -5444.6326  0.3910 
   00756    0.4119   -5429.0756  0.3880 
   00757    0.4069   -5403.0511  0.3932 
   00758    0.4062   -5423.8304  0.3993 
   00759    0.4363   -5436.4956  0.4000 
   00760    0.4238   -5432.3516  0.4001 
   00761    0.4238   -5404.4650  0.3993 
   00762    0.4125   -5435.2126  0.3936 
   00763    0.3862   -5440.3814  0.3991 
   00764    0.4025   -5415.9870  0.3945 
   00765    0.4169   -5402.7953  0.3922 
   00766    0.4081   -5454.6338  0.3974 
   00767    0.3875   -5448.9199  0.3921 
   00768    0.3925   -5421.9248  0.4049 
   00769    0.4456   -5399.8436  0.4060 
   00770    0.4244   -5377.8392  0.4161 
   00771    0.4125   -5350.5887  0.4166 
   00772    0.4150   -5372.4933  0.4160 
   00773    0.4012   -5351.4817  0.4072 
   00774    0.3887   -5335.2391  0.4088 
   00775    0.4412   -5357.1599  0.4148 
   00776    0.4200   -5372.6597  0.4183 
   00777    0.3975   -5374.1513  0.4203 
   00778    0.4175   -5366.5134  0.4217 
   00779    0.4044   -5381.0736  0.4321 
   00780    0.4231   -5385.8033  0.4330 
   00781    0.4144   -5383.9344  0.4269 
   00782    0.4169   -5417.7384  0.4266 
   00783    0.4481   -5415.0196  0.4336 
   00784    0.4462   -5442.1014  0.4377 
   00785    0.4006   -5434.7781  0.4390 
   00786    0.4325   -5401.2948  0.4500 
   00787    0.4344   -5405.2799  0.4493 
   00788    0.4256   -5414.6171  0.4514 
   00789    0.4169   -5414.4636  0.4534 
   00790    0.4175   -5399.4711  0.4508 
   00791    0.3887   -5366.2600  0.4465 
   00792    0.4206   -5342.4542  0.4394 
   00793    0.3987   -5366.5970  0.4367 
   00794    0.4156   -5409.7027  0.4385 
   00795    0.4056   -5444.4549  0.4459 
   00796    0.4019   -5441.6891  0.4478 
   00797    0.4194   -5478.4831  0.4519 
   00798    0.4125   -5477.1044  0.4474 
   00799    0.4256   -5513.0300  0.4434 
   00800    0.3925   -5524.4615  0.4404 
   00801    0.4125   -5509.5946  0.4405 
   00802    0.4231   -5482.8948  0.4332 
   00803    0.4069   -5459.0421  0.4258 
   00804    0.4225   -5450.8788  0.4242 
   00805    0.4125   -5437.3630  0.4262 
   00806    0.4194   -5429.2873  0.4240 
   00807    0.4150   -5392.0268  0.4214 
   00808    0.4119   -5392.3155  0.4157 
   00809    0.3956   -5411.9064  0.4211 
   00810    0.4219   -5417.3452  0.4174 
   00811    0.4300   -5412.7691  0.4150 
   00812    0.4275   -5405.4725  0.4155 
   00813    0.4375   -5437.2479  0.4145 
   00814    0.4231   -5478.7577  0.4203 
   00815    0.3969   -5464.7417  0.4225 
   00816    0.4062   -5419.3953  0.4188 
   00817    0.4138   -5450.5705  0.4248 
   00818    0.4100   -5439.5086  0.4209 
   00819    0.4181   -5453.9253  0.4190 
   00820    0.4081   -5439.9783  0.4233 
   00821    0.4056   -5385.5167  0.4195 
   00822    0.4288   -5412.6370  0.4224 
   00823    0.4175   -5387.6021  0.4205 
   00824    0.4131   -5392.0150  0.4277 
   00825    0.4319   -5418.3134  0.4231 
   00826    0.4131   -5405.4279  0.4203 
   00827    0.4125   -5401.1329  0.4137 
   00828    0.4138   -5417.5994  0.4109 
   00829    0.4044   -5402.7794  0.4090 
   00830    0.4281   -5404.6877  0.4108 
   00831    0.4125   -5390.6166  0.4159 
   00832    0.4050   -5392.7013  0.4204 
   00833    0.4113   -5403.4896  0.4229 
   00834    0.4250   -5404.8011  0.4273 
   00835    0.4050   -5428.2444  0.4222 
   00836    0.3906   -5404.7266  0.4246 
   00837    0.4238   -5453.9380  0.4238 
   00838    0.4181   -5459.8231  0.4260 
   00839    0.4119   -5417.8143  0.4231 
   00840    0.4250   -5396.4547  0.4272 
   00841    0.4094   -5408.1983  0.4369 
   00842    0.4250   -5409.1270  0.4412 
   00843    0.4219   -5419.7434  0.4427 
   00844    0.4250   -5422.4279  0.4418 
   00845    0.4100   -5388.2075  0.4357 
   00846    0.4169   -5423.1758  0.4365 
   00847    0.3906   -5424.9837  0.4390 
   00848    0.4512   -5420.0600  0.4412 
   00849    0.3969   -5420.3709  0.4429 
   00850    0.4250   -5445.7149  0.4427 
   00851    0.4206   -5474.6640  0.4421 
   00852    0.4125   -5427.9015  0.4425 
   00853    0.4238   -5426.3924  0.4430 
   00854    0.4025   -5419.6804  0.4459 
   00855    0.4256   -5417.1969  0.4510 
   00856    0.4250   -5425.7122  0.4566 
   00857    0.4319   -5394.9726  0.4589 
   00858    0.4138   -5405.2979  0.4554 
   00859    0.3987   -5440.5100  0.4547 
   00860    0.4350   -5439.9041  0.4660 
   00861    0.4150   -5437.3622  0.4631 
   00862    0.4044   -5416.2388  0.4620 
   00863    0.4331   -5420.2454  0.4674 
   00864    0.4006   -5416.2142  0.4520 
   00865    0.4062   -5380.2163  0.4452 
   00866    0.4088   -5403.8557  0.4449 
   00867    0.4081   -5433.8039  0.4426 
   00868    0.4213   -5424.1895  0.4367 
   00869    0.4263   -5455.8932  0.4372 
   00870    0.4081   -5450.2930  0.4396 
   00871    0.4213   -5416.8671  0.4366 
   00872    0.4250   -5393.8071  0.4359 
   00873    0.4181   -5395.7027  0.4307 
   00874    0.4181   -5455.9892  0.4316 
   00875    0.4050   -5463.3392  0.4290 
   00876    0.3956   -5445.9946  0.4264 
   00877    0.3981   -5450.2322  0.4276 
   00878    0.3944   -5426.5705  0.4277 
   00879    0.4288   -5419.9685  0.4365 
   00880    0.4081   -5422.0217  0.4386 
   00881    0.4313   -5426.1802  0.4355 
   00882    0.4200   -5385.9854  0.4369 
   00883    0.4188   -5379.1002  0.4398 
   00884    0.4144   -5351.1825  0.4311 
   00885    0.4156   -5350.1584  0.4350 
   00886    0.4250   -5338.6382  0.4294 
   00887    0.4131   -5296.6118  0.4291 
   00888    0.4462   -5323.3067  0.4350 
   00889    0.4163   -5383.6394  0.4400 
   00890    0.4400   -5390.6227  0.4439 
   00891    0.4100   -5377.4997  0.4397 
   00892    0.4075   -5363.6773  0.4381 
   00893    0.4319   -5417.6900  0.4438 
   00894    0.4319   -5433.1423  0.4486 
   00895    0.4088   -5403.8920  0.4516 
   00896    0.4113   -5438.5673  0.4554 
   00897    0.4169   -5445.8543  0.4618 
   00898    0.4025   -5443.2610  0.4560 
   00899    0.4294   -5439.1643  0.4566 
   00900    0.4169   -5463.5111  0.4649 
   00901    0.4106   -5449.0323  0.4684 
   00902    0.4275   -5455.5130  0.4660 
   00903    0.3906   -5426.5985  0.4567 
   00904    0.4113   -5442.0187  0.4560 
   00905    0.4200   -5435.4338  0.4523 
   00906    0.4238   -5420.4886  0.4574 
   00907    0.3931   -5444.0012  0.4563 
   00908    0.4019   -5444.3407  0.4606 
   00909    0.4163   -5438.6628  0.4708 
   00910    0.4381   -5447.9571  0.4810 
   00911    0.4231   -5435.6852  0.4843 
   00912    0.4019   -5404.2090  0.4854 
   00913    0.4069   -5397.7827  0.4809 
   00914    0.4381   -5416.3998  0.4764 
   00915    0.4150   -5427.2937  0.4746 
   00916    0.4369   -5416.7702  0.4682 
   00917    0.4075   -5445.4796  0.4664 
   00918    0.3900   -5470.4045  0.4671 
   00919    0.4125   -5465.3445  0.4751 
   00920    0.4037   -5473.0548  0.4751 
   00921    0.4231   -5463.0803  0.4670 
   00922    0.4144   -5466.6521  0.4648 
   00923    0.4138   -5447.4217  0.4640 
   00924    0.3987   -5434.3329  0.4699 
   00925    0.4150   -5416.7279  0.4766 
   00926    0.3969   -5441.6813  0.4744 
   00927    0.4113   -5468.9539  0.4729 
   00928    0.4106   -5484.5845  0.4764 
   00929    0.4094   -5436.1297  0.4750 
   00930    0.4037   -5431.3864  0.4709 
   00931    0.4094   -5399.7789  0.4614 
   00932    0.4294   -5384.6243  0.4656 
   00933    0.4069   -5356.4491  0.4589 
   00934    0.4075   -5400.9669  0.4600 
   00935    0.4281   -5372.0765  0.4623 
   00936    0.4169   -5378.0858  0.4614 
   00937    0.4012   -5367.6938  0.4446 
   00938    0.4131   -5391.3330  0.4452 
   00939    0.4231   -5382.7732  0.4545 
   00940    0.4188   -5416.5169  0.4543 
   00941    0.4125   -5381.8242  0.4574 
   00942    0.4094   -5371.4137  0.4634 
   00943    0.4269   -5388.0348  0.4692 
   00944    0.4106   -5358.9218  0.4662 
   00945    0.4375   -5366.5358  0.4636 
   00946    0.4000   -5394.3824  0.4708 
   00947    0.4225   -5403.6894  0.4749 
   00948    0.3987   -5382.2448  0.4733 
   00949    0.3881   -5402.9646  0.4653 
   00950    0.4206   -5401.5694  0.4729 
   00951    0.4113   -5438.4602  0.4775 
   00952    0.3856   -5410.0394  0.4735 
   00953    0.4113   -5419.8907  0.4676 
   00954    0.3875   -5416.2500  0.4640 
   00955    0.4119   -5443.3122  0.4680 
   00956    0.4144   -5413.3537  0.4685 
   00957    0.4006   -5405.3878  0.4669 
   00958    0.4181   -5338.7190  0.4707 
   00959    0.4219   -5367.1697  0.4760 
   00960    0.3956   -5442.1184  0.4791 
   00961    0.4062   -5458.3424  0.4848 
   00962    0.4081   -5441.8401  0.4761 
   00963    0.4006   -5441.1373  0.4648 
   00964    0.4069   -5419.9676  0.4556 
   00965    0.3937   -5436.1034  0.4530 
   00966    0.3975   -5394.1386  0.4507 
   00967    0.4219   -5397.9450  0.4574 
   00968    0.4231   -5380.7141  0.4615 
   00969    0.4238   -5422.7748  0.4670 
   00970    0.4081   -5421.7752  0.4659 
   00971    0.4144   -5426.6108  0.4590 
   00972    0.4050   -5431.4626  0.4569 
   00973    0.4119   -5427.9469  0.4526 
   00974    0.4062   -5444.7058  0.4493 
   00975    0.4344   -5424.2068  0.4510 
   00976    0.4106   -5433.4623  0.4543 
   00977    0.4094   -5423.1444  0.4534 
   00978    0.3844   -5431.0874  0.4562 
   00979    0.4238   -5453.4030  0.4566 
   00980    0.4156   -5452.1664  0.4661 
   00981    0.4375   -5481.2710  0.4727 
   00982    0.4037   -5477.4417  0.4744 
   00983    0.4050   -5453.7402  0.4698 
   00984    0.4037   -5436.3777  0.4721 
   00985    0.4263   -5434.9516  0.4697 
   00986    0.3919   -5406.9479  0.4690 
   00987    0.4225   -5400.8648  0.4626 
   00988    0.3994   -5398.1364  0.4674 
   00989    0.4156   -5408.0126  0.4772 
   00990    0.4150   -5404.9823  0.4643 
   00991    0.4019   -5426.1548  0.4727 
   00992    0.4081   -5475.5752  0.4805 
   00993    0.4288   -5485.6248  0.4809 
   00994    0.4100   -5482.1250  0.4796 
   00995    0.4194   -5479.1383  0.4827 
   00996    0.4200   -5463.8855  0.4789 
   00997    0.3987   -5425.2442  0.4792 
   00998    0.4069   -5408.7947  0.4842 
   00999    0.3881   -5450.2416  0.4831 
   01000    0.4219   -5445.6577  0.4871 
