#=====================================================
# File created:        Tue-04-Nov-2025-at-06-35-36AM
# Size of lattice:     20x20
# Number of MC steps:  1000
# Reduced temperature: 0.500
# Run time (s):        3.025871
#=====================================================
# MC step:  Ratio:     Energy:   Order:
#=====================================================
   00000    0.5000    -353.6665  0.2752 
   00001    0.6975    -460.1187  0.3094 
   00002    0.6750    -538.3153  0.3097 
   00003    0.6650    -586.9488  0.3345 
   00004    0.6175    -609.0428  0.3574 
   00005    0.6400    -640.3958  0.3653 
   00006    0.6125    -674.7423  0.3865 
   00007    0.6300    -718.2429  0.3879 
   00008    0.5750    -744.1758  0.4054 
   00009    0.5425    -774.6993  0.4104 
   00010    0.5775    -801.6433  0.4209 
   00011    0.5975    -830.2514  0.4110 
   00012    0.5650    -863.1107  0.4139 
   00013    0.5875    -870.4201  0.4196 
   00014    0.5550    -899.8515  0.4270 
   00015    0.4625    -913.3709  0.4221 
   00016    0.5800    -918.4200  0.4117 
   00017    0.5275    -934.1768  0.4219 
   00018    0.5150    -955.6323  0.4265 
   00019    0.5075    -985.9588  0.4175 
   00020    0.5125   -1002.5390  0.4244 
   00021    0.5175   -1012.2637  0.4290 
   00022    0.5200   -1026.0379  0.4325 
   00023    0.5025   -1036.1390  0.4241 
   00024    0.5250   -1046.4868  0.4252 
   00025    0.4950   -1059.1731  0.4289 
   00026    0.5375   -1068.3250  0.4249 
   00027    0.4700   -1077.5928  0.4265 
   00028    0.4675   -1095.3847  0.4215 
   00029    0.5175   -1095.0766  0.4179 
   00030    0.4900   -1104.9915  0.4218 
   00031    0.4575   -1111.4265  0.4274 
   00032    0.5050   -1116.4540  0.4181 
   00033    0.4800   -1110.2134  0.4162 
   00034    0.5100   -1117.4300  0.4210 
   00035    0.4550   -1114.0644  0.4230 
   00036    0.4525   -1115.4573  0.4292 
   00037    0.5050   -1115.5470  0.4450 
   00038    0.4775   -1126.8606  0.4452 
   00039    0.5175   -1143.4612  0.4518 
   00040    0.5075   -1154.7255  0.4506 
   00041    0.4150   -1153.0307  0.4464 
   00042    0.4775   -1150.8332  0.4427 
   00043    0.4725   -1141.0542  0.4446 
   00044    0.4650   -1141.1144  0.4384 
   00045    0.4525   -1152.8520  0.4327 
   00046    0.4875   -1141.1337  0.4337 
   00047    0.4850   -1153.8738  0.4403 
   00048    0.4625   -1155.8089  0.4447 
   00049    0.4475   -1161.5566  0.4438 
   00050    0.4350   -1166.0491  0.4445 
   00051    0.4725   -1165.0049  0.4454 
   00052    0.4350   -1171.2340  0.4463 
   00053    0.4050   -1176.9961  0.4520 
   00054    0.4575   -1178.7628  0.4525 
   00055    0.4350   -1178.3858  0.4549 
   00056    0.4150   -1192.3772  0.4558 
   00057    0.4200   -1179.2371  0.4542 
   00058    0.4625   -1178.1681  0.4520 
   00059    0.4525   -1180.2806  0.4514 
   00060    0.4650   -1179.8615  0.4526 
   00061    0.4650   -1184.0562  0.4523 
   00062    0.4525   -1193.8865  0.4608 
   00063    0.4875   -1186.7712  0.4614 
   00064    0.4150   -1196.3416  0.4551 
   00065    0.4750   -1197.9049  0.4514 
   00066    0.4225   -1195.1261  0.4586 
   00067    0.4100   -1199.4316  0.4564 
   00068    0.4650   -1207.9645  0.4636 
   00069    0.4675   -1202.9014  0.4639 
   00070    0.5100   -1209.5861  0.4551 
   00071    0.4750   -1232.9483  0.4552 
   00072    0.4150   -1241.4754  0.4594 
   00073    0.4900   -1242.1170  0.4518 
   00074    0.4175   -1232.0814  0.4432 
   00075    0.4550   -1226.1704  0.4319 
   00076    0.4750   -1220.2120  0.4413 
   00077    0.4400   -1220.9490  0.4485 
   00078    0.4525   -1223.8687  0.4418 
   00079    0.4675   -1228.6469  0.4461 
   00080    0.4600   -1236.1700  0.4533 
   00081    0.4000   -1233.2059  0.4451 
   00082    0.4350   -1232.0506  0.4511 
   00083    0.4575   -1231.9093  0.4547 
   00084    0.4625   -1240.3306  0.4570 
   00085    0.4300   -1237.2285  0.4556 
   00086    0.4200   -1232.4495  0.4568 
   00087    0.4450   -1238.4179  0.4549 
   00088    0.4100   -1245.7922  0.4518 
   00089    0.4550   -1252.6570  0.4574 
   00090    0.3925   -1251.7868  0.4558 
   00091    0.4650   -1246.8644  0.4598 
   00092    0.4575   -1243.5965  0.4685 
   00093    0.4325   -1247.0727  0.4718 
   00094    0.4450   -1238.9145  0.4609 
   00095    0.4375   -1241.5229  0.4539 
   00096    0.4400   -1239.9010  0.4527 
   00097    0.4075   -1244.4271  0.4551 
   00098    0.4175   -1239.0679  0.4575 
   00099    0.3775   -1246.5046  0.4568 
   00100    0.4450   -1239.4658  0.4499 
   00101    0.4550   -1253.7465  0.4503 
   00102    0.4150   -1247.0408  0.4559 
   00103    0.4675   -1245.5547  0.4619 
   00104    0.3725   -1257.3581  0.4641 
   00105    0.4450   -1255.1836  0.4619 
   00106    0.4375   -1250.3926  0.4673 
   00107    0.3925   -1255.3104  0.4668 
   00108    0.4200   -1246.8341  0.4630 
   00109    0.5025   -1243.9630  0.4550 
   00110    0.4750   -1238.9337  0.4528 
   00111    0.4425   -1236.5658  0.4583 
   00112    0.4175   -1247.7348  0.4586 
   00113    0.4100   -1256.5595  0.4368 
   00114    0.4000   -1250.2099  0.4349 
   00115    0.4700   -1251.0164  0.4404 
   00116    0.4100   -1264.8121  0.4399 
   00117    0.4300   -1257.5511  0.4443 
   00118    0.4500   -1270.6785  0.4444 
   00119    0.4800   -1270.9166  0.4406 
   00120    0.4250   -1267.7047  0.4401 
   00121    0.3775   -1261.5954  0.4403 
   00122    0.4700   -1256.4806  0.4284 
   00123    0.4225   -1255.6635  0.4225 
   00124    0.4325   -1259.8449  0.4207 
   00125    0.4150   -1265.7731  0.4177 
   00126    0.4075   -1267.4490  0.4228 
   00127    0.4600   -1259.0177  0.4257 
   00128    0.4100   -1254.2938  0.4259 
   00129    0.4525   -1260.6375  0.4193 
   00130    0.4750   -1262.1323  0.4028 
   00131    0.4275   -1251.2116  0.4016 
   00132    0.4350   -1248.0713  0.4059 
   00133    0.4350   -1248.0879  0.4097 
   00134    0.4250   -1237.1811  0.4019 
   00135    0.4200   -1232.4137  0.4075 
   00136    0.4350   -1234.0592  0.3968 
   00137    0.4625   -1241.2264  0.3973 
   00138    0.4300   -1246.9662  0.4073 
   00139    0.4500   -1235.9429  0.4179 
   00140    0.4475   -1242.8822  0.4130 
   00141    0.4050   -1242.6736  0.4191 
   00142    0.4900   -1237.2343  0.4156 
   00143    0.4500   -1239.8673  0.4166 
   00144    0.4375   -1237.8607  0.4091 
   00145    0.4425   -1239.6787  0.4061 
   00146    0.4525   -1231.7512  0.4076 
   00147    0.4575   -1237.2441  0.4074 
   00148    0.4950   -1233.7264  0.4038 
   00149    0.4475   -1235.7767  0.3943 
   00150    0.4425   -1233.2776  0.3987 
   00151    0.4300   -1248.9572  0.4006 
   00152    0.4425   -1240.6207  0.4008 
   00153    0.4375   -1240.2013  0.3954 
   00154    0.4225   -1243.6563  0.3916 
   00155    0.4200   -1253.4655  0.3901 
   00156    0.4275   -1242.3880  0.4013 
   00157    0.4050   -1239.4655  0.4162 
   00158    0.3725   -1249.4955  0.4152 
   00159    0.3975   -1246.0384  0.4206 
   00160    0.4250   -1248.9880  0.4163 
   00161    0.4375   -1260.5434  0.4200 
   00162    0.4475   -1253.6627  0.4270 
   00163    0.4000   -1253.4919  0.4301 
   00164    0.4350   -1249.6524  0.4305 
   00165    0.4150   -1240.1593  0.4238 
   00166    0.4225   -1243.9852  0.4226 
   00167    0.4300   -1254.1062  0.4287 
   00168    0.4200   -1250.7364  0.4367 
   00169    0.4350   -1248.5365  0.4259 
   00170    0.4325   -1259.0409  0.4341 
   00171    0.3875   -1262.1675  0.4166 
   00172    0.4250   -1263.8439  0.4171 
   00173    0.4450   -1273.6054  0.4287 
   00174    0.4575   -1278.2466  0.4302 
   00175    0.4075   -1266.9583  0.4204 
   00176    0.3900   -1262.8095  0.4277 
   00177    0.3975   -1265.6868  0.4382 
   00178    0.4050   -1254.6277  0.4324 
   00179    0.3975   -1252.8828  0.4239 
   00180    0.4100   -1248.9229  0.4259 
   00181    0.4400   -1247.8062  0.4332 
   00182    0.4300   -1255.7108  0.4263 
   00183    0.4500   -1257.2589  0.4212 
   00184    0.4400   -1265.4651  0.4241 
   00185    0.4325   -1272.8568  0.4306 
   00186    0.4050   -1275.9045  0.4201 
   00187    0.4200   -1276.0030  0.4260 
   00188    0.4475   -1276.9990  0.4404 
   00189    0.4275   -1290.3492  0.4474 
   00190    0.4225   -1293.4632  0.4591 
   00191    0.4475   -1294.0274  0.4509 
   00192    0.3975   -1292.2107  0.4399 
   00193    0.3850   -1292.5959  0.4442 
   00194    0.4475   -1303.3749  0.4383 
   00195    0.4000   -1305.5402  0.4398 
   00196    0.3975   -1314.8286  0.4432 
   00197    0.4400   -1301.9920  0.4465 
   00198    0.4450   -1306.2909  0.4536 
   00199    0.4275   -1310.7822  0.4468 
   00200    0.4650   -1302.5232  0.4484 
   00201    0.4200   -1307.7533  0.4393 
   00202    0.4425   -1311.6591  0.4368 
   00203    0.4400   -1316.3250  0.4311 
   00204    0.4175   -1313.7735  0.4236 
   00205    0.4175   -1317.0404  0.4272 
   00206    0.4300   -1308.1390  0.4263 
   00207    0.4350   -1315.3006  0.4368 
   00208    0.4350   -1316.2740  0.4378 
   00209    0.4125   -1299.3206  0.4353 
   00210    0.4100   -1306.6269  0.4439 
   00211    0.4575   -1300.5795  0.4395 
   00212    0.3800   -1302.9214  0.4431 
   00213    0.4350   -1307.5091  0.4556 
   00214    0.4425   -1295.2605  0.4600 
   00215    0.4200   -1297.6495  0.4658 
   00216    0.4275   -1300.5708  0.4721 
   00217    0.4200   -1300.9173  0.4748 
   00218    0.4100   -1306.4757  0.4695 
   00219    0.4250   -1314.3336  0.4731 
   00220    0.4325   -1328.6782  0.4759 
   00221    0.4225   -1309.9293  0.4712 
   00222    0.3875   -1318.5693  0.4757 
   00223    0.4300   -1337.5243  0.4806 
   00224    0.4175   -1334.0066  0.4866 
   00225    0.3950   -1328.6553  0.4840 
   00226    0.4150   -1326.2144  0.4852 
   00227    0.4275   -1320.9037  0.4862 
   00228    0.4000   -1322.1223  0.4839 
   00229    0.4475   -1315.5196  0.4805 
   00230    0.3700   -1322.3281  0.4846 
   00231    0.4075   -1311.6185  0.4883 
   00232    0.3875   -1299.1054  0.4876 
   00233    0.4500   -1301.0108  0.4825 
   00234    0.4125   -1308.0964  0.4810 
   00235    0.3925   -1315.1546  0.4815 
   00236    0.4375   -1314.1090  0.4867 
   00237    0.4400   -1316.4136  0.4823 
   00238    0.4450   -1312.3735  0.4898 
   00239    0.4325   -1295.3826  0.4861 
   00240    0.3925   -1296.1678  0.4919 
   00241    0.4175   -1302.6441  0.5049 
   00242    0.4025   -1292.1821  0.5041 
   00243    0.4400   -1295.5446  0.5076 
   00244    0.3775   -1293.6822  0.5076 
   00245    0.3850   -1294.5366  0.5086 
   00246    0.4700   -1299.1900  0.5041 
   00247    0.4450   -1313.6629  0.5112 
   00248    0.4400   -1316.3364  0.5087 
   00249    0.4450   -1313.3721  0.5149 
   00250    0.3925   -1312.4437  0.5141 
   00251    0.4575   -1318.2957  0.5073 
   00252    0.4275   -1323.4054  0.5065 
   00253    0.4125   -1313.8420  0.4981 
   00254    0.4200   -1324.7570  0.4947 
   00255    0.3900   -1319.4368  0.4989 
   00256    0.4525   -1326.6368  0.4973 
   00257    0.3900   -1333.0386  0.5023 
   00258    0.4100   -1331.1082  0.5067 
   00259    0.3975   -1340.0423  0.5170 
   00260    0.4250   -1330.0175  0.5140 
   00261    0.3975   -1339.8378  0.5119 
   00262    0.3650   -1340.7384  0.5069 
   00263    0.4175   -1345.2908  0.5057 
   00264    0.4075   -1345.4743  0.5094 
   00265    0.4250   -1338.5982  0.5063 
   00266    0.4150   -1337.4216  0.5161 
   00267    0.3725   -1329.3978  0.5131 
   00268    0.4325   -1338.8486  0.5218 
   00269    0.4650   -1349.9590  0.5242 
   00270    0.4625   -1344.2317  0.5248 
   00271    0.4075   -1338.9189  0.5206 
   00272    0.3675   -1336.6237  0.5176 
   00273    0.4700   -1333.6503  0.5155 
   00274    0.3950   -1336.9181  0.5210 
   00275    0.4325   -1338.1745  0.5238 
   00276    0.4350   -1337.3433  0.5324 
   00277    0.4200   -1328.1362  0.5265 
   00278    0.4400   -1334.5461  0.5336 
   00279    0.4050   -1329.6679  0.5315 
   00280    0.4725   -1325.1800  0.5220 
   00281    0.4825   -1314.7592  0.5183 
   00282    0.3800   -1315.4791  0.5112 
   00283    0.4050   -1320.4747  0.5117 
   00284    0.4125   -1315.4988  0.5138 
   00285    0.4350   -1310.1268  0.5160 
   00286    0.4350   -1315.6382  0.5225 
   00287    0.3900   -1319.3170  0.5261 
   00288    0.4150   -1328.5935  0.5275 
   00289    0.3850   -1329.7580  0.5192 
   00290    0.4225   -1323.4205  0.5190 
   00291    0.4075   -1320.5844  0.5169 
   00292    0.3725   -1318.1843  0.5266 
   00293    0.4225   -1314.4872  0.5287 
   00294    0.4400   -1307.3368  0.5292 
   00295    0.4100   -1308.2546  0.5328 
   00296    0.3850   -1309.9460  0.5288 
   00297    0.4475   -1315.6407  0.5297 
   00298    0.4150   -1313.3268  0.5283 
   00299    0.4150   -1317.1582  0.5234 
   00300    0.4675   -1317.3467  0.5122 
   00301    0.4125   -1323.3147  0.5170 
   00302    0.4150   -1327.1629  0.5120 
   00303    0.4225   -1331.4965  0.5195 
   00304    0.4475   -1332.4953  0.5234 
   00305    0.4125   -1334.7277  0.5223 
   00306    0.3925   -1328.4563  0.5211 
   00307    0.4250   -1326.1491  0.5268 
   00308    0.4250   -1320.0173  0.5233 
   00309    0.4500   -1333.7623  0.5288 
   00310    0.4025   -1332.5455  0.5206 
   00311    0.4400   -1337.1472  0.5196 
   00312    0.4175   -1332.7879  0.5306 
   00313    0.4125   -1329.0581  0.5269 
   00314    0.3975   -1330.5119  0.5230 
   00315    0.4275   -1346.8717  0.5197 
   00316    0.4575   -1335.1832  0.5232 
   00317    0.4475   -1342.5291  0.5259 
   00318    0.3975   -1352.0552  0.5352 
   00319    0.4275   -1353.8805  0.5369 
   00320    0.4075   -1343.3281  0.5284 
   00321    0.3925   -1346.6294  0.5181 
   00322    0.4450   -1346.9671  0.5248 
   00323    0.4150   -1349.9490  0.5292 
   00324    0.3925   -1353.8774  0.5289 
   00325    0.4150   -1354.1674  0.5280 
   00326    0.4425   -1353.3261  0.5293 
   00327    0.4400   -1352.0233  0.5285 
   00328    0.4325   -1356.3645  0.5347 
   00329    0.4050   -1360.6761  0.5306 
   00330    0.4350   -1348.3816  0.5431 
   00331    0.4325   -1340.3132  0.5461 
   00332    0.4550   -1336.0430  0.5553 
   00333    0.4275   -1324.2721  0.5492 
   00334    0.4400   -1313.9151  0.5537 
   00335    0.4025   -1328.1185  0.5657 
   00336    0.4000   -1320.6270  0.5689 
   00337    0.4350   -1313.3235  0.5675 
   00338    0.3775   -1316.0016  0.5757 
   00339    0.4325   -1324.6566  0.5732 
   00340    0.4300   -1331.3953  0.5685 
   00341    0.4425   -1330.5085  0.5694 
   00342    0.4300   -1333.0644  0.5728 
   00343    0.4350   -1330.1126  0.5792 
   00344    0.4050   -1329.1215  0.5733 
   00345    0.3925   -1330.7526  0.5747 
   00346    0.4250   -1331.7036  0.5703 
   00347    0.3950   -1324.7511  0.5695 
   00348    0.3925   -1322.6928  0.5611 
   00349    0.4150   -1321.4180  0.5517 
   00350    0.4175   -1327.7758  0.5487 
   00351    0.4700   -1332.3979  0.5520 
   00352    0.4375   -1331.4079  0.5541 
   00353    0.4125   -1323.8626  0.5621 
   00354    0.4200   -1327.1054  0.5636 
   00355    0.4400   -1333.9978  0.5667 
   00356    0.4125   -1333.3595  0.5673 
   00357    0.4025   -1333.5914  0.5671 
   00358    0.4150   -1326.9892  0.5668 
   00359    0.4250   -1329.9529  0.5714 
   00360    0.4475   -1334.7221  0.5769 
   00361    0.4100   -1338.6584  0.5813 
   00362    0.4075   -1333.6879  0.5777 
   00363    0.3875   -1330.3629  0.5842 
   00364    0.4400   -1324.9846  0.5874 
   00365    0.4450   -1342.3791  0.5954 
   00366    0.4550   -1353.7966  0.5945 
   00367    0.4300   -1354.4710  0.5913 
   00368    0.4200   -1358.4785  0.5955 
   00369    0.3875   -1352.9922  0.5948 
   00370    0.4025   -1369.3042  0.6009 
   00371    0.3950   -1368.7491  0.5985 
   00372    0.4150   -1365.5632  0.5978 
   00373    0.4625   -1356.9928  0.6047 
   00374    0.3850   -1365.8581  0.6114 
   00375    0.3925   -1371.4528  0.6102 
   00376    0.3950   -1356.5628  0.6096 
   00377    0.4025   -1353.9016  0.6096 
   00378    0.4275   -1359.7079  0.6230 
   00379    0.4000   -1358.4344  0.6200 
   00380    0.4025   -1350.8796  0.6175 
   00381    0.4175   -1354.2891  0.6248 
   00382    0.4475   -1360.3038  0.6250 
   00383    0.4400   -1359.4138  0.6242 
   00384    0.4300   -1352.9683  0.6324 
   00385    0.4125   -1359.9137  0.6295 
   00386    0.4225   -1360.4211  0.6345 
   00387    0.4425   -1358.0892  0.6310 
   00388    0.4075   -1354.6541  0.6285 
   00389    0.4125   -1356.8045  0.6275 
   00390    0.4175   -1349.0701  0.6265 
   00391    0.4200   -1345.2299  0.6260 
   00392    0.4250   -1359.9778  0.6282 
   00393    0.4250   -1358.0038  0.6258 
   00394    0.4200   -1358.9440  0.6352 
   00395    0.4250   -1358.9305  0.6340 
   00396    0.4000   -1352.8856  0.6409 
   00397    0.3975   -1363.5734  0.6350 
   00398    0.4275   -1365.3285  0.6475 
   00399    0.4225   -1356.1575  0.6404 
   00400    0.4775   -1359.8274  0.6419 
   00401    0.4525   -1358.2587  0.6421 
   00402    0.4200   -1363.8042  0.6372 
   00403    0.3975   -1353.7340  0.6428 
   00404    0.4325   -1354.2616  0.6438 
   00405    0.4275   -1354.8699  0.6374 
   00406    0.4475   -1349.8511  0.6419 
   00407    0.4300   -1359.6206  0.6389 
   00408    0.4150   -1362.2908  0.6422 
   00409    0.3825   -1359.6642  0.6341 
   00410    0.4100   -1350.2732  0.6332 
   00411    0.4525   -1343.7506  0.6284 
   00412    0.4000   -1335.2156  0.6181 
   00413    0.4325   -1327.9015  0.6180 
   00414    0.4100   -1324.7110  0.6218 
   00415    0.4275   -1329.4781  0.6243 
   00416    0.4100   -1335.3877  0.6342 
   00417    0.3825   -1333.6292  0.6391 
   00418    0.3975   -1330.4506  0.6344 
   00419    0.4125   -1338.0777  0.6331 
   00420    0.4325   -1339.0511  0.6375 
   00421    0.4225   -1340.3784  0.6418 
   00422    0.4375   -1338.6087  0.6566 
   00423    0.4475   -1340.9611  0.6617 
   00424    0.4600   -1338.4322  0.6588 
   00425    0.3825   -1341.7739  0.6525 
   00426    0.4050   -1344.0038  0.6555 
   00427    0.3825   -1343.4123  0.6529 
   00428    0.4625   -1350.1684  0.6504 
   00429    0.4125   -1352.2712  0.6445 
   00430    0.4100   -1355.5495  0.6413 
   00431    0.4250   -1366.3160  0.6413 
   00432    0.3875   -1356.5634  0.6446 
   00433    0.4225   -1349.4352  0.6441 
   00434    0.4050   -1353.8014  0.6471 
   00435    0.4300   -1356.0930  0.6527 
   00436    0.4125   -1353.4778  0.6497 
   00437    0.4175   -1349.1560  0.6496 
   00438    0.4325   -1355.0287  0.6560 
   00439    0.4400   -1353.3165  0.6519 
   00440    0.4050   -1358.4496  0.6479 
   00441    0.4300   -1356.3800  0.6499 
   00442    0.4200   -1356.5982  0.6498 
   00443    0.4350   -1353.4743  0.6526 
   00444    0.3775   -1341.1298  0.6468 
   00445    0.4300   -1337.7839  0.6477 
   00446    0.4300   -1337.3377  0.6452 
   00447    0.4025   -1341.0638  0.6535 
   00448    0.4200   -1337.1081  0.6503 
   00449    0.3925   -1341.9103  0.6532 
   00450    0.4150   -1341.5031  0.6533 
   00451    0.3700   -1343.1360  0.6594 
   00452    0.3575   -1344.5699  0.6599 
   00453    0.4250   -1327.8458  0.6623 
   00454    0.4275   -1319.9084  0.6567 
   00455    0.4300   -1308.0961  0.6544 
   00456    0.4000   -1317.9626  0.6581 
   00457    0.3825   -1319.6506  0.6594 
   00458    0.4525   -1310.3006  0.6544 
   00459    0.4325   -1308.7876  0.6540 
   00460    0.4025   -1311.5363  0.6404 
   00461    0.4625   -1310.5404  0.6417 
   00462    0.4150   -1328.2567  0.6447 
   00463    0.4250   -1331.1374  0.6549 
   00464    0.3925   -1330.0682  0.6512 
   00465    0.4350   -1330.7891  0.6477 
   00466    0.4150   -1335.7921  0.6409 
   00467    0.3925   -1333.6861  0.6402 
   00468    0.4150   -1331.1191  0.6508 
   00469    0.4125   -1331.2389  0.6595 
   00470    0.4675   -1339.1948  0.6772 
   00471    0.4350   -1332.0878  0.6742 
   00472    0.3625   -1332.6478  0.6661 
   00473    0.4450   -1345.4376  0.6647 
   00474    0.4350   -1341.7746  0.6748 
   00475    0.4475   -1339.9852  0.6794 
   00476    0.4150   -1334.2997  0.6733 
   00477    0.4000   -1323.1863  0.6734 
   00478    0.4250   -1322.9657  0.6676 
   00479    0.4000   -1323.7631  0.6614 
   00480    0.4125   -1318.7972  0.6569 
   00481    0.4375   -1321.6087  0.6632 
   00482    0.4300   -1331.0040  0.6647 
   00483    0.4075   -1334.4347  0.6715 
   00484    0.4075   -1340.3172  0.6762 
   00485    0.4825   -1340.2775  0.6638 
   00486    0.4175   -1331.2245  0.6648 
   00487    0.3925   -1336.7579  0.6710 
   00488    0.4175   -1342.1104  0.6832 
   00489    0.4100   -1348.6460  0.6813 
   00490    0.4250   -1345.6331  0.6730 
   00491    0.4375   -1354.1109  0.6750 
   00492    0.4350   -1365.3246  0.6755 
   00493    0.4175   -1363.7235  0.6694 
   00494    0.4375   -1359.2996  0.6650 
   00495    0.4500   -1365.6899  0.6690 
   00496    0.4475   -1355.9492  0.6667 
   00497    0.3950   -1349.1550  0.6625 
   00498    0.4200   -1356.7939  0.6721 
   00499    0.3825   -1360.3946  0.6723 
   00500    0.4275   -1349.3902  0.6557 
   00501    0.4525   -1350.1590  0.6632 
   00502    0.3975   -1349.6867  0.6710 
   00503    0.4350   -1334.6507  0.6688 
   00504    0.3925   -1344.1796  0.6668 
   00505    0.4400   -1346.1419  0.6711 
   00506    0.4350   -1342.4255  0.6763 
   00507    0.3675   -1340.2414  0.6844 
   00508    0.4200   -1341.9391  0.6859 
   00509    0.3700   -1331.9817  0.6792 
   00510    0.4600   -1348.6176  0.6765 
   00511    0.3975   -1343.4138  0.6753 
   00512    0.4050   -1340.4668  0.6822 
   00513    0.4125   -1341.9658  0.6863 
   00514    0.4225   -1343.4511  0.6886 
   00515    0.4100   -1342.0555  0.6912 
   00516    0.3825   -1340.2260  0.6977 
   00517    0.4200   -1339.3346  0.6949 
   00518    0.4000   -1335.3945  0.6895 
   00519    0.4275   -1343.5197  0.6969 
   00520    0.3675   -1340.3518  0.6946 
   00521    0.4450   -1342.1133  0.7000 
   00522    0.4000   -1342.3627  0.7003 
   00523    0.4325   -1347.2612  0.6891 
   00524    0.4450   -1356.8835  0.6867 
   00525    0.4200   -1359.3227  0.6859 
   00526    0.3625   -1360.1466  0.6904 
   00527    0.3750   -1346.8673  0.6859 
   00528    0.4700   -1350.6717  0.6872 
   00529    0.4450   -1343.9660  0.6834 
   00530    0.4575   -1340.1536  0.6897 
   00531    0.4450   -1343.0829  0.6963 
   00532    0.3650   -1344.1352  0.6979 
   00533    0.3950   -1344.0676  0.6976 
   00534    0.3900   -1336.1115  0.6982 
   00535    0.4525   -1343.2977  0.6976 
   00536    0.4325   -1353.4825  0.6995 
   00537    0.4100   -1360.1327  0.6992 
   00538    0.3725   -1357.0966  0.7023 
   00539    0.4275   -1347.3788  0.6974 
   00540    0.4100   -1338.8781  0.6886 
   00541    0.3900   -1331.6107  0.6758 
   00542    0.4125   -1329.9349  0.6762 
   00543    0.4400   -1319.1006  0.6747 
   00544    0.4250   -1312.8902  0.6792 
   00545    0.3950   -1307.5872  0.6668 
   00546    0.4300   -1315.2975  0.6707 
   00547    0.4350   -1316.9141  0.6695 
   00548    0.4175   -1313.1925  0.6726 
   00549    0.4075   -1307.6046  0.6724 
   00550    0.4775   -1312.7090  0.6709 
   00551    0.4575   -1317.9923  0.6806 
   00552    0.3500   -1326.9445  0.6849 
   00553    0.3925   -1334.3792  0.6849 
   00554    0.4100   -1332.9451  0.6938 
   00555    0.4625   -1327.9157  0.6979 
   00556    0.4200   -1329.0491  0.7007 
   00557    0.4100   -1326.2997  0.7071 
   00558    0.4175   -1317.2386  0.7108 
   00559    0.4425   -1327.6905  0.7081 
   00560    0.3675   -1324.1852  0.7061 
   00561    0.3775   -1328.9514  0.7121 
   00562    0.3650   -1334.5401  0.7120 
   00563    0.4175   -1335.7831  0.7107 
   00564    0.4250   -1339.9594  0.7151 
   00565    0.4075   -1339.0082  0.7147 
   00566    0.3850   -1344.0737  0.7107 
   00567    0.4425   -1347.8777  0.7094 
   00568    0.4075   -1345.7724  0.7086 
   00569    0.4200   -1355.4938  0.7103 
   00570    0.3950   -1357.0415  0.7068 
   00571    0.4200   -1359.7857  0.7053 
   00572    0.4400   -1353.0661  0.7005 
   00573    0.4050   -1351.2747  0.7054 
   00574    0.4300   -1340.4985  0.7040 
   00575    0.4250   -1336.7077  0.6964 
   00576    0.4575   -1337.7139  0.6886 
   00577    0.4175   -1343.1631  0.6962 
   00578    0.4050   -1333.0076  0.6924 
   00579    0.4275   -1331.3833  0.6911 
   00580    0.3750   -1331.9313  0.6882 
   00581    0.4000   -1327.1638  0.6886 
   00582    0.4100   -1333.1470  0.7003 
   00583    0.3850   -1332.3883  0.7026 
   00584    0.4400   -1323.6395  0.6921 
   00585    0.4425   -1337.7663  0.6975 
   00586    0.4350   -1343.8930  0.7074 
   00587    0.4075   -1335.2143  0.7060 
   00588    0.4200   -1333.1586  0.7023 
   00589    0.3800   -1334.2289  0.7047 
   00590    0.3775   -1330.5721  0.7037 
   00591    0.4300   -1330.5679  0.7046 
   00592    0.4300   -1327.1378  0.7047 
   00593    0.4050   -1335.3565  0.7130 
   00594    0.4300   -1337.7854  0.7196 
   00595    0.4050   -1349.5547  0.7237 
   00596    0.4625   -1353.9948  0.7307 
   00597    0.4050   -1350.4181  0.7344 
   00598    0.4000   -1357.0861  0.7370 
   00599    0.4225   -1347.1312  0.7367 
   00600    0.4225   -1335.0371  0.7308 
   00601    0.4350   -1333.2609  0.7231 
   00602    0.3875   -1321.8781  0.7225 
   00603    0.3700   -1342.5263  0.7299 
   00604    0.4200   -1345.2716  0.7404 
   00605    0.4275   -1355.9125  0.7515 
   00606    0.4225   -1355.5004  0.7595 
   00607    0.4175   -1347.9482  0.7582 
   00608    0.4025   -1343.8712  0.7607 
   00609    0.3400   -1351.1448  0.7634 
   00610    0.3975   -1354.7741  0.7655 
   00611    0.4275   -1356.3083  0.7657 
   00612    0.4425   -1343.1035  0.7638 
   00613    0.4150   -1352.8848  0.7671 
   00614    0.4450   -1343.3721  0.7537 
   00615    0.4200   -1348.1684  0.7559 
   00616    0.3800   -1341.6641  0.7531 
   00617    0.4250   -1331.9226  0.7508 
   00618    0.3975   -1336.3506  0.7498 
   00619    0.4000   -1329.0573  0.7450 
   00620    0.4125   -1331.9947  0.7514 
   00621    0.4525   -1343.1594  0.7503 
   00622    0.4375   -1344.8342  0.7504 
   00623    0.3900   -1344.2037  0.7606 
   00624    0.4250   -1349.0215  0.7576 
   00625    0.3825   -1345.8235  0.7597 
   00626    0.4125   -1336.9020  0.7638 
   00627    0.3800   -1349.7724  0.7571 
   00628    0.4050   -1349.6998  0.7572 
   00629    0.3975   -1354.6063  0.7596 
   00630    0.4225   -1362.7303  0.7632 
   00631    0.4125   -1366.4613  0.7645 
   00632    0.4425   -1366.8738  0.7641 
   00633    0.4150   -1364.7196  0.7636 
   00634    0.4050   -1374.4391  0.7565 
   00635    0.4375   -1359.8772  0.7517 
   00636    0.4650   -1360.8579  0.7594 
   00637    0.4150   -1363.7897  0.7605 
   00638    0.3900   -1359.4967  0.7607 
   00639    0.4250   -1358.0757  0.7629 
   00640    0.4000   -1347.4620  0.7493 
   00641    0.4450   -1352.8756  0.7623 
   00642    0.4075   -1349.3864  0.7551 
   00643    0.4125   -1352.2055  0.7578 
   00644    0.4600   -1349.7192  0.7492 
   00645    0.4525   -1348.2086  0.7505 
   00646    0.4375   -1356.9243  0.7504 
   00647    0.4000   -1351.0341  0.7565 
   00648    0.3775   -1352.7447  0.7534 
   00649    0.3975   -1349.2566  0.7548 
   00650    0.4250   -1361.6803  0.7580 
   00651    0.4350   -1364.3909  0.7617 
   00652    0.3900   -1361.4451  0.7573 
   00653    0.4700   -1361.2062  0.7631 
   00654    0.4100   -1359.9457  0.7644 
   00655    0.4275   -1365.0442  0.7735 
   00656    0.4500   -1369.5479  0.7843 
   00657    0.4075   -1377.3703  0.8004 
   00658    0.3950   -1382.3745  0.8044 
   00659    0.4300   -1384.0418  0.8092 
   00660    0.3775   -1377.1491  0.8073 
   00661    0.4225   -1378.5222  0.8131 
   00662    0.4175   -1381.2096  0.8159 
   00663    0.4025   -1387.6440  0.8173 
   00664    0.4475   -1393.5235  0.8154 
   00665    0.4125   -1388.2013  0.8187 
   00666    0.3725   -1380.5295  0.8207 
   00667    0.4125   -1388.0553  0.8307 
   00668    0.4025   -1385.1387  0.8349 
   00669    0.4100   -1388.9987  0.8404 
   00670    0.4225   -1383.8769  0.8342 
   00671    0.3900   -1385.7200  0.8274 
   00672    0.4050   -1386.9506  0.8297 
   00673    0.4025   -1375.9996  0.8206 
   00674    0.4300   -1377.0489  0.8270 
   00675    0.4000   -1364.3572  0.8219 
   00676    0.4325   -1356.6722  0.8209 
   00677    0.4100   -1357.6284  0.8262 
   00678    0.4150   -1362.1317  0.8246 
   00679    0.4275   -1357.2034  0.8209 
   00680    0.4325   -1359.8560  0.8176 
   00681    0.4275   -1356.9390  0.8170 
   00682    0.3925   -1359.4239  0.8202 
   00683    0.3950   -1347.9556  0.8172 
   00684    0.4375   -1348.1614  0.8139 
   00685    0.4000   -1344.9518  0.8114 
   00686    0.3925   -1348.6276  0.8143 
   00687    0.4475   -1359.8010  0.8123 
   00688    0.4450   -1359.3839  0.8179 
   00689    0.3975   -1369.7508  0.8183 
   00690    0.3675   -1366.2465  0.8177 
   00691    0.4175   -1361.2362  0.8192 
   00692    0.4100   -1364.1439  0.8201 
   00693    0.3600   -1358.7698  0.8176 
   00694    0.4275   -1359.7952  0.8217 
   00695    0.4525   -1360.1815  0.8270 
   00696    0.3725   -1363.4780  0.8254 
   00697    0.4225   -1357.2824  0.8220 
   00698    0.4425   -1347.2543  0.8189 
   00699    0.4225   -1346.5622  0.8157 
   00700    0.4150   -1345.5338  0.8163 
   00701    0.4400   -1329.1043  0.8069 
   00702    0.4025   -1320.6269  0.8035 
   00703    0.4100   -1314.7099  0.8103 
   00704    0.4475   -1314.2581  0.8008 
   00705    0.4250   -1303.9983  0.7984 
   00706    0.3775   -1303.6971  0.8016 
   00707    0.4125   -1304.5761  0.8032 
   00708    0.4350   -1306.5811  0.8034 
   00709    0.4175   -1309.9167  0.7970 
   00710    0.4050   -1308.0021  0.7985 
   00711    0.4175   -1310.7235  0.8055 
   00712    0.4025   -1298.9857  0.7990 
   00713    0.4025   -1303.4966  0.7971 
   00714    0.4000   -1312.7274  0.8015 
   00715    0.4175   -1311.1011  0.7979 
   00716    0.3850   -1315.8086  0.8036 
   00717    0.4225   -1325.8012  0.8071 
   00718    0.4300   -1334.8261  0.8155 
   00719    0.4250   -1349.1311  0.8174 
   00720    0.4100   -1345.0707  0.8209 
   00721    0.4675   -1346.8204  0.8179 
   00722    0.4000   -1348.2268  0.8147 
   00723    0.4325   -1342.9899  0.8169 
   00724    0.4475   -1350.9885  0.8191 
   00725    0.4475   -1354.9152  0.8292 
   00726    0.4250   -1357.2613  0.8314 
   00727    0.4050   -1364.7640  0.8317 
   00728    0.4000   -1345.8975  0.8325 
   00729    0.3825   -1345.4269  0.8278 
   00730    0.4100   -1356.5846  0.8261 
   00731    0.4075   -1347.2262  0.8308 
   00732    0.4150   -1354.1793  0.8365 
   00733    0.4150   -1354.1213  0.8362 
   00734    0.4000   -1347.8399  0.8328 
   00735    0.4325   -1346.2427  0.8273 
   00736    0.3975   -1353.3495  0.8353 
   00737    0.4000   -1358.7258  0.8405 
   00738    0.4375   -1346.9227  0.8376 
   00739    0.4475   -1356.4689  0.8393 
   00740    0.3975   -1348.2484  0.8400 
   00741    0.4525   -1337.0646  0.8351 
   00742    0.4350   -1340.9552  0.8341 
   00743    0.3800   -1337.2417  0.8375 
   00744    0.4200   -1344.3774  0.8386 
   00745    0.4300   -1339.6791  0.8340 
   00746    0.4025   -1336.4407  0.8359 
   00747    0.3900   -1351.8572  0.8406 
   00748    0.4325   -1348.9941  0.8370 
   00749    0.4100   -1348.3654  0.8407 
   00750    0.3900   -1355.5933  0.8440 
   00751    0.4750   -1347.1251  0.8440 
   00752    0.4725   -1349.3422  0.8413 
   00753    0.3700   -1340.9014  0.8396 
   00754    0.4450   -1340.4384  0.8415 
   00755    0.4025   -1331.0187  0.8283 
   00756    0.4025   -1324.3979  0.8271 
   00757    0.4200   -1337.5016  0.8276 
   00758    0.4200   -1341.1428  0.8322 
   00759    0.3725   -1349.9983  0.8369 
   00760    0.3875   -1354.4006  0.8395 
   00761    0.4275   -1359.0825  0.8379 
   00762    0.4325   -1360.5396  0.8414 
   00763    0.3900   -1358.3824  0.8385 
   00764    0.4200   -1362.8355  0.8422 
   00765    0.4225   -1365.9232  0.8440 
   00766    0.4475   -1364.1409  0.8466 
   00767    0.4200   -1365.6294  0.8434 
   00768    0.4250   -1364.3988  0.8433 
   00769    0.3950   -1370.8492  0.8517 
   00770    0.4450   -1375.8549  0.8513 
   00771    0.4250   -1355.9128  0.8418 
   00772    0.4100   -1361.9101  0.8424 
   00773    0.4325   -1357.3112  0.8412 
   00774    0.4375   -1352.2901  0.8385 
   00775    0.4000   -1356.6703  0.8397 
   00776    0.4150   -1354.9965  0.8416 
   00777    0.3925   -1351.0748  0.8425 
   00778    0.4350   -1360.8301  0.8400 
   00779    0.4100   -1365.7142  0.8399 
   00780    0.4500   -1356.0684  0.8364 
   00781    0.4650   -1355.0716  0.8404 
   00782    0.3950   -1355.8784  0.8356 
   00783    0.4050   -1357.5648  0.8329 
   00784    0.4125   -1373.6375  0.8385 
   00785    0.4500   -1382.0833  0.8444 
   00786    0.3875   -1381.5512  0.8444 
   00787    0.4250   -1374.7980  0.8403 
   00788    0.4150   -1378.3022  0.8374 
   00789    0.4575   -1384.8557  0.8385 
   00790    0.4275   -1387.2189  0.8351 
   00791    0.4125   -1393.1462  0.8434 
   00792    0.4350   -1400.0925  0.8496 
   00793    0.4025   -1387.7886  0.8490 
   00794    0.4125   -1379.9742  0.8497 
   00795    0.3625   -1376.3511  0.8524 
   00796    0.4625   -1372.6503  0.8481 
   00797    0.3675   -1379.9496  0.8483 
   00798    0.4500   -1376.4554  0.8452 
   00799    0.4250   -1384.8563  0.8422 
   00800    0.4325   -1388.2962  0.8520 
   00801    0.3450   -1388.5457  0.8582 
   00802    0.4050   -1379.5360  0.8529 
   00803    0.4575   -1386.0175  0.8556 
   00804    0.4200   -1376.1548  0.8474 
   00805    0.3850   -1371.8566  0.8412 
   00806    0.3775   -1371.4426  0.8426 
   00807    0.3825   -1360.9652  0.8372 
   00808    0.4000   -1362.0814  0.8349 
   00809    0.3925   -1363.2925  0.8337 
   00810    0.4025   -1372.7893  0.8402 
   00811    0.4275   -1376.1029  0.8486 
   00812    0.4375   -1367.7156  0.8460 
   00813    0.4250   -1374.6339  0.8487 
   00814    0.4450   -1376.1455  0.8531 
   00815    0.4475   -1375.1419  0.8545 
   00816    0.4325   -1374.7172  0.8494 
   00817    0.4450   -1375.9953  0.8488 
   00818    0.4075   -1386.9770  0.8525 
   00819    0.4050   -1387.6171  0.8537 
   00820    0.4000   -1384.0918  0.8525 
   00821    0.4125   -1380.7675  0.8555 
   00822    0.4250   -1383.3485  0.8585 
   00823    0.4025   -1376.5419  0.8576 
   00824    0.4300   -1383.4760  0.8611 
   00825    0.3525   -1377.2823  0.8581 
   00826    0.4000   -1375.3539  0.8568 
   00827    0.4400   -1385.3563  0.8612 
   00828    0.3850   -1385.3538  0.8567 
   00829    0.4175   -1385.6691  0.8622 
   00830    0.4175   -1390.4631  0.8637 
   00831    0.3800   -1391.4125  0.8664 
   00832    0.4050   -1384.4857  0.8631 
   00833    0.4300   -1376.7683  0.8596 
   00834    0.4150   -1371.3483  0.8571 
   00835    0.4550   -1372.6985  0.8643 
   00836    0.4300   -1376.3877  0.8603 
   00837    0.4425   -1373.1492  0.8607 
   00838    0.4075   -1384.1678  0.8626 
   00839    0.3750   -1375.4057  0.8576 
   00840    0.3975   -1370.2298  0.8582 
   00841    0.3750   -1377.5120  0.8555 
   00842    0.4250   -1380.5985  0.8503 
   00843    0.4150   -1386.3449  0.8439 
   00844    0.4225   -1382.1861  0.8473 
   00845    0.4500   -1381.9457  0.8424 
   00846    0.4350   -1374.7692  0.8359 
   00847    0.4025   -1382.9229  0.8407 
   00848    0.3875   -1375.2109  0.8435 
   00849    0.3975   -1371.4406  0.8369 
   00850    0.4300   -1371.1381  0.8395 
   00851    0.4225   -1377.1971  0.8396 
   00852    0.4425   -1377.4574  0.8426 
   00853    0.4150   -1374.8592  0.8417 
   00854    0.4250   -1365.2360  0.8357 
   00855    0.4350   -1369.1488  0.8395 
   00856    0.4200   -1375.2734  0.8424 
   00857    0.4350   -1374.0070  0.8381 
   00858    0.3750   -1371.6753  0.8419 
   00859    0.3875   -1379.9451  0.8451 
   00860    0.4775   -1384.4337  0.8461 
   00861    0.4025   -1380.4132  0.8427 
   00862    0.4500   -1383.6779  0.8436 
   00863    0.4100   -1384.1397  0.8506 
   00864    0.4375   -1381.7607  0.8551 
   00865    0.4175   -1375.3257  0.8538 
   00866    0.4100   -1376.0612  0.8555 
   00867    0.3900   -1374.1839  0.8554 
   00868    0.4775   -1375.3728  0.8599 
   00869    0.3700   -1378.2051  0.8555 
   00870    0.4225   -1383.2988  0.8534 
   00871    0.3650   -1373.3155  0.8451 
   00872    0.3950   -1377.3065  0.8420 
   00873    0.4325   -1367.0642  0.8420 
   00874    0.4250   -1363.6114  0.8432 
   00875    0.4175   -1362.0689  0.8391 
   00876    0.3875   -1360.3025  0.8440 
   00877    0.4175   -1370.8721  0.8487 
   00878    0.4000   -1373.1110  0.8459 
   00879    0.4150   -1364.6075  0.8448 
   00880    0.3925   -1361.3585  0.8436 
   00881    0.4125   -1350.6825  0.8411 
   00882    0.4650   -1347.8821  0.8425 
   00883    0.3675   -1342.0996  0.8391 
   00884    0.4300   -1350.0245  0.8485 
   00885    0.4175   -1354.2178  0.8474 
   00886    0.3925   -1352.6766  0.8443 
   00887    0.4125   -1341.6875  0.8378 
   00888    0.4525   -1351.2900  0.8424 
   00889    0.4175   -1358.1858  0.8379 
   00890    0.4150   -1353.5936  0.8364 
   00891    0.4050   -1361.9482  0.8323 
   00892    0.4350   -1372.0996  0.8363 
   00893    0.4225   -1362.0263  0.8353 
   00894    0.4475   -1360.8335  0.8316 
   00895    0.4475   -1357.8999  0.8275 
   00896    0.4000   -1349.4304  0.8235 
   00897    0.3750   -1358.7235  0.8230 
   00898    0.4225   -1359.2846  0.8194 
   00899    0.3925   -1364.0834  0.8271 
   00900    0.4400   -1372.8231  0.8321 
   00901    0.3725   -1362.6200  0.8314 
   00902    0.3975   -1363.6848  0.8310 
   00903    0.3875   -1364.2721  0.8335 
   00904    0.3525   -1357.8398  0.8282 
   00905    0.4075   -1362.1314  0.8351 
   00906    0.4275   -1362.6355  0.8337 
   00907    0.4050   -1353.9036  0.8298 
   00908    0.3875   -1355.4533  0.8315 
   00909    0.4200   -1367.6755  0.8330 
   00910    0.3900   -1368.1533  0.8328 
   00911    0.4100   -1372.4323  0.8326 
   00912    0.4200   -1383.9611  0.8367 
   00913    0.3800   -1383.6396  0.8404 
   00914    0.4175   -1376.3102  0.8432 
   00915    0.4100   -1384.5410  0.8578 
   00916    0.4425   -1395.9652  0.8662 
   00917    0.4375   -1391.8181  0.8616 
   00918    0.4075   -1386.9858  0.8609 
   00919    0.3875   -1382.7319  0.8611 
   00920    0.3900   -1377.0001  0.8622 
   00921    0.4200   -1385.3616  0.8589 
   00922    0.3900   -1393.0922  0.8600 
   00923    0.3975   -1380.3294  0.8634 
   00924    0.4375   -1372.5295  0.8599 
   00925    0.4300   -1381.5892  0.8604 
   00926    0.3900   -1368.0439  0.8514 
   00927    0.4300   -1363.3216  0.8465 
   00928    0.4325   -1351.2099  0.8394 
   00929    0.4100   -1343.3171  0.8359 
   00930    0.4400   -1337.9862  0.8363 
   00931    0.3950   -1336.8719  0.8399 
   00932    0.4225   -1344.4710  0.8413 
   00933    0.3975   -1352.7051  0.8414 
   00934    0.4050   -1355.6194  0.8374 
   00935    0.4150   -1356.4660  0.8403 
   00936    0.4175   -1360.6456  0.8418 
   00937    0.4400   -1358.7434  0.8373 
   00938    0.3675   -1368.4146  0.8460 
   00939    0.3875   -1372.0696  0.8482 
   00940    0.4050   -1377.3421  0.8482 
   00941    0.4100   -1368.4155  0.8520 
   00942    0.4150   -1371.1784  0.8507 
   00943    0.4225   -1369.9688  0.8536 
   00944    0.4350   -1381.2918  0.8611 
   00945    0.3925   -1373.4589  0.8552 
   00946    0.4000   -1370.4564  0.8528 
   00947    0.4050   -1369.6769  0.8536 
   00948    0.4325   -1369.5534  0.8476 
   00949    0.4450   -1381.2321  0.8551 
   00950    0.3975   -1367.1855  0.8528 
   00951    0.3975   -1379.2970  0.8582 
   00952    0.4000   -1372.0028  0.8594 
   00953    0.3900   -1379.8109  0.8547 
   00954    0.4075   -1377.5581  0.8486 
   00955    0.4325   -1386.0233  0.8544 
   00956    0.4350   -1385.2152  0.8490 
   00957    0.3875   -1383.8116  0.8405 
   00958    0.4000   -1389.4097  0.8436 
   00959    0.4250   -1398.2490  0.8493 
   00960    0.4475   -1399.3187  0.8560 
   00961    0.3900   -1399.7966  0.8568 
   00962    0.4475   -1394.2637  0.8543 
   00963    0.4125   -1399.9666  0.8584 
   00964    0.4300   -1399.9747  0.8613 
   00965    0.4100   -1397.7024  0.8592 
   00966    0.4475   -1391.4940  0.8549 
   00967    0.4250   -1392.7862  0.8500 
   00968    0.3950   -1389.4719  0.8451 
   00969    0.3825   -1384.3523  0.8481 
   00970    0.4125   -1389.7794  0.8547 
   00971    0.4025   -1387.2450  0.8504 
   00972    0.4550   -1382.3241  0.8463 
   00973    0.4100   -1387.6238  0.8470 
   00974    0.4225   -1383.7059  0.8545 
   00975    0.3975   -1373.6536  0.8526 
   00976    0.3525   -1383.6038  0.8543 
   00977    0.4050   -1394.9593  0.8614 
   00978    0.4125   -1394.5838  0.8616 
   00979    0.3975   -1392.1154  0.8585 
   00980    0.4200   -1383.1676  0.8542 
   00981    0.4675   -1386.2141  0.8569 
   00982    0.4050   -1388.4035  0.8605 
   00983    0.3875   -1384.9086  0.8612 
   00984    0.4125   -1382.9715  0.8624 
   00985    0.4550   -1383.9014  0.8589 
   00986    0.4200   -1383.6145  0.8589 
   00987    0.3600   -1382.3572  0.8580 
   00988    0.4325   -1387.0485  0.8596 
   00989    0.4100   -1385.0992  0.8597 
   00990    0.4625   -1388.7414  0.8625 
   00991    0.4250   -1381.8649  0.8644 
   00992    0.3750   -1384.9331  0.8661 
   00993    0.4525   -1392.7282  0.8708 
   00994    0.4250   -1405.2374  0.8734 
   00995    0.4250   -1398.6406  0.8717 
   00996    0.4025   -1398.5779  0.8670 
   00997    0.3925   -1388.8799  0.8619 
   00998    0.4100   -1391.2829  0.8672 
   00999    0.4250   -1387.8465  0.8657 
   01000    0.4075   -1386.2928  0.8623 
