#=====================================================
# File created:        Tue-04-Nov-2025-at-02-14-48AM
# Size of lattice:     20x20
# Number of MC steps:  1000
# Reduced temperature: 0.350
# Run time (s):        3.012532
#=====================================================
# MC step:  Ratio:     Energy:   Order:
#=====================================================
   00000    0.5000    -396.4795  0.3918 
   00001    0.7000    -456.1203  0.3237 
   00002    0.6975    -516.8461  0.3196 
   00003    0.6950    -558.8613  0.3275 
   00004    0.6300    -620.3632  0.3420 
   00005    0.6450    -660.6205  0.3649 
   00006    0.6400    -693.9305  0.3685 
   00007    0.6325    -721.8083  0.3720 
   00008    0.6325    -758.3343  0.3750 
   00009    0.5800    -789.8544  0.3748 
   00010    0.5625    -828.8824  0.3930 
   00011    0.5600    -854.2576  0.4025 
   00012    0.6150    -883.3203  0.4151 
   00013    0.6050    -908.7450  0.4193 
   00014    0.6050    -931.8248  0.4173 
   00015    0.5350    -966.7655  0.4158 
   00016    0.5700    -974.3748  0.4097 
   00017    0.5775    -983.9262  0.4097 
   00018    0.5775   -1000.4697  0.4160 
   00019    0.5600   -1008.8372  0.4186 
   00020    0.5150   -1011.1274  0.4134 
   00021    0.5350   -1033.7631  0.4132 
   00022    0.5375   -1054.6605  0.4284 
   00023    0.5500   -1070.2356  0.4319 
   00024    0.5100   -1098.9417  0.4396 
   00025    0.5125   -1110.9782  0.4457 
   00026    0.4975   -1119.7098  0.4404 
   00027    0.4725   -1131.3916  0.4416 
   00028    0.5075   -1142.7358  0.4490 
   00029    0.5050   -1150.9106  0.4486 
   00030    0.5200   -1162.2016  0.4538 
   00031    0.5250   -1171.3008  0.4569 
   00032    0.4725   -1179.5078  0.4605 
   00033    0.4975   -1175.4394  0.4555 
   00034    0.5150   -1185.6738  0.4599 
   00035    0.4850   -1196.8244  0.4530 
   00036    0.5300   -1197.8956  0.4593 
   00037    0.4875   -1201.7194  0.4586 
   00038    0.5400   -1201.4646  0.4679 
   00039    0.4700   -1221.3970  0.4667 
   00040    0.4825   -1235.3426  0.4678 
   00041    0.5175   -1242.1865  0.4800 
   00042    0.5750   -1248.5004  0.4953 
   00043    0.5100   -1253.8265  0.4949 
   00044    0.4600   -1250.7271  0.4951 
   00045    0.4575   -1241.1793  0.4980 
   00046    0.4400   -1237.1201  0.4947 
   00047    0.4500   -1241.3570  0.4950 
   00048    0.4750   -1234.7969  0.4933 
   00049    0.4300   -1243.6807  0.4982 
   00050    0.4600   -1242.9877  0.4962 
   00051    0.5100   -1242.8157  0.5016 
   00052    0.5225   -1255.3264  0.5092 
   00053    0.4450   -1255.4406  0.5103 
   00054    0.5150   -1271.1204  0.5202 
   00055    0.4200   -1278.1477  0.5356 
   00056    0.4950   -1293.7081  0.5323 
   00057    0.5075   -1294.4645  0.5307 
   00058    0.4650   -1301.6234  0.5251 
   00059    0.4550   -1296.6096  0.5240 
   00060    0.4900   -1299.7594  0.5370 
   00061    0.5000   -1298.7818  0.5399 
   00062    0.4700   -1314.0229  0.5376 
   00063    0.4400   -1309.0542  0.5309 
   00064    0.4400   -1314.8220  0.5283 
   00065    0.4900   -1321.6311  0.5296 
   00066    0.4625   -1320.7147  0.5307 
   00067    0.4550   -1320.5231  0.5280 
   00068    0.4575   -1319.2516  0.5278 
   00069    0.4625   -1317.1252  0.5236 
   00070    0.4975   -1322.4254  0.5234 
   00071    0.4325   -1324.4837  0.5258 
   00072    0.4150   -1331.8938  0.5292 
   00073    0.4525   -1330.7700  0.5356 
   00074    0.4400   -1330.6223  0.5416 
   00075    0.4800   -1333.6871  0.5518 
   00076    0.4475   -1333.6746  0.5552 
   00077    0.4600   -1335.2421  0.5566 
   00078    0.4500   -1329.7798  0.5540 
   00079    0.4850   -1360.6076  0.5641 
   00080    0.4275   -1357.7996  0.5693 
   00081    0.4550   -1363.5300  0.5681 
   00082    0.4025   -1366.9931  0.5676 
   00083    0.4450   -1371.5498  0.5623 
   00084    0.4350   -1375.1459  0.5687 
   00085    0.4875   -1369.1950  0.5686 
   00086    0.4725   -1372.0934  0.5646 
   00087    0.4650   -1366.1114  0.5653 
   00088    0.4550   -1368.2823  0.5698 
   00089    0.4750   -1365.7183  0.5653 
   00090    0.5125   -1369.1853  0.5574 
   00091    0.4825   -1369.9086  0.5661 
   00092    0.4400   -1371.9378  0.5784 
   00093    0.4375   -1375.7538  0.5837 
   00094    0.4650   -1381.6164  0.5882 
   00095    0.4475   -1385.2872  0.5813 
   00096    0.4900   -1389.0412  0.5854 
   00097    0.4175   -1382.4776  0.5794 
   00098    0.4400   -1387.7072  0.5845 
   00099    0.4300   -1386.4398  0.5927 
   00100    0.4750   -1389.0337  0.5924 
   00101    0.4550   -1389.2228  0.5917 
   00102    0.4550   -1387.0891  0.5925 
   00103    0.4350   -1388.2425  0.5928 
   00104    0.4175   -1383.1824  0.6043 
   00105    0.4025   -1374.6506  0.6080 
   00106    0.4275   -1370.4355  0.6046 
   00107    0.4275   -1376.6232  0.6092 
   00108    0.4650   -1386.1959  0.6111 
   00109    0.4500   -1390.6698  0.6198 
   00110    0.4775   -1392.0593  0.6250 
   00111    0.4100   -1392.2641  0.6213 
   00112    0.4525   -1391.9392  0.6233 
   00113    0.4550   -1391.9662  0.6273 
   00114    0.4525   -1389.1817  0.6347 
   00115    0.4450   -1393.5673  0.6348 
   00116    0.4425   -1399.9384  0.6320 
   00117    0.4700   -1394.8333  0.6389 
   00118    0.4550   -1389.1627  0.6410 
   00119    0.4075   -1388.0732  0.6382 
   00120    0.4225   -1388.4943  0.6386 
   00121    0.4575   -1390.8620  0.6425 
   00122    0.4225   -1391.7523  0.6349 
   00123    0.4200   -1395.1453  0.6297 
   00124    0.4675   -1391.7104  0.6212 
   00125    0.4275   -1393.6005  0.6264 
   00126    0.4500   -1394.3320  0.6356 
   00127    0.4350   -1397.9398  0.6349 
   00128    0.4400   -1401.6609  0.6365 
   00129    0.4775   -1397.9311  0.6366 
   00130    0.4500   -1391.4748  0.6326 
   00131    0.4450   -1394.7921  0.6358 
   00132    0.4525   -1393.2007  0.6360 
   00133    0.4400   -1398.0154  0.6369 
   00134    0.4450   -1401.2836  0.6427 
   00135    0.4175   -1399.8535  0.6417 
   00136    0.4500   -1393.6594  0.6477 
   00137    0.4600   -1397.8782  0.6480 
   00138    0.4200   -1399.2448  0.6447 
   00139    0.4875   -1395.4986  0.6422 
   00140    0.4750   -1397.5911  0.6382 
   00141    0.4250   -1400.6366  0.6424 
   00142    0.4550   -1398.8537  0.6428 
   00143    0.4750   -1401.9498  0.6398 
   00144    0.4175   -1406.7832  0.6472 
   00145    0.4475   -1403.3356  0.6487 
   00146    0.4675   -1408.1150  0.6506 
   00147    0.4000   -1414.3715  0.6524 
   00148    0.4500   -1411.0199  0.6527 
   00149    0.4475   -1410.1390  0.6526 
   00150    0.4325   -1410.5901  0.6549 
   00151    0.4725   -1407.9956  0.6601 
   00152    0.4450   -1409.5976  0.6569 
   00153    0.4025   -1416.4604  0.6514 
   00154    0.4500   -1409.6615  0.6528 
   00155    0.4650   -1405.8952  0.6513 
   00156    0.4275   -1408.6896  0.6461 
   00157    0.4625   -1404.8648  0.6459 
   00158    0.4400   -1407.6398  0.6491 
   00159    0.4725   -1400.2806  0.6541 
   00160    0.4675   -1406.8459  0.6601 
   00161    0.4425   -1406.4337  0.6644 
   00162    0.4275   -1411.5659  0.6704 
   00163    0.4725   -1406.3913  0.6747 
   00164    0.4350   -1403.8114  0.6685 
   00165    0.4725   -1408.1100  0.6737 
   00166    0.4475   -1412.3343  0.6704 
   00167    0.4350   -1411.6132  0.6672 
   00168    0.3925   -1411.0644  0.6637 
   00169    0.4300   -1405.6932  0.6605 
   00170    0.4200   -1406.6059  0.6560 
   00171    0.4675   -1406.7570  0.6576 
   00172    0.4950   -1410.1540  0.6554 
   00173    0.4150   -1411.8661  0.6665 
   00174    0.4125   -1412.6445  0.6661 
   00175    0.4625   -1414.9697  0.6756 
   00176    0.4575   -1410.0848  0.6766 
   00177    0.4600   -1414.7218  0.6777 
   00178    0.4250   -1406.8556  0.6853 
   00179    0.4425   -1403.4233  0.6861 
   00180    0.4450   -1406.9580  0.6881 
   00181    0.4700   -1403.9062  0.6834 
   00182    0.4625   -1399.5876  0.6866 
   00183    0.4850   -1397.8054  0.6940 
   00184    0.4475   -1395.1482  0.6971 
   00185    0.4475   -1396.5901  0.6988 
   00186    0.4425   -1395.2054  0.7054 
   00187    0.4450   -1394.5519  0.7039 
   00188    0.4900   -1394.7927  0.7044 
   00189    0.4625   -1396.7682  0.6997 
   00190    0.4100   -1392.8363  0.7021 
   00191    0.4100   -1385.8416  0.7007 
   00192    0.4675   -1383.7008  0.6980 
   00193    0.4825   -1393.6255  0.6989 
   00194    0.4600   -1390.7073  0.7041 
   00195    0.4575   -1398.5553  0.7059 
   00196    0.4175   -1407.4085  0.7111 
   00197    0.4300   -1400.7921  0.7097 
   00198    0.4350   -1402.6769  0.7092 
   00199    0.4875   -1399.9583  0.7081 
   00200    0.4550   -1399.2925  0.6957 
   00201    0.4575   -1397.9798  0.7010 
   00202    0.4350   -1396.4216  0.7034 
   00203    0.4975   -1398.5592  0.6980 
   00204    0.4075   -1397.1688  0.7050 
   00205    0.4500   -1403.7334  0.7158 
   00206    0.4550   -1399.1467  0.7152 
   00207    0.4675   -1399.7845  0.7154 
   00208    0.4525   -1400.6985  0.7079 
   00209    0.4900   -1399.1734  0.7111 
   00210    0.3600   -1397.4504  0.7112 
   00211    0.4700   -1404.8998  0.7116 
   00212    0.4250   -1400.4378  0.7138 
   00213    0.4250   -1404.7894  0.7160 
   00214    0.4875   -1397.6256  0.7096 
   00215    0.4400   -1402.2694  0.7100 
   00216    0.4350   -1402.9376  0.7083 
   00217    0.4425   -1402.6374  0.7047 
   00218    0.4825   -1401.7814  0.7010 
   00219    0.4400   -1396.1946  0.6945 
   00220    0.4825   -1398.7005  0.6932 
   00221    0.5000   -1399.9693  0.6949 
   00222    0.4475   -1398.5072  0.7015 
   00223    0.4275   -1402.7978  0.7066 
   00224    0.4750   -1403.1661  0.7097 
   00225    0.4625   -1407.2384  0.7141 
   00226    0.4800   -1408.6954  0.7201 
   00227    0.4750   -1412.3990  0.7258 
   00228    0.4500   -1414.8775  0.7319 
   00229    0.4800   -1409.5074  0.7354 
   00230    0.4475   -1407.9800  0.7372 
   00231    0.4525   -1408.0528  0.7407 
   00232    0.4825   -1407.2921  0.7356 
   00233    0.3950   -1411.7802  0.7382 
   00234    0.4425   -1414.4188  0.7296 
   00235    0.4500   -1417.4662  0.7339 
   00236    0.4625   -1419.7623  0.7360 
   00237    0.4450   -1411.9832  0.7320 
   00238    0.4750   -1410.6861  0.7324 
   00239    0.4200   -1410.2421  0.7385 
   00240    0.4550   -1410.2318  0.7383 
   00241    0.4275   -1408.6983  0.7438 
   00242    0.4150   -1419.0908  0.7506 
   00243    0.4450   -1420.0314  0.7527 
   00244    0.4375   -1419.6851  0.7567 
   00245    0.4975   -1418.6996  0.7648 
   00246    0.5050   -1418.8218  0.7706 
   00247    0.4375   -1419.0416  0.7736 
   00248    0.4550   -1416.9604  0.7746 
   00249    0.4475   -1418.9236  0.7777 
   00250    0.4325   -1411.6081  0.7793 
   00251    0.4425   -1408.4916  0.7793 
   00252    0.4325   -1412.1126  0.7862 
   00253    0.4725   -1415.8352  0.7823 
   00254    0.4950   -1417.7273  0.7837 
   00255    0.4200   -1416.0613  0.7870 
   00256    0.4275   -1420.7561  0.7919 
   00257    0.4325   -1420.2669  0.7939 
   00258    0.4450   -1424.3118  0.7935 
   00259    0.4175   -1416.8006  0.7958 
   00260    0.4550   -1417.7623  0.7946 
   00261    0.4950   -1418.2708  0.7941 
   00262    0.4675   -1415.0229  0.7951 
   00263    0.4850   -1413.0451  0.7963 
   00264    0.4800   -1416.0173  0.7978 
   00265    0.4525   -1411.6112  0.7925 
   00266    0.4250   -1414.8584  0.7953 
   00267    0.4750   -1405.3422  0.7886 
   00268    0.4450   -1405.3413  0.7904 
   00269    0.4375   -1400.5050  0.7882 
   00270    0.4650   -1396.2328  0.7848 
   00271    0.4200   -1400.3543  0.7825 
   00272    0.4050   -1393.6839  0.7788 
   00273    0.4300   -1392.1619  0.7777 
   00274    0.4475   -1397.9080  0.7758 
   00275    0.4250   -1401.2881  0.7761 
   00276    0.4250   -1401.2587  0.7783 
   00277    0.4600   -1399.0098  0.7756 
   00278    0.4425   -1408.6168  0.7779 
   00279    0.4350   -1402.9481  0.7771 
   00280    0.4500   -1397.5872  0.7764 
   00281    0.4925   -1399.9140  0.7766 
   00282    0.4175   -1402.0429  0.7737 
   00283    0.4675   -1409.9102  0.7795 
   00284    0.4250   -1408.5836  0.7840 
   00285    0.4625   -1408.2208  0.7826 
   00286    0.4400   -1408.4075  0.7841 
   00287    0.4750   -1405.2976  0.7836 
   00288    0.4625   -1409.5656  0.7856 
   00289    0.4125   -1420.6825  0.7933 
   00290    0.3975   -1425.3577  0.7970 
   00291    0.4550   -1438.7552  0.7932 
   00292    0.4425   -1433.9470  0.7909 
   00293    0.4975   -1426.6784  0.7930 
   00294    0.4625   -1423.9955  0.7971 
   00295    0.4450   -1422.5018  0.8021 
   00296    0.4450   -1423.7335  0.8050 
   00297    0.4125   -1415.7091  0.8017 
   00298    0.4400   -1421.9660  0.8024 
   00299    0.4325   -1424.6842  0.7985 
   00300    0.4250   -1429.3744  0.8016 
   00301    0.4000   -1423.6924  0.7976 
   00302    0.4300   -1428.0606  0.7971 
   00303    0.4525   -1432.4469  0.7983 
   00304    0.4850   -1436.8657  0.8010 
   00305    0.4650   -1436.7406  0.8029 
   00306    0.4625   -1438.1273  0.7972 
   00307    0.4600   -1440.8694  0.8006 
   00308    0.4075   -1441.9456  0.8043 
   00309    0.4300   -1435.3554  0.7992 
   00310    0.4275   -1435.6322  0.8037 
   00311    0.4125   -1424.2271  0.8049 
   00312    0.5150   -1422.7728  0.8034 
   00313    0.4150   -1423.3466  0.8006 
   00314    0.4825   -1425.0334  0.8061 
   00315    0.4425   -1425.4366  0.8050 
   00316    0.4675   -1428.5134  0.8076 
   00317    0.4175   -1432.9724  0.8064 
   00318    0.4650   -1428.4595  0.8052 
   00319    0.4350   -1424.6340  0.8032 
   00320    0.4675   -1424.7334  0.8003 
   00321    0.4050   -1421.4707  0.8013 
   00322    0.4350   -1413.5430  0.7957 
   00323    0.4450   -1410.9995  0.7943 
   00324    0.4275   -1413.3004  0.7890 
   00325    0.4575   -1415.6853  0.7927 
   00326    0.4775   -1414.0466  0.7920 
   00327    0.4475   -1416.6426  0.7926 
   00328    0.4650   -1427.3609  0.7949 
   00329    0.4775   -1423.9921  0.7952 
   00330    0.4350   -1421.8702  0.7913 
   00331    0.4200   -1410.9970  0.7916 
   00332    0.4725   -1402.8918  0.7847 
   00333    0.4225   -1410.7639  0.7831 
   00334    0.4575   -1414.5599  0.7810 
   00335    0.4400   -1418.7846  0.7799 
   00336    0.4650   -1426.2745  0.7913 
   00337    0.4525   -1437.2704  0.7940 
   00338    0.3875   -1433.7030  0.7844 
   00339    0.4500   -1436.6052  0.7900 
   00340    0.4400   -1431.9524  0.7851 
   00341    0.3750   -1425.2263  0.7854 
   00342    0.4625   -1425.5176  0.7923 
   00343    0.4200   -1429.2833  0.7938 
   00344    0.4350   -1428.6904  0.7969 
   00345    0.4375   -1432.2337  0.7966 
   00346    0.4175   -1436.0512  0.7998 
   00347    0.4100   -1441.4461  0.8054 
   00348    0.4325   -1440.1573  0.8045 
   00349    0.4250   -1438.4785  0.8022 
   00350    0.3975   -1438.6427  0.8019 
   00351    0.4250   -1442.5457  0.8072 
   00352    0.4375   -1446.6186  0.8039 
   00353    0.4775   -1447.5073  0.8111 
   00354    0.4800   -1446.0198  0.8117 
   00355    0.4775   -1435.9643  0.8058 
   00356    0.4600   -1444.3647  0.8064 
   00357    0.4150   -1435.9093  0.8088 
   00358    0.4700   -1433.2858  0.8080 
   00359    0.4450   -1422.8868  0.8106 
   00360    0.4000   -1430.4746  0.8139 
   00361    0.4125   -1429.8126  0.8161 
   00362    0.4650   -1432.2331  0.8169 
   00363    0.4350   -1439.1226  0.8202 
   00364    0.4450   -1433.8679  0.8178 
   00365    0.4525   -1435.8105  0.8202 
   00366    0.4150   -1433.3892  0.8187 
   00367    0.4675   -1429.3071  0.8194 
   00368    0.4200   -1432.6260  0.8195 
   00369    0.4600   -1430.7932  0.8201 
   00370    0.4350   -1432.4472  0.8247 
   00371    0.4375   -1430.2190  0.8257 
   00372    0.4450   -1432.5639  0.8242 
   00373    0.4200   -1428.6304  0.8237 
   00374    0.4500   -1430.9260  0.8223 
   00375    0.5025   -1435.5115  0.8196 
   00376    0.4175   -1430.8892  0.8224 
   00377    0.4025   -1429.1654  0.8267 
   00378    0.3875   -1425.2816  0.8249 
   00379    0.4375   -1434.5108  0.8267 
   00380    0.4650   -1437.1055  0.8247 
   00381    0.4575   -1439.7749  0.8222 
   00382    0.4325   -1442.1637  0.8265 
   00383    0.4575   -1438.1561  0.8256 
   00384    0.4000   -1438.1252  0.8284 
   00385    0.4125   -1435.3509  0.8257 
   00386    0.4425   -1441.5095  0.8278 
   00387    0.4350   -1443.3038  0.8335 
   00388    0.4675   -1449.5787  0.8337 
   00389    0.4425   -1446.8025  0.8294 
   00390    0.4125   -1444.3900  0.8222 
   00391    0.4725   -1440.4483  0.8193 
   00392    0.5075   -1438.7848  0.8196 
   00393    0.4200   -1442.7643  0.8212 
   00394    0.4225   -1429.8752  0.8205 
   00395    0.4550   -1429.8373  0.8185 
   00396    0.4250   -1433.4841  0.8206 
   00397    0.4025   -1427.1887  0.8173 
   00398    0.4325   -1430.0836  0.8232 
   00399    0.4500   -1425.5770  0.8254 
   00400    0.4300   -1425.6476  0.8218 
   00401    0.4325   -1422.0300  0.8234 
   00402    0.4500   -1428.8276  0.8231 
   00403    0.4975   -1425.3602  0.8253 
   00404    0.4650   -1422.7731  0.8285 
   00405    0.4875   -1411.4717  0.8283 
   00406    0.4600   -1412.9034  0.8173 
   00407    0.4700   -1410.2628  0.8157 
   00408    0.4425   -1417.4826  0.8161 
   00409    0.4400   -1424.5118  0.8191 
   00410    0.4325   -1428.0715  0.8205 
   00411    0.4700   -1438.6440  0.8196 
   00412    0.4300   -1432.6734  0.8126 
   00413    0.4300   -1434.4161  0.8164 
   00414    0.4325   -1434.7907  0.8169 
   00415    0.4625   -1436.4642  0.8170 
   00416    0.4300   -1439.8076  0.8139 
   00417    0.4175   -1435.9131  0.8128 
   00418    0.4350   -1443.0786  0.8139 
   00419    0.3850   -1445.6005  0.8167 
   00420    0.4200   -1441.9591  0.8254 
   00421    0.4375   -1447.0546  0.8271 
   00422    0.4300   -1442.1059  0.8210 
   00423    0.4300   -1449.7399  0.8285 
   00424    0.4325   -1451.0809  0.8282 
   00425    0.4525   -1449.4861  0.8318 
   00426    0.4875   -1454.4100  0.8305 
   00427    0.4450   -1457.9819  0.8355 
   00428    0.4550   -1453.9885  0.8348 
   00429    0.4375   -1458.0703  0.8426 
   00430    0.4050   -1455.9631  0.8422 
   00431    0.3950   -1454.7741  0.8419 
   00432    0.4525   -1461.9912  0.8412 
   00433    0.3800   -1463.5129  0.8388 
   00434    0.4375   -1463.4302  0.8373 
   00435    0.4675   -1458.2988  0.8324 
   00436    0.3875   -1458.1262  0.8266 
   00437    0.4925   -1447.0350  0.8224 
   00438    0.4400   -1443.7994  0.8175 
   00439    0.4375   -1444.7150  0.8132 
   00440    0.4575   -1446.0257  0.8169 
   00441    0.4300   -1439.3669  0.8171 
   00442    0.4100   -1435.1895  0.8095 
   00443    0.4525   -1441.8036  0.8080 
   00444    0.4600   -1446.9302  0.8125 
   00445    0.4750   -1439.6413  0.8129 
   00446    0.4575   -1447.8841  0.8180 
   00447    0.4225   -1449.3015  0.8221 
   00448    0.4700   -1449.4778  0.8201 
   00449    0.4425   -1451.7806  0.8086 
   00450    0.4775   -1447.4261  0.8084 
   00451    0.4700   -1444.1006  0.8105 
   00452    0.4100   -1443.0015  0.8115 
   00453    0.4000   -1443.2572  0.8146 
   00454    0.4075   -1445.9236  0.8173 
   00455    0.4375   -1441.3460  0.8148 
   00456    0.4075   -1447.0784  0.8148 
   00457    0.4300   -1445.9497  0.8201 
   00458    0.4875   -1448.7241  0.8191 
   00459    0.4500   -1454.6308  0.8232 
   00460    0.4250   -1462.0104  0.8255 
   00461    0.5000   -1461.1304  0.8254 
   00462    0.4225   -1462.4617  0.8266 
   00463    0.4525   -1470.2269  0.8292 
   00464    0.4525   -1463.5734  0.8235 
   00465    0.4475   -1468.0068  0.8300 
   00466    0.4275   -1463.2707  0.8241 
   00467    0.4475   -1457.6319  0.8224 
   00468    0.4275   -1456.0812  0.8235 
   00469    0.4775   -1455.6142  0.8294 
   00470    0.4200   -1456.7808  0.8299 
   00471    0.4425   -1452.8867  0.8330 
   00472    0.5025   -1456.3550  0.8372 
   00473    0.4450   -1454.2086  0.8369 
   00474    0.4550   -1451.3637  0.8335 
   00475    0.3975   -1447.5275  0.8329 
   00476    0.4300   -1443.4988  0.8308 
   00477    0.4125   -1443.9711  0.8291 
   00478    0.4775   -1443.2994  0.8273 
   00479    0.4550   -1438.5653  0.8263 
   00480    0.4600   -1439.7791  0.8270 
   00481    0.4400   -1447.0233  0.8316 
   00482    0.3825   -1444.7391  0.8302 
   00483    0.4675   -1445.9588  0.8329 
   00484    0.4475   -1446.7917  0.8326 
   00485    0.3775   -1442.9779  0.8315 
   00486    0.4575   -1442.6242  0.8353 
   00487    0.4425   -1440.4972  0.8338 
   00488    0.4175   -1433.9159  0.8344 
   00489    0.3950   -1428.3573  0.8284 
   00490    0.4650   -1428.6319  0.8345 
   00491    0.4750   -1428.5154  0.8360 
   00492    0.4450   -1438.3027  0.8344 
   00493    0.4400   -1441.8323  0.8396 
   00494    0.4575   -1440.7137  0.8362 
   00495    0.4150   -1439.9315  0.8389 
   00496    0.4300   -1439.7559  0.8362 
   00497    0.4100   -1439.7811  0.8388 
   00498    0.4425   -1442.7646  0.8417 
   00499    0.4150   -1442.6613  0.8440 
   00500    0.4350   -1446.5209  0.8509 
   00501    0.4250   -1443.1755  0.8454 
   00502    0.4350   -1444.5964  0.8462 
   00503    0.4250   -1444.0723  0.8460 
   00504    0.4425   -1450.7632  0.8480 
   00505    0.4825   -1450.8223  0.8494 
   00506    0.4275   -1451.4741  0.8505 
   00507    0.4350   -1456.7012  0.8521 
   00508    0.4400   -1459.5917  0.8510 
   00509    0.4600   -1463.4809  0.8485 
   00510    0.4150   -1465.7516  0.8450 
   00511    0.4050   -1468.5795  0.8471 
   00512    0.4275   -1469.7000  0.8496 
   00513    0.4575   -1460.6238  0.8481 
   00514    0.4650   -1458.7384  0.8528 
   00515    0.4725   -1457.5367  0.8487 
   00516    0.4200   -1460.5512  0.8524 
   00517    0.4225   -1455.2495  0.8508 
   00518    0.4325   -1456.3371  0.8539 
   00519    0.4550   -1454.6195  0.8595 
   00520    0.4025   -1460.4653  0.8609 
   00521    0.4575   -1458.3212  0.8570 
   00522    0.4550   -1458.5727  0.8557 
   00523    0.3750   -1451.8420  0.8530 
   00524    0.4425   -1448.3856  0.8483 
   00525    0.3925   -1448.3714  0.8449 
   00526    0.4375   -1451.2155  0.8465 
   00527    0.4200   -1455.3346  0.8507 
   00528    0.4300   -1455.0494  0.8492 
   00529    0.4425   -1464.5489  0.8521 
   00530    0.4225   -1468.0523  0.8493 
   00531    0.4050   -1464.7998  0.8437 
   00532    0.4400   -1462.4600  0.8407 
   00533    0.4175   -1467.6605  0.8436 
   00534    0.3875   -1460.6420  0.8444 
   00535    0.4250   -1454.4726  0.8427 
   00536    0.4300   -1450.4309  0.8423 
   00537    0.4600   -1453.0562  0.8472 
   00538    0.3950   -1447.8952  0.8417 
   00539    0.4500   -1447.5536  0.8409 
   00540    0.4350   -1447.6616  0.8392 
   00541    0.4300   -1437.8215  0.8362 
   00542    0.4475   -1438.6165  0.8294 
   00543    0.4775   -1450.2033  0.8359 
   00544    0.4075   -1449.9354  0.8356 
   00545    0.4400   -1458.2461  0.8343 
   00546    0.4175   -1452.1830  0.8349 
   00547    0.4175   -1449.3995  0.8348 
   00548    0.4275   -1453.0054  0.8342 
   00549    0.4800   -1450.8088  0.8362 
   00550    0.4625   -1448.6090  0.8328 
   00551    0.4600   -1444.5683  0.8301 
   00552    0.4075   -1452.3072  0.8347 
   00553    0.4400   -1453.9985  0.8369 
   00554    0.4275   -1453.9969  0.8360 
   00555    0.4550   -1452.8122  0.8371 
   00556    0.4350   -1457.7238  0.8377 
   00557    0.4475   -1454.2756  0.8334 
   00558    0.4325   -1452.6291  0.8378 
   00559    0.4275   -1449.6355  0.8348 
   00560    0.4200   -1443.9001  0.8290 
   00561    0.4225   -1443.3939  0.8268 
   00562    0.4550   -1440.9432  0.8267 
   00563    0.4200   -1442.8456  0.8293 
   00564    0.4250   -1450.0440  0.8295 
   00565    0.4100   -1441.9059  0.8290 
   00566    0.4850   -1439.1725  0.8248 
   00567    0.4375   -1441.1368  0.8257 
   00568    0.4425   -1450.2839  0.8255 
   00569    0.4150   -1443.6955  0.8292 
   00570    0.4700   -1444.2758  0.8303 
   00571    0.4175   -1436.2430  0.8268 
   00572    0.4375   -1440.6319  0.8273 
   00573    0.4325   -1441.8965  0.8290 
   00574    0.4350   -1447.4653  0.8265 
   00575    0.4350   -1447.3177  0.8275 
   00576    0.4325   -1455.3798  0.8266 
   00577    0.4350   -1456.7646  0.8241 
   00578    0.4200   -1450.6361  0.8242 
   00579    0.4050   -1447.2079  0.8224 
   00580    0.4000   -1440.8670  0.8177 
   00581    0.3875   -1442.2274  0.8214 
   00582    0.3975   -1440.6733  0.8216 
   00583    0.4200   -1440.1166  0.8240 
   00584    0.4450   -1440.8444  0.8283 
   00585    0.4225   -1432.1830  0.8278 
   00586    0.4225   -1437.4398  0.8252 
   00587    0.3950   -1440.8419  0.8295 
   00588    0.3775   -1440.9808  0.8343 
   00589    0.4525   -1445.1305  0.8303 
   00590    0.4625   -1442.1534  0.8329 
   00591    0.3975   -1438.1483  0.8354 
   00592    0.4550   -1444.1640  0.8399 
   00593    0.4575   -1448.4739  0.8392 
   00594    0.4275   -1446.7544  0.8433 
   00595    0.4750   -1443.0932  0.8423 
   00596    0.4600   -1442.1131  0.8455 
   00597    0.4350   -1438.3119  0.8459 
   00598    0.4250   -1441.0978  0.8516 
   00599    0.4325   -1442.2209  0.8557 
   00600    0.4350   -1440.1608  0.8593 
   00601    0.4425   -1448.4196  0.8650 
   00602    0.4050   -1453.8285  0.8675 
   00603    0.4350   -1453.8432  0.8646 
   00604    0.3825   -1454.6955  0.8586 
   00605    0.4350   -1455.9721  0.8621 
   00606    0.4275   -1459.0878  0.8627 
   00607    0.4375   -1456.9650  0.8659 
   00608    0.4375   -1457.9208  0.8685 
   00609    0.4350   -1458.3939  0.8661 
   00610    0.4250   -1460.5674  0.8678 
   00611    0.4175   -1463.9572  0.8714 
   00612    0.4175   -1445.0974  0.8657 
   00613    0.4300   -1448.9172  0.8653 
   00614    0.4025   -1455.5000  0.8656 
   00615    0.4650   -1450.6925  0.8659 
   00616    0.4525   -1449.8326  0.8637 
   00617    0.4525   -1441.4586  0.8604 
   00618    0.4225   -1443.3127  0.8628 
   00619    0.4350   -1433.4396  0.8599 
   00620    0.4600   -1437.1690  0.8555 
   00621    0.4375   -1435.8648  0.8534 
   00622    0.4200   -1435.6243  0.8523 
   00623    0.4300   -1434.8682  0.8493 
   00624    0.4725   -1438.2607  0.8519 
   00625    0.4700   -1433.0886  0.8525 
   00626    0.4425   -1433.5976  0.8547 
   00627    0.4500   -1430.4567  0.8554 
   00628    0.4400   -1436.4451  0.8573 
   00629    0.4500   -1448.9557  0.8637 
   00630    0.4300   -1448.9524  0.8680 
   00631    0.4225   -1450.4211  0.8645 
   00632    0.4550   -1450.5817  0.8602 
   00633    0.4525   -1447.0913  0.8583 
   00634    0.3875   -1442.8106  0.8581 
   00635    0.3825   -1442.4160  0.8585 
   00636    0.4450   -1450.5028  0.8537 
   00637    0.4775   -1446.4480  0.8594 
   00638    0.4200   -1441.7582  0.8542 
   00639    0.4250   -1444.4275  0.8576 
   00640    0.4625   -1438.4380  0.8547 
   00641    0.4625   -1435.9959  0.8571 
   00642    0.4200   -1436.5801  0.8603 
   00643    0.4575   -1439.7217  0.8619 
   00644    0.4250   -1436.8151  0.8609 
   00645    0.4250   -1439.9639  0.8576 
   00646    0.4250   -1433.4159  0.8596 
   00647    0.3825   -1433.8430  0.8606 
   00648    0.4500   -1430.5262  0.8619 
   00649    0.4850   -1433.4507  0.8620 
   00650    0.4250   -1441.9948  0.8658 
   00651    0.4550   -1442.2419  0.8642 
   00652    0.4600   -1435.4002  0.8646 
   00653    0.4175   -1437.1031  0.8598 
   00654    0.4475   -1437.4213  0.8598 
   00655    0.4575   -1440.1065  0.8558 
   00656    0.4075   -1440.9822  0.8566 
   00657    0.4250   -1439.7975  0.8513 
   00658    0.4275   -1441.6880  0.8549 
   00659    0.4375   -1443.4830  0.8593 
   00660    0.4325   -1443.2036  0.8580 
   00661    0.4175   -1446.8466  0.8608 
   00662    0.4075   -1451.1777  0.8636 
   00663    0.4450   -1449.6868  0.8596 
   00664    0.4000   -1447.9920  0.8644 
   00665    0.4750   -1452.0691  0.8685 
   00666    0.4400   -1451.6361  0.8685 
   00667    0.4250   -1450.7147  0.8682 
   00668    0.4600   -1450.3518  0.8677 
   00669    0.4825   -1450.5017  0.8684 
   00670    0.4425   -1448.1871  0.8673 
   00671    0.4625   -1446.3943  0.8683 
   00672    0.4525   -1444.0978  0.8635 
   00673    0.4425   -1448.6969  0.8627 
   00674    0.3675   -1442.8802  0.8605 
   00675    0.4225   -1442.5860  0.8633 
   00676    0.4875   -1441.3758  0.8646 
   00677    0.4475   -1446.4369  0.8665 
   00678    0.4700   -1445.9561  0.8681 
   00679    0.4575   -1446.3279  0.8692 
   00680    0.4300   -1452.1608  0.8752 
   00681    0.4500   -1452.1590  0.8751 
   00682    0.4475   -1441.2959  0.8681 
   00683    0.4650   -1448.4655  0.8725 
   00684    0.4650   -1448.2264  0.8723 
   00685    0.4300   -1448.8014  0.8758 
   00686    0.4125   -1444.7025  0.8744 
   00687    0.4000   -1453.7697  0.8767 
   00688    0.4100   -1452.1963  0.8787 
   00689    0.4000   -1445.8232  0.8758 
   00690    0.4475   -1449.6324  0.8787 
   00691    0.4325   -1447.6342  0.8792 
   00692    0.4550   -1449.8281  0.8826 
   00693    0.4150   -1454.1509  0.8824 
   00694    0.4825   -1452.0160  0.8828 
   00695    0.4650   -1443.3151  0.8777 
   00696    0.4650   -1444.6334  0.8781 
   00697    0.4450   -1441.1431  0.8738 
   00698    0.4100   -1444.7333  0.8738 
   00699    0.3675   -1448.8683  0.8760 
   00700    0.4425   -1450.8577  0.8787 
   00701    0.4300   -1448.1105  0.8793 
   00702    0.4500   -1452.4736  0.8809 
   00703    0.4400   -1453.7191  0.8845 
   00704    0.4100   -1457.3897  0.8830 
   00705    0.3875   -1457.2545  0.8771 
   00706    0.4075   -1452.1309  0.8708 
   00707    0.4625   -1462.6665  0.8717 
   00708    0.4550   -1459.4213  0.8699 
   00709    0.4500   -1456.6974  0.8659 
   00710    0.4400   -1456.6002  0.8644 
   00711    0.4500   -1464.1126  0.8674 
   00712    0.4075   -1475.8367  0.8686 
   00713    0.4000   -1475.8826  0.8654 
   00714    0.4575   -1471.4390  0.8647 
   00715    0.4275   -1478.0817  0.8678 
   00716    0.4275   -1476.9535  0.8656 
   00717    0.4650   -1475.1803  0.8695 
   00718    0.4550   -1470.9966  0.8706 
   00719    0.4300   -1465.2025  0.8706 
   00720    0.4325   -1462.7454  0.8666 
   00721    0.4225   -1456.1298  0.8664 
   00722    0.4400   -1455.0004  0.8736 
   00723    0.4500   -1452.7057  0.8772 
   00724    0.3975   -1457.8590  0.8784 
   00725    0.4025   -1453.0237  0.8748 
   00726    0.4450   -1460.4199  0.8737 
   00727    0.4400   -1468.8722  0.8713 
   00728    0.4350   -1462.4568  0.8740 
   00729    0.4375   -1455.0803  0.8680 
   00730    0.4350   -1452.3654  0.8671 
   00731    0.4725   -1452.9423  0.8721 
   00732    0.4350   -1456.3104  0.8672 
   00733    0.4325   -1449.8110  0.8676 
   00734    0.4425   -1460.2017  0.8688 
   00735    0.4275   -1454.5661  0.8648 
   00736    0.4450   -1454.2681  0.8638 
   00737    0.4275   -1452.4378  0.8650 
   00738    0.4700   -1454.4063  0.8659 
   00739    0.4350   -1456.8149  0.8688 
   00740    0.4125   -1451.1713  0.8683 
   00741    0.4550   -1449.3522  0.8656 
   00742    0.4425   -1449.2053  0.8633 
   00743    0.4250   -1452.5095  0.8686 
   00744    0.4075   -1455.9501  0.8653 
   00745    0.4050   -1451.5217  0.8596 
   00746    0.4500   -1447.4093  0.8582 
   00747    0.4500   -1448.0698  0.8569 
   00748    0.4325   -1450.2787  0.8583 
   00749    0.4675   -1439.2248  0.8539 
   00750    0.4750   -1439.4489  0.8608 
   00751    0.4200   -1442.9450  0.8596 
   00752    0.4400   -1435.2539  0.8571 
   00753    0.3950   -1435.3998  0.8552 
   00754    0.4550   -1433.3514  0.8557 
   00755    0.4475   -1434.2076  0.8600 
   00756    0.4125   -1430.9698  0.8576 
   00757    0.4425   -1432.4774  0.8644 
   00758    0.4575   -1428.6034  0.8567 
   00759    0.4625   -1436.7152  0.8525 
   00760    0.4300   -1432.3965  0.8518 
   00761    0.4625   -1430.2346  0.8511 
   00762    0.4625   -1439.1269  0.8520 
   00763    0.4150   -1442.1223  0.8510 
   00764    0.4300   -1439.6541  0.8480 
   00765    0.4150   -1435.5194  0.8447 
   00766    0.4575   -1442.6094  0.8435 
   00767    0.3975   -1432.6723  0.8435 
   00768    0.3775   -1434.9990  0.8430 
   00769    0.4075   -1443.1055  0.8388 
   00770    0.4300   -1442.4770  0.8376 
   00771    0.4275   -1445.7076  0.8397 
   00772    0.4375   -1441.1054  0.8407 
   00773    0.4325   -1441.6283  0.8393 
   00774    0.4475   -1438.7518  0.8460 
   00775    0.4275   -1433.7390  0.8367 
   00776    0.4375   -1437.5159  0.8364 
   00777    0.4450   -1444.9131  0.8382 
   00778    0.4100   -1449.0623  0.8369 
   00779    0.4425   -1446.0752  0.8385 
   00780    0.4000   -1443.7223  0.8329 
   00781    0.4325   -1438.7243  0.8308 
   00782    0.3975   -1434.0856  0.8272 
   00783    0.4675   -1430.3102  0.8263 
   00784    0.4575   -1428.8466  0.8224 
   00785    0.4250   -1428.6654  0.8265 
   00786    0.4475   -1429.7733  0.8241 
   00787    0.4225   -1428.1760  0.8276 
   00788    0.4300   -1421.6716  0.8247 
   00789    0.3900   -1424.5883  0.8229 
   00790    0.4175   -1433.8513  0.8292 
   00791    0.4400   -1437.2324  0.8252 
   00792    0.4150   -1435.7851  0.8274 
   00793    0.4650   -1441.8052  0.8319 
   00794    0.4050   -1438.9510  0.8305 
   00795    0.4400   -1444.6918  0.8296 
   00796    0.4375   -1445.7614  0.8356 
   00797    0.4400   -1444.7974  0.8358 
   00798    0.4350   -1441.1442  0.8321 
   00799    0.4175   -1438.6263  0.8335 
   00800    0.4525   -1447.2566  0.8318 
   00801    0.4925   -1455.0156  0.8322 
   00802    0.4425   -1452.9886  0.8408 
   00803    0.4425   -1451.5710  0.8382 
   00804    0.3925   -1449.9536  0.8375 
   00805    0.3825   -1445.1902  0.8333 
   00806    0.4575   -1449.4698  0.8272 
   00807    0.4450   -1445.8140  0.8273 
   00808    0.3900   -1448.4012  0.8329 
   00809    0.4275   -1450.5109  0.8405 
   00810    0.4425   -1443.9338  0.8410 
   00811    0.4250   -1448.3413  0.8373 
   00812    0.4225   -1450.8738  0.8425 
   00813    0.4450   -1439.8002  0.8428 
   00814    0.4100   -1446.5276  0.8457 
   00815    0.4000   -1443.7100  0.8479 
   00816    0.4675   -1440.0892  0.8428 
   00817    0.4350   -1434.3146  0.8460 
   00818    0.4225   -1432.7527  0.8455 
   00819    0.4650   -1440.9839  0.8506 
   00820    0.4350   -1445.6752  0.8557 
   00821    0.4550   -1438.7132  0.8576 
   00822    0.4450   -1433.2210  0.8534 
   00823    0.4100   -1431.2018  0.8520 
   00824    0.4575   -1436.6787  0.8496 
   00825    0.4725   -1430.7735  0.8436 
   00826    0.4450   -1427.9701  0.8389 
   00827    0.4075   -1430.6427  0.8417 
   00828    0.4725   -1435.2744  0.8432 
   00829    0.4225   -1439.7796  0.8437 
   00830    0.4250   -1446.6603  0.8500 
   00831    0.4300   -1451.8243  0.8527 
   00832    0.4550   -1447.0612  0.8495 
   00833    0.4350   -1450.0545  0.8538 
   00834    0.4400   -1456.8343  0.8557 
   00835    0.4275   -1446.2729  0.8542 
   00836    0.4300   -1452.3484  0.8552 
   00837    0.4225   -1455.9262  0.8592 
   00838    0.4000   -1452.2437  0.8579 
   00839    0.4375   -1451.9471  0.8546 
   00840    0.4200   -1446.0578  0.8569 
   00841    0.3925   -1443.4925  0.8577 
   00842    0.4325   -1438.4685  0.8614 
   00843    0.4500   -1434.3981  0.8573 
   00844    0.4400   -1433.3900  0.8547 
   00845    0.4650   -1437.8190  0.8567 
   00846    0.4275   -1443.1164  0.8594 
   00847    0.4225   -1441.6931  0.8618 
   00848    0.4475   -1438.8761  0.8656 
   00849    0.4300   -1438.1222  0.8707 
   00850    0.4375   -1440.0978  0.8695 
   00851    0.4025   -1449.0352  0.8733 
   00852    0.4450   -1443.3527  0.8701 
   00853    0.4425   -1452.2467  0.8703 
   00854    0.4625   -1456.4683  0.8753 
   00855    0.4250   -1450.0706  0.8779 
   00856    0.4350   -1446.9905  0.8776 
   00857    0.4300   -1445.8437  0.8812 
   00858    0.3900   -1447.8399  0.8843 
   00859    0.4175   -1448.9638  0.8858 
   00860    0.4525   -1451.7697  0.8857 
   00861    0.4200   -1448.9454  0.8885 
   00862    0.4850   -1454.3873  0.8820 
   00863    0.4050   -1457.5006  0.8806 
   00864    0.4150   -1452.9672  0.8776 
   00865    0.4375   -1449.9124  0.8813 
   00866    0.4550   -1456.3300  0.8815 
   00867    0.4675   -1451.7193  0.8811 
   00868    0.4400   -1456.8036  0.8826 
   00869    0.4825   -1449.8751  0.8792 
   00870    0.4375   -1452.6484  0.8807 
   00871    0.4400   -1454.9454  0.8830 
   00872    0.4325   -1446.8894  0.8803 
   00873    0.4350   -1443.8051  0.8869 
   00874    0.4500   -1440.1695  0.8859 
   00875    0.4000   -1436.9873  0.8833 
   00876    0.4150   -1437.6906  0.8819 
   00877    0.4775   -1437.3301  0.8773 
   00878    0.4175   -1439.3672  0.8728 
   00879    0.4325   -1447.7760  0.8801 
   00880    0.4450   -1445.3783  0.8779 
   00881    0.4300   -1441.9165  0.8763 
   00882    0.4075   -1444.3969  0.8733 
   00883    0.4450   -1455.9317  0.8774 
   00884    0.4175   -1453.4578  0.8798 
   00885    0.4375   -1450.4430  0.8792 
   00886    0.4350   -1446.8900  0.8822 
   00887    0.4300   -1441.2072  0.8809 
   00888    0.4475   -1439.9436  0.8751 
   00889    0.4500   -1440.0650  0.8790 
   00890    0.4600   -1436.8131  0.8806 
   00891    0.4275   -1442.5894  0.8776 
   00892    0.4050   -1444.0407  0.8772 
   00893    0.4800   -1437.2673  0.8798 
   00894    0.4325   -1436.0360  0.8768 
   00895    0.4350   -1439.1287  0.8789 
   00896    0.4475   -1435.0248  0.8767 
   00897    0.4475   -1435.6751  0.8795 
   00898    0.4575   -1443.0710  0.8810 
   00899    0.4525   -1450.4864  0.8844 
   00900    0.4575   -1460.0151  0.8861 
   00901    0.4150   -1458.1640  0.8848 
   00902    0.4625   -1456.6873  0.8855 
   00903    0.4050   -1452.5846  0.8901 
   00904    0.3875   -1456.2384  0.8906 
   00905    0.4375   -1453.6615  0.8916 
   00906    0.4225   -1448.5739  0.8885 
   00907    0.3950   -1446.8440  0.8866 
   00908    0.4425   -1438.3633  0.8870 
   00909    0.4075   -1440.7709  0.8835 
   00910    0.4400   -1438.5868  0.8774 
   00911    0.3975   -1439.0967  0.8688 
   00912    0.4175   -1446.5882  0.8739 
   00913    0.4400   -1449.5360  0.8775 
   00914    0.4425   -1446.8912  0.8777 
   00915    0.4550   -1438.5956  0.8779 
   00916    0.4425   -1437.4809  0.8733 
   00917    0.4250   -1432.1679  0.8766 
   00918    0.4200   -1430.9852  0.8789 
   00919    0.4075   -1431.2646  0.8783 
   00920    0.4425   -1427.1192  0.8785 
   00921    0.4100   -1428.2313  0.8848 
   00922    0.4325   -1432.7668  0.8872 
   00923    0.3975   -1435.0503  0.8857 
   00924    0.3875   -1439.8749  0.8884 
   00925    0.4275   -1439.3131  0.8904 
   00926    0.4375   -1431.6316  0.8855 
   00927    0.4300   -1434.0074  0.8906 
   00928    0.4325   -1433.2264  0.8919 
   00929    0.4525   -1428.7043  0.8960 
   00930    0.4175   -1434.5069  0.8980 
   00931    0.4275   -1428.4096  0.8929 
   00932    0.4275   -1425.0239  0.8931 
   00933    0.4025   -1418.7251  0.8904 
   00934    0.4025   -1424.1354  0.8905 
   00935    0.4000   -1428.4986  0.8929 
   00936    0.4525   -1437.5626  0.8968 
   00937    0.4025   -1434.5727  0.8992 
   00938    0.4250   -1432.6684  0.9001 
   00939    0.4375   -1430.8394  0.8996 
   00940    0.4175   -1427.5288  0.8987 
   00941    0.3975   -1427.8781  0.8956 
   00942    0.4275   -1431.3977  0.8953 
   00943    0.4700   -1439.8286  0.8946 
   00944    0.4675   -1436.7751  0.8894 
   00945    0.3900   -1433.3330  0.8913 
   00946    0.4075   -1437.4470  0.8925 
   00947    0.4275   -1433.1390  0.8914 
   00948    0.4850   -1437.4080  0.8951 
   00949    0.4450   -1442.8972  0.8941 
   00950    0.4200   -1443.2153  0.8949 
   00951    0.3900   -1449.2688  0.8945 
   00952    0.4150   -1444.5226  0.8931 
   00953    0.4475   -1450.2741  0.8934 
   00954    0.4025   -1444.6243  0.8893 
   00955    0.4375   -1447.0940  0.8878 
   00956    0.4025   -1446.5932  0.8863 
   00957    0.4550   -1457.8931  0.8906 
   00958    0.4850   -1452.2000  0.8918 
   00959    0.4250   -1447.2304  0.8900 
   00960    0.3950   -1449.7497  0.8949 
   00961    0.4475   -1452.1729  0.8993 
   00962    0.4625   -1460.5741  0.9019 
   00963    0.4225   -1457.5092  0.8998 
   00964    0.4350   -1459.7397  0.9058 
   00965    0.4375   -1457.9357  0.9056 
   00966    0.4325   -1457.7209  0.9014 
   00967    0.3750   -1464.1405  0.9071 
   00968    0.4400   -1469.1608  0.9096 
   00969    0.3975   -1466.3186  0.9045 
   00970    0.3975   -1465.6151  0.9039 
   00971    0.3950   -1458.6148  0.9017 
   00972    0.4225   -1456.4643  0.8989 
   00973    0.4250   -1456.4959  0.8985 
   00974    0.4450   -1449.0189  0.8961 
   00975    0.4575   -1450.7365  0.9016 
   00976    0.4450   -1444.1915  0.8985 
   00977    0.4450   -1446.3302  0.9000 
   00978    0.4425   -1447.5417  0.8997 
   00979    0.4650   -1452.7362  0.9044 
   00980    0.4150   -1455.6854  0.9064 
   00981    0.4350   -1453.4760  0.9064 
   00982    0.3925   -1451.2924  0.9068 
   00983    0.4850   -1454.8008  0.9039 
   00984    0.4400   -1458.1458  0.9060 
   00985    0.4525   -1455.1559  0.9067 
   00986    0.4275   -1458.3862  0.9101 
   00987    0.4450   -1452.8812  0.9094 
   00988    0.4300   -1454.0794  0.9114 
   00989    0.4050   -1458.0099  0.9146 
   00990    0.4625   -1459.8631  0.9175 
   00991    0.4200   -1458.8340  0.9146 
   00992    0.4625   -1460.0863  0.9102 
   00993    0.3950   -1463.9328  0.9132 
   00994    0.3725   -1466.2118  0.9132 
   00995    0.4500   -1463.2516  0.9129 
   00996    0.4450   -1464.1961  0.9158 
   00997    0.4325   -1463.1228  0.9172 
   00998    0.4250   -1465.8250  0.9148 
   00999    0.4450   -1470.3684  0.9157 
   01000    0.4125   -1473.3454  0.9157 
