#=====================================================
# File created:        Tue-04-Nov-2025-at-02-14-44AM
# Size of lattice:     20x20
# Number of MC steps:  1000
# Reduced temperature: 0.300
# Run time (s):        3.005976
#=====================================================
# MC step:  Ratio:     Energy:   Order:
#=====================================================
   00000    0.5000    -344.4069  0.3930 
   00001    0.6925    -515.1203  0.2952 
   00002    0.6700    -583.3095  0.2980 
   00003    0.6600    -633.5561  0.3084 
   00004    0.6625    -665.6569  0.2980 
   00005    0.6375    -703.8977  0.3005 
   00006    0.6175    -751.5315  0.2916 
   00007    0.6550    -770.4203  0.2943 
   00008    0.6225    -804.3468  0.2934 
   00009    0.5950    -832.5566  0.3006 
   00010    0.6325    -863.3400  0.3053 
   00011    0.5825    -881.7871  0.3064 
   00012    0.6000    -896.4634  0.3058 
   00013    0.5875    -908.9417  0.3037 
   00014    0.5425    -917.5404  0.3072 
   00015    0.5625    -925.4310  0.3037 
   00016    0.5825    -951.3372  0.3035 
   00017    0.5425    -963.9124  0.3090 
   00018    0.5800    -985.3496  0.3043 
   00019    0.5350    -999.3549  0.2982 
   00020    0.5675   -1010.1688  0.2972 
   00021    0.5250   -1010.9902  0.3007 
   00022    0.5475   -1023.7830  0.3005 
   00023    0.5325   -1038.4858  0.3011 
   00024    0.5275   -1045.6252  0.2994 
   00025    0.5225   -1058.3423  0.3025 
   00026    0.5425   -1070.9982  0.3077 
   00027    0.5225   -1090.7778  0.3093 
   00028    0.5650   -1096.8861  0.3054 
   00029    0.4950   -1098.3604  0.3041 
   00030    0.4950   -1101.2247  0.3101 
   00031    0.4500   -1109.3466  0.3104 
   00032    0.5525   -1125.5722  0.3076 
   00033    0.5225   -1135.6053  0.3184 
   00034    0.5100   -1140.7957  0.3150 
   00035    0.5000   -1139.9605  0.3221 
   00036    0.5000   -1143.8874  0.3220 
   00037    0.5050   -1155.2849  0.3091 
   00038    0.5225   -1159.5075  0.3049 
   00039    0.5050   -1171.2661  0.3040 
   00040    0.4800   -1177.9426  0.3085 
   00041    0.4900   -1190.6266  0.3199 
   00042    0.5150   -1200.6955  0.3210 
   00043    0.4775   -1200.7350  0.3236 
   00044    0.4825   -1207.8844  0.3332 
   00045    0.4550   -1214.6004  0.3355 
   00046    0.5150   -1216.7035  0.3344 
   00047    0.4800   -1220.7037  0.3235 
   00048    0.5100   -1218.3024  0.3141 
   00049    0.4550   -1226.5202  0.3052 
   00050    0.4900   -1230.9378  0.3098 
   00051    0.4650   -1230.9696  0.3042 
   00052    0.4400   -1237.3295  0.2939 
   00053    0.5075   -1236.1819  0.2981 
   00054    0.5400   -1243.3780  0.2999 
   00055    0.4950   -1256.4035  0.3020 
   00056    0.4900   -1254.8554  0.3052 
   00057    0.4975   -1260.2785  0.3089 
   00058    0.5150   -1267.1279  0.3082 
   00059    0.4650   -1274.6643  0.3059 
   00060    0.4975   -1280.4244  0.2952 
   00061    0.5450   -1289.2980  0.2945 
   00062    0.4850   -1284.8213  0.2912 
   00063    0.4725   -1288.6541  0.2888 
   00064    0.4900   -1286.7348  0.2914 
   00065    0.5100   -1295.1756  0.2896 
   00066    0.4600   -1293.1064  0.2864 
   00067    0.4625   -1298.0790  0.2907 
   00068    0.4725   -1296.3959  0.2997 
   00069    0.4425   -1292.0404  0.3042 
   00070    0.4650   -1294.0562  0.2984 
   00071    0.4475   -1293.6630  0.3027 
   00072    0.4475   -1298.9670  0.3071 
   00073    0.4475   -1303.7459  0.3125 
   00074    0.5075   -1305.1632  0.3106 
   00075    0.5075   -1310.7540  0.3183 
   00076    0.4550   -1309.8597  0.3212 
   00077    0.4375   -1316.0706  0.3244 
   00078    0.4725   -1313.7330  0.3233 
   00079    0.4200   -1320.1557  0.3254 
   00080    0.4700   -1315.3367  0.3231 
   00081    0.5000   -1321.5273  0.3307 
   00082    0.4675   -1321.2152  0.3370 
   00083    0.4850   -1319.3422  0.3382 
   00084    0.4775   -1316.4070  0.3370 
   00085    0.4825   -1322.0490  0.3403 
   00086    0.4575   -1330.6091  0.3381 
   00087    0.4750   -1342.9955  0.3440 
   00088    0.4700   -1345.1946  0.3492 
   00089    0.4675   -1345.6960  0.3507 
   00090    0.4550   -1344.7713  0.3498 
   00091    0.4850   -1346.9623  0.3471 
   00092    0.4625   -1343.9934  0.3542 
   00093    0.4600   -1342.0224  0.3497 
   00094    0.4450   -1351.0055  0.3433 
   00095    0.4450   -1345.7596  0.3461 
   00096    0.4675   -1345.9988  0.3504 
   00097    0.4475   -1354.3496  0.3543 
   00098    0.4925   -1346.9891  0.3508 
   00099    0.4550   -1342.8596  0.3528 
   00100    0.4700   -1343.4011  0.3547 
   00101    0.4625   -1345.1308  0.3518 
   00102    0.4800   -1348.6882  0.3487 
   00103    0.4825   -1354.3982  0.3480 
   00104    0.4950   -1354.6620  0.3429 
   00105    0.4650   -1355.9862  0.3403 
   00106    0.4575   -1357.7129  0.3425 
   00107    0.4675   -1350.0973  0.3398 
   00108    0.4750   -1351.5637  0.3328 
   00109    0.4825   -1350.7712  0.3295 
   00110    0.4925   -1357.3041  0.3321 
   00111    0.4650   -1357.9796  0.3327 
   00112    0.4525   -1358.4129  0.3372 
   00113    0.4475   -1359.6279  0.3384 
   00114    0.5050   -1356.9611  0.3358 
   00115    0.4550   -1359.1951  0.3369 
   00116    0.5025   -1364.8023  0.3364 
   00117    0.4850   -1368.1172  0.3384 
   00118    0.4600   -1369.2050  0.3275 
   00119    0.4825   -1368.0834  0.3262 
   00120    0.4350   -1370.8398  0.3238 
   00121    0.5000   -1363.7330  0.3277 
   00122    0.4825   -1357.4657  0.3215 
   00123    0.4250   -1363.2909  0.3235 
   00124    0.4725   -1364.4087  0.3242 
   00125    0.4700   -1355.4544  0.3234 
   00126    0.4525   -1358.9785  0.3261 
   00127    0.4625   -1360.6854  0.3302 
   00128    0.4550   -1359.2304  0.3341 
   00129    0.4625   -1359.0059  0.3245 
   00130    0.4800   -1364.2868  0.3258 
   00131    0.4575   -1358.9298  0.3296 
   00132    0.5375   -1352.1038  0.3206 
   00133    0.4825   -1350.9093  0.3106 
   00134    0.5050   -1353.6563  0.3096 
   00135    0.4850   -1357.1275  0.3129 
   00136    0.4500   -1356.3995  0.3120 
   00137    0.5100   -1364.2569  0.3142 
   00138    0.4625   -1370.1343  0.3174 
   00139    0.4600   -1366.2086  0.3202 
   00140    0.4850   -1368.6141  0.3195 
   00141    0.4325   -1374.5450  0.3305 
   00142    0.4725   -1381.5454  0.3249 
   00143    0.4475   -1382.7581  0.3286 
   00144    0.4625   -1374.7084  0.3253 
   00145    0.4600   -1369.4069  0.3264 
   00146    0.4575   -1369.9599  0.3313 
   00147    0.4625   -1371.4735  0.3326 
   00148    0.4025   -1374.7817  0.3304 
   00149    0.4675   -1376.7788  0.3280 
   00150    0.4275   -1376.1405  0.3259 
   00151    0.4275   -1375.7493  0.3284 
   00152    0.4650   -1379.8867  0.3271 
   00153    0.4525   -1383.3946  0.3294 
   00154    0.4375   -1383.1439  0.3313 
   00155    0.4725   -1378.5012  0.3288 
   00156    0.4775   -1378.0962  0.3332 
   00157    0.4800   -1380.2036  0.3415 
   00158    0.4175   -1377.0683  0.3351 
   00159    0.4725   -1379.4765  0.3332 
   00160    0.4425   -1376.9627  0.3342 
   00161    0.4750   -1375.9468  0.3285 
   00162    0.4750   -1378.1648  0.3284 
   00163    0.4525   -1373.3935  0.3299 
   00164    0.4450   -1376.3688  0.3302 
   00165    0.4050   -1371.8193  0.3382 
   00166    0.4600   -1373.5461  0.3375 
   00167    0.4900   -1372.6935  0.3462 
   00168    0.4500   -1376.8199  0.3458 
   00169    0.4500   -1376.5245  0.3502 
   00170    0.4675   -1382.9128  0.3555 
   00171    0.4250   -1385.9559  0.3591 
   00172    0.4475   -1377.9463  0.3544 
   00173    0.4900   -1375.6501  0.3614 
   00174    0.4475   -1379.4710  0.3585 
   00175    0.4825   -1378.1032  0.3556 
   00176    0.4450   -1376.4069  0.3559 
   00177    0.4900   -1375.0682  0.3576 
   00178    0.4275   -1375.7389  0.3582 
   00179    0.4700   -1374.7392  0.3527 
   00180    0.4425   -1378.3886  0.3546 
   00181    0.4350   -1378.1907  0.3511 
   00182    0.4875   -1376.6183  0.3518 
   00183    0.4900   -1376.9045  0.3481 
   00184    0.4850   -1377.3848  0.3507 
   00185    0.4325   -1383.9264  0.3494 
   00186    0.4375   -1391.4893  0.3431 
   00187    0.4675   -1395.0410  0.3393 
   00188    0.4375   -1399.9900  0.3377 
   00189    0.4650   -1392.7775  0.3363 
   00190    0.4750   -1392.2614  0.3368 
   00191    0.4950   -1386.4864  0.3453 
   00192    0.4950   -1385.1814  0.3492 
   00193    0.4575   -1388.7599  0.3460 
   00194    0.4875   -1390.8553  0.3487 
   00195    0.4725   -1390.6531  0.3454 
   00196    0.4825   -1397.5494  0.3422 
   00197    0.4925   -1396.2969  0.3316 
   00198    0.4825   -1391.0889  0.3339 
   00199    0.4650   -1398.2753  0.3346 
   00200    0.4575   -1397.0711  0.3331 
   00201    0.4500   -1388.6204  0.3379 
   00202    0.4275   -1388.0263  0.3394 
   00203    0.5100   -1389.6443  0.3428 
   00204    0.4925   -1395.4455  0.3468 
   00205    0.4550   -1385.7382  0.3498 
   00206    0.4600   -1385.4896  0.3411 
   00207    0.4825   -1381.7082  0.3395 
   00208    0.4900   -1382.9055  0.3400 
   00209    0.4800   -1376.8814  0.3426 
   00210    0.4425   -1376.4668  0.3454 
   00211    0.4500   -1380.4428  0.3537 
   00212    0.5125   -1382.7612  0.3516 
   00213    0.4950   -1376.5562  0.3477 
   00214    0.4850   -1384.3555  0.3534 
   00215    0.4600   -1382.3871  0.3458 
   00216    0.4700   -1376.5985  0.3442 
   00217    0.4550   -1377.3376  0.3448 
   00218    0.4825   -1379.2806  0.3481 
   00219    0.4600   -1374.2225  0.3534 
   00220    0.4700   -1378.3916  0.3521 
   00221    0.4325   -1379.0859  0.3488 
   00222    0.4575   -1384.2727  0.3512 
   00223    0.4525   -1383.7589  0.3551 
   00224    0.4550   -1384.4785  0.3493 
   00225    0.4875   -1390.8185  0.3440 
   00226    0.4750   -1380.2824  0.3541 
   00227    0.4775   -1377.7731  0.3471 
   00228    0.4500   -1374.4724  0.3510 
   00229    0.4425   -1375.5168  0.3503 
   00230    0.4300   -1385.7491  0.3564 
   00231    0.4450   -1387.6766  0.3600 
   00232    0.4975   -1389.9505  0.3617 
   00233    0.4200   -1395.5049  0.3631 
   00234    0.4725   -1391.3097  0.3593 
   00235    0.4775   -1390.3134  0.3525 
   00236    0.4625   -1392.0864  0.3534 
   00237    0.4900   -1393.3058  0.3482 
   00238    0.4800   -1393.3083  0.3483 
   00239    0.4950   -1398.7694  0.3454 
   00240    0.4725   -1400.7086  0.3479 
   00241    0.4600   -1398.7472  0.3473 
   00242    0.4125   -1403.4401  0.3433 
   00243    0.4400   -1402.7089  0.3345 
   00244    0.5100   -1410.2648  0.3305 
   00245    0.4375   -1400.6845  0.3344 
   00246    0.4125   -1401.2548  0.3368 
   00247    0.4625   -1404.2801  0.3356 
   00248    0.4825   -1392.1126  0.3344 
   00249    0.4925   -1393.5260  0.3400 
   00250    0.4500   -1394.3628  0.3469 
   00251    0.4700   -1391.1491  0.3471 
   00252    0.5150   -1391.6374  0.3440 
   00253    0.4700   -1399.0707  0.3423 
   00254    0.4600   -1397.5986  0.3406 
   00255    0.4750   -1385.5169  0.3339 
   00256    0.4750   -1385.0331  0.3343 
   00257    0.4275   -1385.7899  0.3302 
   00258    0.4500   -1385.2778  0.3263 
   00259    0.4600   -1380.4288  0.3268 
   00260    0.4725   -1381.8037  0.3323 
   00261    0.4775   -1383.8346  0.3287 
   00262    0.4650   -1380.5777  0.3314 
   00263    0.4900   -1384.4319  0.3349 
   00264    0.4300   -1388.1456  0.3349 
   00265    0.4650   -1390.3534  0.3318 
   00266    0.4700   -1393.0939  0.3305 
   00267    0.4900   -1392.2028  0.3208 
   00268    0.4525   -1393.7469  0.3204 
   00269    0.4400   -1395.8220  0.3261 
   00270    0.4275   -1393.7110  0.3237 
   00271    0.4400   -1389.5346  0.3345 
   00272    0.4650   -1384.6311  0.3316 
   00273    0.4650   -1389.7714  0.3285 
   00274    0.4475   -1393.3133  0.3289 
   00275    0.4575   -1393.7926  0.3248 
   00276    0.4300   -1396.7567  0.3193 
   00277    0.4725   -1394.7159  0.3174 
   00278    0.4750   -1389.9891  0.3219 
   00279    0.4550   -1395.4531  0.3188 
   00280    0.4325   -1396.3494  0.3197 
   00281    0.4650   -1397.6264  0.3252 
   00282    0.4600   -1395.9897  0.3261 
   00283    0.4400   -1400.8853  0.3311 
   00284    0.4700   -1391.0160  0.3298 
   00285    0.4600   -1382.7258  0.3278 
   00286    0.4825   -1379.3792  0.3340 
   00287    0.4150   -1380.7708  0.3294 
   00288    0.5075   -1382.7650  0.3320 
   00289    0.4700   -1385.1855  0.3316 
   00290    0.4975   -1389.6571  0.3333 
   00291    0.4525   -1396.6678  0.3357 
   00292    0.4800   -1400.5600  0.3382 
   00293    0.4200   -1399.8678  0.3371 
   00294    0.4725   -1396.5397  0.3415 
   00295    0.4775   -1398.1302  0.3468 
   00296    0.4650   -1398.2929  0.3466 
   00297    0.4150   -1403.4853  0.3449 
   00298    0.4750   -1402.8091  0.3429 
   00299    0.4875   -1401.8991  0.3309 
   00300    0.4900   -1402.2920  0.3327 
   00301    0.4800   -1404.5498  0.3283 
   00302    0.4400   -1400.2757  0.3260 
   00303    0.4475   -1399.6139  0.3309 
   00304    0.4400   -1395.5654  0.3299 
   00305    0.4450   -1390.7900  0.3239 
   00306    0.4700   -1393.9067  0.3217 
   00307    0.4725   -1389.1943  0.3226 
   00308    0.4975   -1385.4238  0.3278 
   00309    0.4525   -1383.1772  0.3250 
   00310    0.4825   -1378.5811  0.3283 
   00311    0.4900   -1383.2167  0.3314 
   00312    0.4975   -1382.3562  0.3406 
   00313    0.4525   -1381.5105  0.3347 
   00314    0.4775   -1380.1243  0.3308 
   00315    0.4625   -1377.9093  0.3349 
   00316    0.4325   -1372.3477  0.3344 
   00317    0.4675   -1373.4771  0.3371 
   00318    0.4600   -1380.1727  0.3395 
   00319    0.4375   -1380.8163  0.3460 
   00320    0.4725   -1374.7074  0.3439 
   00321    0.4350   -1379.4201  0.3531 
   00322    0.4475   -1379.9468  0.3559 
   00323    0.5000   -1376.6917  0.3512 
   00324    0.4675   -1374.4711  0.3501 
   00325    0.4775   -1374.7871  0.3522 
   00326    0.5025   -1374.9265  0.3592 
   00327    0.4075   -1379.6152  0.3671 
   00328    0.4575   -1385.2686  0.3690 
   00329    0.4350   -1387.8740  0.3667 
   00330    0.4525   -1392.5552  0.3643 
   00331    0.4500   -1392.6202  0.3591 
   00332    0.4725   -1397.6223  0.3675 
   00333    0.4375   -1396.8576  0.3728 
   00334    0.4450   -1402.0888  0.3703 
   00335    0.4525   -1400.1701  0.3761 
   00336    0.4875   -1400.0311  0.3712 
   00337    0.4250   -1401.3723  0.3715 
   00338    0.4375   -1398.5578  0.3805 
   00339    0.4650   -1395.3951  0.3802 
   00340    0.4700   -1392.1894  0.3801 
   00341    0.4825   -1388.9461  0.3758 
   00342    0.4600   -1392.2633  0.3794 
   00343    0.4650   -1390.9248  0.3756 
   00344    0.4725   -1389.4773  0.3727 
   00345    0.4900   -1386.7115  0.3751 
   00346    0.4475   -1385.0065  0.3659 
   00347    0.4875   -1385.3092  0.3618 
   00348    0.4125   -1388.2369  0.3637 
   00349    0.4625   -1380.5475  0.3603 
   00350    0.4525   -1379.5424  0.3566 
   00351    0.4475   -1378.4915  0.3602 
   00352    0.4925   -1387.9979  0.3562 
   00353    0.4750   -1389.5130  0.3563 
   00354    0.4550   -1392.0008  0.3559 
   00355    0.4500   -1393.4217  0.3578 
   00356    0.4675   -1392.6726  0.3581 
   00357    0.4900   -1391.8615  0.3602 
   00358    0.4375   -1386.6177  0.3587 
   00359    0.4550   -1390.9555  0.3600 
   00360    0.4375   -1386.8009  0.3573 
   00361    0.4675   -1383.8775  0.3550 
   00362    0.4875   -1389.8550  0.3608 
   00363    0.4600   -1388.4791  0.3635 
   00364    0.4200   -1385.5773  0.3636 
   00365    0.4925   -1386.0640  0.3643 
   00366    0.4975   -1387.5630  0.3661 
   00367    0.4100   -1386.8933  0.3654 
   00368    0.4325   -1388.1652  0.3649 
   00369    0.4525   -1390.0233  0.3616 
   00370    0.4350   -1387.2160  0.3620 
   00371    0.4175   -1391.9482  0.3537 
   00372    0.4275   -1385.2837  0.3540 
   00373    0.4775   -1385.3780  0.3577 
   00374    0.4375   -1390.4410  0.3565 
   00375    0.5000   -1387.1470  0.3448 
   00376    0.4875   -1384.7618  0.3429 
   00377    0.4700   -1386.5091  0.3404 
   00378    0.4600   -1388.8123  0.3375 
   00379    0.4900   -1384.7327  0.3378 
   00380    0.4325   -1382.2608  0.3344 
   00381    0.4400   -1386.6010  0.3344 
   00382    0.4700   -1379.4327  0.3390 
   00383    0.4975   -1382.7323  0.3425 
   00384    0.4225   -1378.0728  0.3436 
   00385    0.4825   -1386.1949  0.3449 
   00386    0.5200   -1378.2432  0.3385 
   00387    0.4675   -1381.3868  0.3413 
   00388    0.4750   -1379.7899  0.3440 
   00389    0.4875   -1382.9841  0.3348 
   00390    0.4175   -1389.8713  0.3334 
   00391    0.4450   -1388.3120  0.3350 
   00392    0.4600   -1384.2229  0.3315 
   00393    0.4925   -1389.3358  0.3354 
   00394    0.4300   -1391.3594  0.3337 
   00395    0.4550   -1392.3080  0.3312 
   00396    0.4875   -1387.2928  0.3387 
   00397    0.4675   -1387.1254  0.3361 
   00398    0.4675   -1390.2912  0.3342 
   00399    0.4275   -1384.1216  0.3416 
   00400    0.4475   -1384.4499  0.3424 
   00401    0.4050   -1387.7538  0.3439 
   00402    0.4500   -1382.8486  0.3510 
   00403    0.4750   -1386.2899  0.3498 
   00404    0.4725   -1395.2543  0.3497 
   00405    0.4775   -1394.4273  0.3531 
   00406    0.4775   -1396.0658  0.3505 
   00407    0.4075   -1394.8758  0.3484 
   00408    0.4450   -1398.7185  0.3535 
   00409    0.4275   -1398.5486  0.3490 
   00410    0.4550   -1396.1405  0.3498 
   00411    0.4850   -1389.5822  0.3464 
   00412    0.4250   -1388.8380  0.3449 
   00413    0.4575   -1393.4258  0.3433 
   00414    0.4875   -1395.6143  0.3428 
   00415    0.4475   -1399.5971  0.3437 
   00416    0.4775   -1401.2087  0.3407 
   00417    0.4500   -1401.6568  0.3425 
   00418    0.4750   -1404.9162  0.3471 
   00419    0.4725   -1407.6733  0.3454 
   00420    0.4825   -1411.7545  0.3465 
   00421    0.4350   -1404.0667  0.3483 
   00422    0.4600   -1403.9259  0.3469 
   00423    0.4550   -1400.6868  0.3500 
   00424    0.5100   -1398.3706  0.3510 
   00425    0.4800   -1391.4492  0.3588 
   00426    0.4500   -1406.4969  0.3554 
   00427    0.4500   -1404.4677  0.3616 
   00428    0.4275   -1403.5191  0.3607 
   00429    0.4575   -1410.0662  0.3638 
   00430    0.4525   -1403.7648  0.3564 
   00431    0.4600   -1398.8120  0.3643 
   00432    0.4500   -1396.2206  0.3566 
   00433    0.5050   -1405.1951  0.3620 
   00434    0.4575   -1408.3839  0.3630 
   00435    0.4525   -1412.4096  0.3653 
   00436    0.4400   -1411.5247  0.3589 
   00437    0.4250   -1412.9564  0.3522 
   00438    0.4000   -1409.2540  0.3523 
   00439    0.4700   -1412.2262  0.3508 
   00440    0.4575   -1411.3035  0.3475 
   00441    0.4375   -1409.3029  0.3474 
   00442    0.5075   -1410.6553  0.3501 
   00443    0.4975   -1412.5709  0.3542 
   00444    0.4250   -1415.6027  0.3587 
   00445    0.4825   -1412.2996  0.3604 
   00446    0.4925   -1412.6674  0.3638 
   00447    0.4300   -1409.1838  0.3630 
   00448    0.3900   -1412.3562  0.3542 
   00449    0.4850   -1413.2522  0.3524 
   00450    0.4600   -1411.7011  0.3540 
   00451    0.4450   -1406.8066  0.3546 
   00452    0.4400   -1409.1173  0.3506 
   00453    0.4400   -1411.7821  0.3399 
   00454    0.4625   -1409.5171  0.3430 
   00455    0.4825   -1405.6282  0.3456 
   00456    0.5025   -1405.4620  0.3432 
   00457    0.4550   -1406.6229  0.3431 
   00458    0.4550   -1416.8137  0.3457 
   00459    0.4275   -1422.8160  0.3512 
   00460    0.4150   -1423.0908  0.3551 
   00461    0.4825   -1423.6693  0.3508 
   00462    0.4450   -1422.9949  0.3563 
   00463    0.4775   -1415.4967  0.3585 
   00464    0.4825   -1415.7009  0.3617 
   00465    0.4175   -1417.3408  0.3593 
   00466    0.4800   -1413.7121  0.3500 
   00467    0.4300   -1412.3854  0.3466 
   00468    0.4100   -1410.9802  0.3442 
   00469    0.4900   -1407.7061  0.3465 
   00470    0.4525   -1406.7909  0.3415 
   00471    0.4400   -1404.9047  0.3390 
   00472    0.4675   -1403.9740  0.3373 
   00473    0.4575   -1401.3653  0.3424 
   00474    0.4675   -1402.4333  0.3429 
   00475    0.4900   -1404.4260  0.3456 
   00476    0.4250   -1405.6853  0.3413 
   00477    0.4800   -1410.2757  0.3323 
   00478    0.4400   -1410.5996  0.3334 
   00479    0.4775   -1417.4433  0.3335 
   00480    0.4975   -1413.5852  0.3356 
   00481    0.4750   -1413.4251  0.3348 
   00482    0.4225   -1419.9448  0.3391 
   00483    0.4875   -1424.8160  0.3362 
   00484    0.4600   -1422.5373  0.3397 
   00485    0.4675   -1415.7497  0.3337 
   00486    0.4700   -1416.0591  0.3421 
   00487    0.4575   -1419.3347  0.3391 
   00488    0.4250   -1411.7763  0.3397 
   00489    0.4775   -1413.7447  0.3464 
   00490    0.4825   -1415.0829  0.3518 
   00491    0.4275   -1413.4050  0.3537 
   00492    0.4025   -1410.7171  0.3554 
   00493    0.4425   -1413.8375  0.3538 
   00494    0.4825   -1410.2401  0.3520 
   00495    0.4375   -1408.6015  0.3551 
   00496    0.4825   -1411.0441  0.3623 
   00497    0.4575   -1409.9111  0.3582 
   00498    0.4600   -1409.3695  0.3555 
   00499    0.4300   -1407.7529  0.3575 
   00500    0.4675   -1411.9502  0.3487 
   00501    0.4550   -1408.0652  0.3489 
   00502    0.4350   -1412.2959  0.3518 
   00503    0.4825   -1416.9279  0.3532 
   00504    0.4050   -1413.2365  0.3417 
   00505    0.4450   -1413.7282  0.3459 
   00506    0.4275   -1411.2937  0.3471 
   00507    0.4650   -1414.6361  0.3469 
   00508    0.4600   -1410.8917  0.3431 
   00509    0.4625   -1416.6184  0.3425 
   00510    0.4425   -1416.8658  0.3463 
   00511    0.4250   -1413.3768  0.3513 
   00512    0.4475   -1406.3670  0.3545 
   00513    0.3875   -1404.6601  0.3556 
   00514    0.4250   -1402.4439  0.3540 
   00515    0.4425   -1405.6908  0.3530 
   00516    0.4725   -1401.9597  0.3529 
   00517    0.4800   -1403.9926  0.3480 
   00518    0.4400   -1404.9108  0.3482 
   00519    0.4125   -1406.9149  0.3504 
   00520    0.4100   -1421.1434  0.3524 
   00521    0.4850   -1412.5306  0.3567 
   00522    0.5150   -1415.0715  0.3534 
   00523    0.4575   -1422.5993  0.3567 
   00524    0.4775   -1429.3358  0.3577 
   00525    0.4575   -1421.7345  0.3561 
   00526    0.4750   -1427.2354  0.3581 
   00527    0.4225   -1429.0745  0.3647 
   00528    0.4550   -1424.2060  0.3655 
   00529    0.4725   -1416.9572  0.3651 
   00530    0.4400   -1417.9584  0.3618 
   00531    0.4225   -1413.2348  0.3653 
   00532    0.4725   -1410.1677  0.3665 
   00533    0.4250   -1411.5118  0.3691 
   00534    0.4850   -1421.0511  0.3715 
   00535    0.4200   -1418.5983  0.3693 
   00536    0.4775   -1419.5518  0.3731 
   00537    0.4200   -1423.2155  0.3801 
   00538    0.4125   -1422.9991  0.3813 
   00539    0.5175   -1422.3421  0.3832 
   00540    0.4525   -1413.6070  0.3858 
   00541    0.4700   -1410.3481  0.3888 
   00542    0.4425   -1405.7413  0.3853 
   00543    0.4825   -1402.7866  0.3874 
   00544    0.4600   -1411.1930  0.3909 
   00545    0.4225   -1408.5935  0.3895 
   00546    0.4325   -1412.8200  0.3849 
   00547    0.4275   -1411.6232  0.3821 
   00548    0.4600   -1409.4844  0.3803 
   00549    0.4425   -1413.8750  0.3867 
   00550    0.4500   -1413.2253  0.3899 
   00551    0.4300   -1416.5023  0.3858 
   00552    0.4500   -1415.7686  0.3855 
   00553    0.4750   -1415.0433  0.3803 
   00554    0.3975   -1408.3828  0.3805 
   00555    0.4900   -1412.1966  0.3821 
   00556    0.4575   -1409.9289  0.3830 
   00557    0.4500   -1406.9718  0.3903 
   00558    0.4300   -1410.9758  0.3859 
   00559    0.4375   -1411.2855  0.3843 
   00560    0.4750   -1417.7607  0.3828 
   00561    0.4525   -1416.6868  0.3829 
   00562    0.4350   -1415.1578  0.3844 
   00563    0.4475   -1405.2120  0.3786 
   00564    0.4675   -1405.3743  0.3775 
   00565    0.4425   -1402.0633  0.3801 
   00566    0.4775   -1403.8953  0.3830 
   00567    0.4800   -1398.6247  0.3846 
   00568    0.4900   -1400.7335  0.3833 
   00569    0.4400   -1398.9802  0.3844 
   00570    0.3875   -1391.3215  0.3816 
   00571    0.4875   -1391.8966  0.3845 
   00572    0.4250   -1401.7568  0.3830 
   00573    0.4775   -1405.0083  0.3784 
   00574    0.4625   -1411.6625  0.3830 
   00575    0.4675   -1415.2690  0.3843 
   00576    0.4850   -1416.6301  0.3910 
   00577    0.4625   -1411.7128  0.3915 
   00578    0.4475   -1412.1631  0.3906 
   00579    0.5125   -1410.1686  0.3950 
   00580    0.4525   -1412.0143  0.3957 
   00581    0.4575   -1422.4557  0.4003 
   00582    0.4675   -1424.2945  0.4066 
   00583    0.4475   -1429.3076  0.4107 
   00584    0.4525   -1430.7442  0.4112 
   00585    0.4850   -1430.6381  0.4139 
   00586    0.4725   -1429.9137  0.4073 
   00587    0.4675   -1431.1691  0.4056 
   00588    0.4800   -1424.7832  0.4031 
   00589    0.4500   -1421.7504  0.4044 
   00590    0.4525   -1416.6432  0.4049 
   00591    0.4625   -1414.6317  0.4073 
   00592    0.5075   -1419.3605  0.4173 
   00593    0.4600   -1417.2625  0.4225 
   00594    0.4475   -1412.1404  0.4243 
   00595    0.4325   -1415.4743  0.4280 
   00596    0.4150   -1415.0422  0.4315 
   00597    0.4700   -1411.4281  0.4256 
   00598    0.4500   -1406.4941  0.4218 
   00599    0.4425   -1406.9604  0.4231 
   00600    0.4775   -1405.4816  0.4165 
   00601    0.4475   -1404.7579  0.4189 
   00602    0.4500   -1406.9240  0.4152 
   00603    0.4250   -1415.1233  0.4152 
   00604    0.4025   -1412.5034  0.4240 
   00605    0.4950   -1415.0234  0.4212 
   00606    0.4375   -1408.5250  0.4236 
   00607    0.4625   -1409.5154  0.4252 
   00608    0.4475   -1412.7441  0.4203 
   00609    0.4425   -1415.1390  0.4195 
   00610    0.4175   -1412.7381  0.4190 
   00611    0.4750   -1410.3705  0.4147 
   00612    0.4450   -1413.7804  0.4142 
   00613    0.4300   -1416.7604  0.4201 
   00614    0.4025   -1422.1821  0.4209 
   00615    0.4275   -1422.7143  0.4185 
   00616    0.4575   -1423.6866  0.4201 
   00617    0.4600   -1424.6505  0.4076 
   00618    0.4075   -1428.7429  0.4058 
   00619    0.4625   -1428.9249  0.4150 
   00620    0.4725   -1427.6098  0.4079 
   00621    0.4500   -1423.9453  0.4102 
   00622    0.4350   -1419.4736  0.4135 
   00623    0.5075   -1421.5663  0.4129 
   00624    0.4825   -1414.6422  0.4154 
   00625    0.4850   -1411.4983  0.4114 
   00626    0.4550   -1408.9557  0.4122 
   00627    0.4625   -1408.7835  0.4115 
   00628    0.4675   -1411.2698  0.4096 
   00629    0.4775   -1404.8623  0.4050 
   00630    0.4350   -1410.0847  0.4087 
   00631    0.4025   -1411.7109  0.4095 
   00632    0.4325   -1408.0329  0.4098 
   00633    0.4350   -1403.9788  0.4102 
   00634    0.4050   -1403.6805  0.4079 
   00635    0.4650   -1404.6769  0.4018 
   00636    0.4350   -1404.8193  0.4035 
   00637    0.4250   -1402.1653  0.4005 
   00638    0.4375   -1410.2578  0.4015 
   00639    0.4475   -1417.1163  0.4045 
   00640    0.4550   -1419.3888  0.4050 
   00641    0.4500   -1417.8421  0.4013 
   00642    0.4450   -1416.5395  0.4022 
   00643    0.4850   -1419.2601  0.4028 
   00644    0.4475   -1417.1213  0.4000 
   00645    0.4125   -1412.9928  0.4006 
   00646    0.4600   -1414.6494  0.4051 
   00647    0.4250   -1422.7015  0.3994 
   00648    0.4525   -1422.1600  0.4084 
   00649    0.4625   -1420.2229  0.4046 
   00650    0.4475   -1424.0846  0.4095 
   00651    0.4575   -1423.1714  0.4128 
   00652    0.4050   -1413.9515  0.4142 
   00653    0.4175   -1415.9423  0.4106 
   00654    0.4400   -1419.0962  0.4121 
   00655    0.4225   -1418.5542  0.4104 
   00656    0.4450   -1416.4185  0.4111 
   00657    0.4575   -1417.2116  0.4099 
   00658    0.4375   -1418.2602  0.4112 
   00659    0.4425   -1419.7007  0.4068 
   00660    0.4125   -1414.1422  0.4070 
   00661    0.4325   -1416.4122  0.4051 
   00662    0.4800   -1415.3218  0.4106 
   00663    0.4850   -1413.8630  0.4093 
   00664    0.4600   -1414.5813  0.4051 
   00665    0.4350   -1415.1318  0.4036 
   00666    0.4950   -1413.4213  0.4027 
   00667    0.4575   -1415.9226  0.4050 
   00668    0.4250   -1412.3113  0.4073 
   00669    0.4350   -1408.8580  0.4090 
   00670    0.4750   -1416.1877  0.4010 
   00671    0.4025   -1423.1092  0.3995 
   00672    0.4250   -1419.2040  0.3997 
   00673    0.4500   -1420.5842  0.4005 
   00674    0.4725   -1422.4029  0.4011 
   00675    0.4375   -1414.6266  0.4007 
   00676    0.4125   -1411.6018  0.4044 
   00677    0.4700   -1418.7622  0.4014 
   00678    0.4125   -1423.8626  0.4031 
   00679    0.4125   -1425.8545  0.4056 
   00680    0.4350   -1412.8382  0.4054 
   00681    0.4750   -1413.2007  0.3970 
   00682    0.4350   -1415.0729  0.4000 
   00683    0.4800   -1409.3275  0.3972 
   00684    0.4425   -1407.1785  0.3984 
   00685    0.4350   -1409.1634  0.4019 
   00686    0.4100   -1410.6957  0.3957 
   00687    0.4325   -1406.6769  0.3995 
   00688    0.4525   -1403.4076  0.3966 
   00689    0.4675   -1407.1352  0.4001 
   00690    0.4550   -1396.4264  0.3958 
   00691    0.4350   -1391.7916  0.4007 
   00692    0.4775   -1398.0912  0.4084 
   00693    0.4750   -1400.0448  0.4111 
   00694    0.4400   -1399.8689  0.4152 
   00695    0.4500   -1403.7258  0.4111 
   00696    0.4425   -1412.3557  0.4162 
   00697    0.4450   -1416.0042  0.4199 
   00698    0.4225   -1407.4090  0.4193 
   00699    0.4375   -1403.0204  0.4234 
   00700    0.4425   -1401.5764  0.4177 
   00701    0.4400   -1401.9472  0.4161 
   00702    0.4275   -1400.6316  0.4163 
   00703    0.4600   -1399.9774  0.4149 
   00704    0.4850   -1405.1456  0.4115 
   00705    0.4375   -1397.0726  0.4107 
   00706    0.4750   -1392.4855  0.4074 
   00707    0.4525   -1395.3919  0.4064 
   00708    0.4725   -1397.5074  0.4035 
   00709    0.4525   -1398.4689  0.4103 
   00710    0.4475   -1392.6607  0.4018 
   00711    0.4475   -1396.7827  0.3947 
   00712    0.4300   -1403.7944  0.3986 
   00713    0.4425   -1399.7020  0.4040 
   00714    0.4725   -1399.0590  0.4114 
   00715    0.4450   -1402.8776  0.4117 
   00716    0.4275   -1404.9132  0.4157 
   00717    0.4700   -1410.2042  0.4145 
   00718    0.4300   -1401.4868  0.4129 
   00719    0.4150   -1401.7502  0.4076 
   00720    0.4175   -1409.2350  0.4020 
   00721    0.3875   -1411.8776  0.4009 
   00722    0.4250   -1414.0940  0.3989 
   00723    0.4550   -1415.7450  0.3989 
   00724    0.4475   -1416.8388  0.3990 
   00725    0.4900   -1422.0142  0.3967 
   00726    0.4325   -1418.2045  0.3947 
   00727    0.5000   -1423.6289  0.3863 
   00728    0.4675   -1420.5956  0.3843 
   00729    0.4200   -1417.8869  0.3816 
   00730    0.4350   -1422.5031  0.3869 
   00731    0.4475   -1427.6351  0.3920 
   00732    0.4425   -1424.0638  0.3894 
   00733    0.4625   -1425.2204  0.3921 
   00734    0.4250   -1417.9644  0.3890 
   00735    0.4025   -1419.4946  0.3890 
   00736    0.4450   -1421.9041  0.3878 
   00737    0.4625   -1420.4596  0.3851 
   00738    0.4200   -1421.6376  0.3876 
   00739    0.4575   -1422.1901  0.3879 
   00740    0.4175   -1418.7040  0.3881 
   00741    0.4925   -1414.7837  0.3798 
   00742    0.4750   -1412.8442  0.3843 
   00743    0.4900   -1409.8552  0.3817 
   00744    0.4650   -1409.2341  0.3814 
   00745    0.4725   -1415.2146  0.3812 
   00746    0.4700   -1419.4839  0.3872 
   00747    0.5025   -1418.9808  0.3925 
   00748    0.4825   -1418.7099  0.3892 
   00749    0.4575   -1415.3811  0.3868 
   00750    0.4350   -1413.3919  0.3899 
   00751    0.4450   -1416.8448  0.3868 
   00752    0.4375   -1417.6651  0.3905 
   00753    0.4575   -1422.8162  0.3943 
   00754    0.4500   -1420.3034  0.3901 
   00755    0.4500   -1425.3742  0.3910 
   00756    0.4150   -1426.7467  0.3921 
   00757    0.4500   -1420.9818  0.3928 
   00758    0.4450   -1425.8400  0.3913 
   00759    0.4400   -1416.9771  0.3912 
   00760    0.4300   -1411.5801  0.3883 
   00761    0.4325   -1414.4324  0.3829 
   00762    0.4325   -1413.3082  0.3872 
   00763    0.4475   -1419.6778  0.3838 
   00764    0.4500   -1420.7506  0.3818 
   00765    0.4325   -1413.5586  0.3818 
   00766    0.4900   -1412.8697  0.3814 
   00767    0.4100   -1409.2953  0.3813 
   00768    0.4175   -1411.7354  0.3783 
   00769    0.4425   -1406.9160  0.3894 
   00770    0.4325   -1404.2788  0.3907 
   00771    0.4025   -1405.4603  0.3869 
   00772    0.4450   -1408.2162  0.3891 
   00773    0.4775   -1410.7954  0.3853 
   00774    0.4600   -1402.4110  0.3909 
   00775    0.4475   -1401.3917  0.3899 
   00776    0.4325   -1399.3537  0.3936 
   00777    0.4750   -1399.1375  0.3867 
   00778    0.4550   -1405.5314  0.3832 
   00779    0.4425   -1403.9689  0.3832 
   00780    0.4250   -1407.7012  0.3847 
   00781    0.4675   -1406.6014  0.3803 
   00782    0.4250   -1405.3057  0.3813 
   00783    0.4150   -1407.3462  0.3738 
   00784    0.4600   -1400.5790  0.3778 
   00785    0.4600   -1397.2479  0.3730 
   00786    0.4500   -1394.5427  0.3737 
   00787    0.4300   -1394.6287  0.3717 
   00788    0.4775   -1399.9807  0.3750 
   00789    0.4575   -1411.1888  0.3812 
   00790    0.4800   -1406.7111  0.3813 
   00791    0.4250   -1417.6165  0.3722 
   00792    0.4275   -1410.6795  0.3707 
   00793    0.4700   -1410.7576  0.3806 
   00794    0.4250   -1416.9243  0.3852 
   00795    0.4250   -1419.3208  0.3840 
   00796    0.4600   -1423.7681  0.3936 
   00797    0.4525   -1422.2663  0.3981 
   00798    0.4700   -1418.7445  0.4037 
   00799    0.3975   -1424.0093  0.4053 
   00800    0.4175   -1422.1840  0.4118 
   00801    0.4100   -1422.6719  0.4121 
   00802    0.4525   -1420.3870  0.4095 
   00803    0.4600   -1417.2980  0.4130 
   00804    0.4125   -1417.2704  0.4151 
   00805    0.4525   -1422.0647  0.4143 
   00806    0.4375   -1424.5331  0.4162 
   00807    0.4325   -1425.6401  0.4235 
   00808    0.4200   -1424.2520  0.4307 
   00809    0.4375   -1424.1715  0.4301 
   00810    0.4675   -1428.5717  0.4269 
   00811    0.4250   -1429.1221  0.4233 
   00812    0.4500   -1424.0105  0.4233 
   00813    0.4700   -1432.9839  0.4259 
   00814    0.5075   -1432.4439  0.4253 
   00815    0.4200   -1430.6344  0.4251 
   00816    0.4250   -1433.4869  0.4235 
   00817    0.4650   -1429.8757  0.4280 
   00818    0.4725   -1427.4556  0.4217 
   00819    0.4325   -1432.5733  0.4224 
   00820    0.4200   -1434.7668  0.4286 
   00821    0.4200   -1432.8521  0.4273 
   00822    0.4450   -1438.5749  0.4329 
   00823    0.4100   -1436.6337  0.4385 
   00824    0.4650   -1436.5618  0.4390 
   00825    0.4175   -1434.7849  0.4325 
   00826    0.4250   -1429.8241  0.4278 
   00827    0.4525   -1426.1894  0.4306 
   00828    0.4675   -1426.4658  0.4363 
   00829    0.4950   -1425.6566  0.4370 
   00830    0.4425   -1433.0689  0.4384 
   00831    0.4525   -1435.9209  0.4418 
   00832    0.4800   -1440.3100  0.4428 
   00833    0.4975   -1431.9127  0.4388 
   00834    0.4075   -1426.0803  0.4454 
   00835    0.4575   -1424.7015  0.4403 
   00836    0.4450   -1426.4380  0.4437 
   00837    0.4550   -1429.4206  0.4470 
   00838    0.4950   -1423.7694  0.4453 
   00839    0.4350   -1425.9981  0.4468 
   00840    0.4725   -1427.0698  0.4480 
   00841    0.4400   -1431.6320  0.4506 
   00842    0.4625   -1427.5783  0.4523 
   00843    0.4700   -1423.6585  0.4555 
   00844    0.4600   -1431.6884  0.4543 
   00845    0.5000   -1428.6962  0.4597 
   00846    0.4900   -1431.7307  0.4593 
   00847    0.4750   -1435.1218  0.4548 
   00848    0.4275   -1432.3028  0.4551 
   00849    0.4675   -1432.0140  0.4493 
   00850    0.4725   -1435.6714  0.4512 
   00851    0.4450   -1432.5765  0.4463 
   00852    0.4525   -1430.2126  0.4466 
   00853    0.4200   -1436.0567  0.4524 
   00854    0.4550   -1437.1344  0.4528 
   00855    0.4450   -1436.3937  0.4541 
   00856    0.4350   -1436.4790  0.4503 
   00857    0.4625   -1436.9478  0.4432 
   00858    0.4400   -1439.6195  0.4435 
   00859    0.4200   -1434.9796  0.4464 
   00860    0.4650   -1437.7150  0.4398 
   00861    0.4375   -1433.7530  0.4422 
   00862    0.4575   -1435.7812  0.4406 
   00863    0.4575   -1437.9459  0.4409 
   00864    0.4775   -1444.6663  0.4377 
   00865    0.4225   -1435.0310  0.4328 
   00866    0.4625   -1440.9279  0.4288 
   00867    0.4075   -1440.7238  0.4312 
   00868    0.4375   -1431.6417  0.4363 
   00869    0.4750   -1430.1658  0.4341 
   00870    0.4275   -1433.3805  0.4303 
   00871    0.4100   -1436.7569  0.4301 
   00872    0.4325   -1442.0648  0.4255 
   00873    0.4650   -1444.0397  0.4317 
   00874    0.4375   -1441.1366  0.4336 
   00875    0.4600   -1442.6138  0.4390 
   00876    0.4150   -1446.5349  0.4347 
   00877    0.4250   -1446.7397  0.4374 
   00878    0.4300   -1442.7187  0.4397 
   00879    0.4250   -1448.4277  0.4313 
   00880    0.4400   -1444.8549  0.4377 
   00881    0.4825   -1443.8013  0.4382 
   00882    0.4025   -1441.0831  0.4345 
   00883    0.4825   -1442.8528  0.4351 
   00884    0.4450   -1443.6712  0.4321 
   00885    0.5175   -1443.1945  0.4255 
   00886    0.4200   -1441.1894  0.4218 
   00887    0.4425   -1441.6362  0.4200 
   00888    0.4175   -1440.5278  0.4181 
   00889    0.4300   -1438.3985  0.4121 
   00890    0.4250   -1442.3283  0.4069 
   00891    0.4950   -1444.6433  0.4081 
   00892    0.4400   -1446.4465  0.4145 
   00893    0.4800   -1452.2761  0.4230 
   00894    0.4625   -1451.9027  0.4199 
   00895    0.4375   -1458.2635  0.4180 
   00896    0.4550   -1452.0612  0.4215 
   00897    0.4750   -1454.7493  0.4247 
   00898    0.4525   -1450.2275  0.4291 
   00899    0.4475   -1450.2549  0.4302 
   00900    0.4125   -1451.8566  0.4277 
   00901    0.4900   -1453.9126  0.4285 
   00902    0.4700   -1448.0252  0.4341 
   00903    0.4625   -1449.3499  0.4334 
   00904    0.4550   -1452.4751  0.4321 
   00905    0.4375   -1453.9108  0.4349 
   00906    0.4950   -1454.6206  0.4377 
   00907    0.4425   -1451.2663  0.4357 
   00908    0.4050   -1451.0901  0.4383 
   00909    0.4700   -1449.3378  0.4353 
   00910    0.4825   -1442.7223  0.4361 
   00911    0.4250   -1438.4293  0.4429 
   00912    0.4125   -1439.2718  0.4437 
   00913    0.4450   -1433.6884  0.4434 
   00914    0.4600   -1432.5962  0.4441 
   00915    0.4500   -1428.8222  0.4352 
   00916    0.4225   -1431.7194  0.4400 
   00917    0.4625   -1427.4366  0.4396 
   00918    0.4600   -1429.5892  0.4376 
   00919    0.4325   -1428.3411  0.4448 
   00920    0.4800   -1425.5376  0.4395 
   00921    0.3900   -1423.4873  0.4417 
   00922    0.4425   -1420.9228  0.4457 
   00923    0.4175   -1416.2008  0.4455 
   00924    0.4950   -1427.0379  0.4509 
   00925    0.4475   -1425.1010  0.4525 
   00926    0.4475   -1426.3504  0.4540 
   00927    0.4600   -1425.7834  0.4498 
   00928    0.4775   -1419.6825  0.4493 
   00929    0.4375   -1422.4744  0.4504 
   00930    0.4625   -1422.1620  0.4537 
   00931    0.4475   -1430.4557  0.4570 
   00932    0.3950   -1428.2866  0.4562 
   00933    0.4275   -1428.7367  0.4469 
   00934    0.4225   -1428.9922  0.4452 
   00935    0.4775   -1416.9583  0.4478 
   00936    0.4550   -1407.9246  0.4463 
   00937    0.4700   -1411.5740  0.4454 
   00938    0.4750   -1422.2121  0.4486 
   00939    0.4775   -1421.3882  0.4454 
   00940    0.4075   -1420.7297  0.4450 
   00941    0.4600   -1419.6259  0.4446 
   00942    0.4650   -1426.1583  0.4440 
   00943    0.4750   -1429.0203  0.4492 
   00944    0.4250   -1427.3199  0.4579 
   00945    0.4625   -1428.9610  0.4549 
   00946    0.4900   -1430.1860  0.4475 
   00947    0.4925   -1431.6833  0.4494 
   00948    0.4275   -1430.9725  0.4519 
   00949    0.4800   -1433.5532  0.4553 
   00950    0.4775   -1426.0064  0.4582 
   00951    0.4375   -1425.6444  0.4521 
   00952    0.5025   -1426.0455  0.4534 
   00953    0.4325   -1426.2682  0.4485 
   00954    0.4150   -1434.2060  0.4515 
   00955    0.4100   -1436.7228  0.4466 
   00956    0.3925   -1432.1736  0.4447 
   00957    0.4800   -1434.5867  0.4399 
   00958    0.4600   -1436.4902  0.4342 
   00959    0.4625   -1438.3054  0.4364 
   00960    0.4450   -1445.4575  0.4321 
   00961    0.4200   -1448.5479  0.4429 
   00962    0.4450   -1451.7208  0.4448 
   00963    0.4725   -1452.3603  0.4509 
   00964    0.4325   -1456.3911  0.4436 
   00965    0.4500   -1455.0918  0.4394 
   00966    0.4425   -1452.0359  0.4410 
   00967    0.4275   -1448.1448  0.4351 
   00968    0.4625   -1444.0787  0.4380 
   00969    0.4375   -1438.8718  0.4459 
   00970    0.4325   -1441.7624  0.4453 
   00971    0.4525   -1439.4024  0.4455 
   00972    0.4400   -1435.5312  0.4387 
   00973    0.4300   -1435.7322  0.4429 
   00974    0.4525   -1437.7052  0.4479 
   00975    0.4200   -1440.8639  0.4462 
   00976    0.4500   -1431.3775  0.4424 
   00977    0.4625   -1428.6652  0.4406 
   00978    0.5250   -1423.5917  0.4451 
   00979    0.4650   -1424.2379  0.4463 
   00980    0.4325   -1418.3885  0.4541 
   00981    0.4525   -1420.2389  0.4508 
   00982    0.4275   -1423.2864  0.4515 
   00983    0.4475   -1426.6804  0.4504 
   00984    0.4950   -1429.9172  0.4520 
   00985    0.4300   -1427.2574  0.4593 
   00986    0.4825   -1428.0069  0.4614 
   00987    0.4700   -1423.1965  0.4599 
   00988    0.5200   -1425.1386  0.4569 
   00989    0.4700   -1425.0780  0.4621 
   00990    0.4350   -1434.7708  0.4622 
   00991    0.4125   -1442.4366  0.4609 
   00992    0.4250   -1442.2803  0.4500 
   00993    0.4975   -1439.7831  0.4521 
   00994    0.4200   -1440.9651  0.4542 
   00995    0.4675   -1437.8406  0.4479 
   00996    0.4475   -1439.2704  0.4479 
   00997    0.4200   -1437.9468  0.4537 
   00998    0.4275   -1440.9547  0.4430 
   00999    0.4125   -1437.0124  0.4364 
   01000    0.4200   -1439.6416  0.4317 
