#=====================================================
# File created:        Wed-05-Nov-2025-at-05-07-33AM
# Size of lattice:     20x20
# Number of MC steps:  1000
# Reduced temperature: 0.250
# Run time (s):        0.143479
#=====================================================
# MC step:  Ratio:     Energy:   Order:
#=====================================================
   00000    0.5000    -427.4743  0.3100 
   00001    0.6725    -553.8351  0.3292 
   00002    0.6500    -663.3912  0.3446 
   00003    0.6075    -746.1065  0.3850 
   00004    0.5675    -829.2235  0.3915 
   00005    0.5600    -900.2229  0.4064 
   00006    0.5575    -949.2549  0.4200 
   00007    0.5825   -1010.0967  0.4333 
   00008    0.5975   -1048.3581  0.4460 
   00009    0.5700   -1083.4903  0.4644 
   00010    0.5275   -1110.2950  0.4777 
   00011    0.5600   -1148.4968  0.4991 
   00012    0.5300   -1192.6137  0.5257 
   00013    0.4825   -1213.1894  0.5298 
   00014    0.4675   -1224.0918  0.5383 
   00015    0.4625   -1242.2960  0.5390 
   00016    0.4975   -1262.1065  0.5559 
   00017    0.5700   -1273.1995  0.5715 
   00018    0.4425   -1287.8622  0.5875 
   00019    0.4550   -1311.5124  0.6042 
   00020    0.5025   -1319.5950  0.6115 
   00021    0.4675   -1338.4909  0.6239 
   00022    0.4800   -1338.4601  0.6357 
   00023    0.5100   -1343.2282  0.6468 
   00024    0.5050   -1344.5999  0.6574 
   00025    0.4575   -1355.2874  0.6825 
   00026    0.4800   -1373.4906  0.6952 
   00027    0.4600   -1379.8524  0.6980 
   00028    0.4725   -1378.4080  0.7043 
   00029    0.4725   -1386.4175  0.7163 
   00030    0.4625   -1395.0727  0.7243 
   00031    0.4525   -1401.1239  0.7386 
   00032    0.4775   -1408.1950  0.7547 
   00033    0.4925   -1415.9795  0.7646 
   00034    0.4775   -1416.4176  0.7689 
   00035    0.4975   -1418.1700  0.7756 
   00036    0.4800   -1428.6712  0.7705 
   00037    0.4475   -1423.7549  0.7681 
   00038    0.4800   -1432.5218  0.7640 
   00039    0.5050   -1432.7642  0.7722 
   00040    0.4350   -1438.4772  0.7714 
   00041    0.4175   -1439.7605  0.7716 
   00042    0.4575   -1440.1940  0.7756 
   00043    0.4675   -1435.5470  0.7837 
   00044    0.4300   -1437.9495  0.7937 
   00045    0.4425   -1435.0460  0.8067 
   00046    0.5025   -1440.5008  0.8025 
   00047    0.4550   -1439.4420  0.8026 
   00048    0.4525   -1441.5262  0.7999 
   00049    0.4450   -1438.5231  0.8012 
   00050    0.4700   -1446.9217  0.8116 
   00051    0.4375   -1451.5641  0.8159 
   00052    0.4950   -1455.4385  0.8192 
   00053    0.4475   -1454.0182  0.8185 
   00054    0.4425   -1448.2366  0.8232 
   00055    0.4575   -1440.7778  0.8132 
   00056    0.4875   -1437.9561  0.8177 
   00057    0.5175   -1448.8767  0.8264 
   00058    0.4675   -1450.5595  0.8244 
   00059    0.4500   -1449.1677  0.8225 
   00060    0.4825   -1454.6938  0.8268 
   00061    0.4550   -1457.9821  0.8223 
   00062    0.5175   -1462.4437  0.8251 
   00063    0.4775   -1465.3540  0.8260 
   00064    0.4400   -1460.5717  0.8188 
   00065    0.4525   -1456.6778  0.8261 
   00066    0.4600   -1457.2108  0.8269 
   00067    0.4550   -1454.5498  0.8295 
   00068    0.4875   -1463.7685  0.8313 
   00069    0.4350   -1469.2954  0.8311 
   00070    0.4600   -1462.2132  0.8283 
   00071    0.4075   -1458.7930  0.8278 
   00072    0.4650   -1448.9780  0.8224 
   00073    0.5175   -1446.4667  0.8074 
   00074    0.4800   -1451.4698  0.8062 
   00075    0.4550   -1447.8081  0.7990 
   00076    0.4075   -1453.5441  0.7994 
   00077    0.4600   -1458.0145  0.8092 
   00078    0.4325   -1461.3579  0.8112 
   00079    0.4400   -1455.8129  0.8221 
   00080    0.4800   -1460.0925  0.8234 
   00081    0.4600   -1457.4713  0.8273 
   00082    0.4575   -1462.3975  0.8262 
   00083    0.4400   -1460.8348  0.8266 
   00084    0.4725   -1446.9694  0.8243 
   00085    0.4700   -1453.6331  0.8325 
   00086    0.4250   -1454.1587  0.8395 
   00087    0.4475   -1455.2810  0.8493 
   00088    0.4350   -1456.3063  0.8462 
   00089    0.4800   -1458.3352  0.8480 
   00090    0.4550   -1468.9226  0.8529 
   00091    0.4575   -1464.5529  0.8528 
   00092    0.5300   -1464.2527  0.8532 
   00093    0.4600   -1460.7348  0.8513 
   00094    0.4575   -1457.5158  0.8545 
   00095    0.4175   -1462.5784  0.8530 
   00096    0.4725   -1463.5211  0.8597 
   00097    0.4975   -1462.6940  0.8580 
   00098    0.4650   -1462.9980  0.8614 
   00099    0.4450   -1479.1296  0.8737 
   00100    0.4525   -1477.6655  0.8724 
   00101    0.4475   -1473.9531  0.8766 
   00102    0.4375   -1468.6624  0.8804 
   00103    0.4600   -1470.4044  0.8791 
   00104    0.4750   -1473.8709  0.8898 
   00105    0.4275   -1476.3272  0.8903 
   00106    0.4375   -1473.5336  0.8893 
   00107    0.4750   -1465.8498  0.8895 
   00108    0.4775   -1470.7347  0.8905 
   00109    0.4625   -1473.2118  0.8940 
   00110    0.4350   -1469.1368  0.8847 
   00111    0.4600   -1459.1627  0.8853 
   00112    0.4350   -1458.9264  0.8933 
   00113    0.4275   -1463.1048  0.8925 
   00114    0.4575   -1467.8342  0.8956 
   00115    0.4450   -1474.5404  0.8994 
   00116    0.5050   -1475.6133  0.9034 
   00117    0.4575   -1472.8942  0.9046 
   00118    0.4900   -1478.2322  0.9148 
   00119    0.4525   -1477.0989  0.9186 
   00120    0.4525   -1485.1578  0.9207 
   00121    0.4575   -1487.5382  0.9272 
   00122    0.4425   -1492.5099  0.9244 
   00123    0.4775   -1490.9076  0.9246 
   00124    0.4325   -1495.0004  0.9241 
   00125    0.4825   -1499.1232  0.9283 
   00126    0.4375   -1495.0896  0.9257 
   00127    0.4875   -1493.6820  0.9228 
   00128    0.4350   -1492.4207  0.9181 
   00129    0.4300   -1495.8156  0.9178 
   00130    0.4500   -1500.8453  0.9224 
   00131    0.4400   -1497.2923  0.9210 
   00132    0.4925   -1491.3787  0.9214 
   00133    0.4250   -1486.8421  0.9182 
   00134    0.4775   -1486.4586  0.9204 
   00135    0.4325   -1484.5153  0.9167 
   00136    0.4650   -1491.1990  0.9169 
   00137    0.4575   -1490.5635  0.9191 
   00138    0.4125   -1483.5024  0.9187 
   00139    0.4400   -1482.8319  0.9193 
   00140    0.4600   -1496.3368  0.9285 
   00141    0.4400   -1494.5240  0.9278 
   00142    0.4550   -1502.4879  0.9342 
   00143    0.4450   -1495.5411  0.9356 
   00144    0.4475   -1495.2629  0.9295 
   00145    0.4700   -1487.3843  0.9239 
   00146    0.4125   -1493.9943  0.9255 
   00147    0.4500   -1489.2243  0.9238 
   00148    0.4475   -1489.2956  0.9258 
   00149    0.4325   -1484.6589  0.9243 
   00150    0.4600   -1488.9395  0.9239 
   00151    0.4900   -1490.7791  0.9287 
   00152    0.4500   -1496.6972  0.9330 
   00153    0.4375   -1498.3653  0.9351 
   00154    0.4275   -1497.3393  0.9331 
   00155    0.4450   -1490.2081  0.9316 
   00156    0.4625   -1484.5928  0.9309 
   00157    0.4500   -1494.0428  0.9283 
   00158    0.4575   -1498.5272  0.9307 
   00159    0.4550   -1496.1301  0.9319 
   00160    0.4525   -1490.9126  0.9330 
   00161    0.4775   -1485.5480  0.9303 
   00162    0.4725   -1482.3819  0.9274 
   00163    0.4800   -1479.7825  0.9240 
   00164    0.4575   -1486.4664  0.9268 
   00165    0.4500   -1490.9223  0.9259 
   00166    0.4425   -1477.5572  0.9191 
   00167    0.4050   -1480.1175  0.9203 
   00168    0.4250   -1489.4167  0.9179 
   00169    0.4625   -1497.9942  0.9147 
   00170    0.4425   -1500.2811  0.9165 
   00171    0.4400   -1500.5340  0.9162 
   00172    0.4450   -1494.0180  0.9181 
   00173    0.4275   -1496.3817  0.9149 
   00174    0.4125   -1491.8891  0.9111 
   00175    0.4350   -1493.2088  0.9159 
   00176    0.4550   -1489.2954  0.9161 
   00177    0.4775   -1484.8554  0.9149 
   00178    0.4775   -1491.5917  0.9178 
   00179    0.3950   -1484.7006  0.9124 
   00180    0.4575   -1489.4702  0.9132 
   00181    0.4725   -1488.1506  0.9156 
   00182    0.4275   -1488.6923  0.9175 
   00183    0.4525   -1486.6889  0.9157 
   00184    0.4300   -1494.1896  0.9176 
   00185    0.4475   -1503.6371  0.9216 
   00186    0.4275   -1487.8056  0.9209 
   00187    0.4400   -1494.9449  0.9238 
   00188    0.4925   -1493.7801  0.9254 
   00189    0.4025   -1499.1527  0.9291 
   00190    0.4650   -1501.9110  0.9233 
   00191    0.4825   -1498.5750  0.9202 
   00192    0.4625   -1501.0509  0.9212 
   00193    0.4150   -1494.7541  0.9206 
   00194    0.4300   -1500.5648  0.9249 
   00195    0.4550   -1501.6592  0.9189 
   00196    0.4500   -1501.2612  0.9231 
   00197    0.4600   -1508.2306  0.9229 
   00198    0.4225   -1508.6884  0.9214 
   00199    0.4375   -1503.1755  0.9208 
   00200    0.4250   -1496.1125  0.9188 
   00201    0.4475   -1485.5382  0.9140 
   00202    0.4500   -1485.7746  0.9114 
   00203    0.4325   -1483.3761  0.9138 
   00204    0.4725   -1489.3762  0.9125 
   00205    0.4475   -1493.0102  0.9159 
   00206    0.4600   -1501.0807  0.9267 
   00207    0.4775   -1507.5645  0.9292 
   00208    0.4425   -1498.2492  0.9257 
   00209    0.4250   -1497.4028  0.9272 
   00210    0.4550   -1491.6792  0.9219 
   00211    0.4425   -1497.4430  0.9200 
   00212    0.4975   -1500.8108  0.9261 
   00213    0.4225   -1504.8921  0.9253 
   00214    0.4600   -1500.1952  0.9220 
   00215    0.4350   -1485.8309  0.9189 
   00216    0.4200   -1497.0589  0.9291 
   00217    0.4650   -1492.2123  0.9210 
   00218    0.4400   -1495.0244  0.9208 
   00219    0.4700   -1495.5773  0.9242 
   00220    0.4500   -1496.8787  0.9194 
   00221    0.4300   -1491.0357  0.9202 
   00222    0.4250   -1496.2855  0.9203 
   00223    0.4825   -1498.9910  0.9176 
   00224    0.4750   -1496.1556  0.9175 
   00225    0.4800   -1492.8480  0.9151 
   00226    0.4250   -1500.9079  0.9148 
   00227    0.4375   -1498.5408  0.9166 
   00228    0.4275   -1494.8406  0.9189 
   00229    0.4775   -1490.8851  0.9175 
   00230    0.4200   -1486.5542  0.9177 
   00231    0.4675   -1492.2428  0.9207 
   00232    0.4525   -1496.9158  0.9222 
   00233    0.4450   -1498.3833  0.9284 
   00234    0.4825   -1505.2673  0.9318 
   00235    0.4700   -1499.1040  0.9303 
   00236    0.4075   -1501.7716  0.9252 
   00237    0.4625   -1496.4791  0.9224 
   00238    0.4775   -1491.5965  0.9198 
   00239    0.4400   -1498.2751  0.9220 
   00240    0.4625   -1495.8707  0.9208 
   00241    0.4525   -1497.3156  0.9213 
   00242    0.4500   -1500.9449  0.9245 
   00243    0.4850   -1495.9874  0.9235 
   00244    0.4350   -1501.9594  0.9278 
   00245    0.4850   -1502.7901  0.9244 
   00246    0.4400   -1505.0280  0.9309 
   00247    0.4700   -1499.7996  0.9301 
   00248    0.4775   -1494.1683  0.9284 
   00249    0.4125   -1499.4050  0.9287 
   00250    0.4325   -1503.1811  0.9278 
   00251    0.4875   -1502.9670  0.9270 
   00252    0.4375   -1500.2817  0.9266 
   00253    0.4400   -1503.8282  0.9263 
   00254    0.4575   -1495.4643  0.9264 
   00255    0.4200   -1484.6028  0.9286 
   00256    0.4375   -1485.6051  0.9269 
   00257    0.4875   -1489.2604  0.9265 
   00258    0.5050   -1479.9365  0.9240 
   00259    0.4400   -1476.0048  0.9264 
   00260    0.4625   -1483.3168  0.9258 
   00261    0.4775   -1492.8572  0.9320 
   00262    0.4375   -1489.7126  0.9286 
   00263    0.4925   -1487.3537  0.9248 
   00264    0.4675   -1485.3670  0.9178 
   00265    0.4350   -1493.4922  0.9172 
   00266    0.4600   -1492.0681  0.9221 
   00267    0.4725   -1497.4691  0.9259 
   00268    0.4175   -1495.5980  0.9237 
   00269    0.4325   -1493.4800  0.9230 
   00270    0.4450   -1499.7862  0.9285 
   00271    0.4050   -1496.3428  0.9305 
   00272    0.4975   -1499.1741  0.9319 
   00273    0.4275   -1500.7532  0.9341 
   00274    0.4225   -1498.0208  0.9319 
   00275    0.4725   -1496.4987  0.9329 
   00276    0.4950   -1499.0180  0.9358 
   00277    0.4600   -1496.7255  0.9380 
   00278    0.4250   -1492.1198  0.9366 
   00279    0.4775   -1504.2566  0.9385 
   00280    0.4500   -1504.4696  0.9360 
   00281    0.4000   -1499.4551  0.9346 
   00282    0.4425   -1488.9905  0.9338 
   00283    0.4750   -1495.0557  0.9334 
   00284    0.4725   -1498.5391  0.9358 
   00285    0.4725   -1492.7849  0.9305 
   00286    0.4575   -1492.4822  0.9298 
   00287    0.4500   -1495.2877  0.9329 
   00288    0.4425   -1489.2712  0.9305 
   00289    0.4800   -1495.9914  0.9380 
   00290    0.4750   -1499.4620  0.9393 
   00291    0.4000   -1503.4186  0.9436 
   00292    0.4650   -1500.5917  0.9438 
   00293    0.4825   -1499.7651  0.9417 
   00294    0.4600   -1501.7007  0.9447 
   00295    0.4625   -1496.2795  0.9430 
   00296    0.4675   -1495.8343  0.9435 
   00297    0.4175   -1496.0562  0.9414 
   00298    0.4500   -1489.8365  0.9396 
   00299    0.4375   -1481.4044  0.9360 
   00300    0.4500   -1485.8615  0.9366 
   00301    0.4275   -1493.2378  0.9408 
   00302    0.4725   -1491.7619  0.9379 
   00303    0.4950   -1494.1784  0.9375 
   00304    0.4950   -1502.8333  0.9426 
   00305    0.4000   -1504.8242  0.9441 
   00306    0.4225   -1510.8089  0.9436 
   00307    0.4825   -1509.6958  0.9412 
   00308    0.4625   -1507.6610  0.9400 
   00309    0.4425   -1511.3159  0.9429 
   00310    0.4175   -1512.8333  0.9431 
   00311    0.4300   -1504.6072  0.9409 
   00312    0.4700   -1500.7288  0.9384 
   00313    0.4350   -1495.5270  0.9380 
   00314    0.4350   -1495.4912  0.9365 
   00315    0.4100   -1498.7205  0.9349 
   00316    0.4725   -1494.1005  0.9349 
   00317    0.4900   -1492.1649  0.9391 
   00318    0.4600   -1495.8901  0.9363 
   00319    0.4800   -1493.7779  0.9370 
   00320    0.4225   -1496.8966  0.9360 
   00321    0.4200   -1495.6396  0.9330 
   00322    0.4275   -1488.8637  0.9265 
   00323    0.4550   -1499.7817  0.9257 
   00324    0.4850   -1504.5756  0.9310 
   00325    0.4300   -1502.7484  0.9334 
   00326    0.4775   -1502.0491  0.9362 
   00327    0.4300   -1505.0389  0.9332 
   00328    0.4650   -1502.1348  0.9350 
   00329    0.4350   -1502.5253  0.9250 
   00330    0.4675   -1508.0255  0.9255 
   00331    0.4750   -1508.1147  0.9228 
   00332    0.4350   -1505.3311  0.9208 
   00333    0.4600   -1504.5404  0.9230 
   00334    0.4100   -1505.4663  0.9249 
   00335    0.3850   -1495.7041  0.9205 
   00336    0.4125   -1487.5434  0.9128 
   00337    0.4525   -1484.1093  0.9094 
   00338    0.4250   -1478.1846  0.9073 
   00339    0.4050   -1481.2170  0.9042 
   00340    0.4250   -1485.3844  0.9027 
   00341    0.4775   -1481.0929  0.8966 
   00342    0.4300   -1483.5112  0.8906 
   00343    0.4825   -1482.7223  0.8903 
   00344    0.4650   -1479.9883  0.8913 
   00345    0.4525   -1486.3860  0.8942 
   00346    0.4550   -1488.5345  0.9010 
   00347    0.4300   -1494.5974  0.9043 
   00348    0.4900   -1489.8834  0.8999 
   00349    0.4425   -1487.0981  0.9020 
   00350    0.4475   -1499.7058  0.9082 
   00351    0.5125   -1492.2004  0.9062 
   00352    0.4200   -1501.9409  0.8993 
   00353    0.4700   -1493.0874  0.8970 
   00354    0.3975   -1497.6967  0.8971 
   00355    0.4500   -1500.5297  0.8922 
   00356    0.4250   -1502.6907  0.8962 
   00357    0.4575   -1499.1369  0.8971 
   00358    0.4425   -1495.3723  0.8980 
   00359    0.4175   -1494.1104  0.9043 
   00360    0.4600   -1493.0343  0.9085 
   00361    0.4725   -1490.2542  0.9054 
   00362    0.4400   -1491.4587  0.9072 
   00363    0.4700   -1498.3234  0.9065 
   00364    0.4925   -1494.2980  0.9023 
   00365    0.4300   -1496.0406  0.9027 
   00366    0.4475   -1503.4312  0.9015 
   00367    0.4575   -1497.2600  0.9039 
   00368    0.4275   -1492.2014  0.9063 
   00369    0.4575   -1489.7151  0.9064 
   00370    0.4550   -1491.8751  0.9081 
   00371    0.4500   -1493.0702  0.9131 
   00372    0.4425   -1492.2017  0.9132 
   00373    0.4225   -1498.9010  0.9157 
   00374    0.4650   -1500.1390  0.9146 
   00375    0.4600   -1491.6301  0.9087 
   00376    0.4650   -1485.7330  0.9058 
   00377    0.4375   -1491.7840  0.9060 
   00378    0.5000   -1493.3842  0.9125 
   00379    0.4325   -1495.8942  0.9125 
   00380    0.4375   -1502.2085  0.9101 
   00381    0.4475   -1504.7842  0.9149 
   00382    0.4700   -1503.8837  0.9123 
   00383    0.4400   -1501.0343  0.9124 
   00384    0.4550   -1501.6610  0.9135 
   00385    0.4400   -1505.7526  0.9134 
   00386    0.4225   -1491.6045  0.9113 
   00387    0.4375   -1483.8807  0.9094 
   00388    0.4650   -1488.4887  0.9080 
   00389    0.4675   -1489.7107  0.9128 
   00390    0.4650   -1481.5817  0.9092 
   00391    0.4600   -1481.9492  0.9065 
   00392    0.4425   -1486.1750  0.9100 
   00393    0.4925   -1497.0638  0.9099 
   00394    0.4200   -1496.9681  0.9084 
   00395    0.4500   -1489.3389  0.9065 
   00396    0.4375   -1489.9882  0.9120 
   00397    0.4400   -1503.6488  0.9155 
   00398    0.4375   -1497.1671  0.9091 
   00399    0.4725   -1494.3680  0.9077 
   00400    0.4325   -1495.0043  0.9102 
   00401    0.4750   -1492.0574  0.9049 
   00402    0.4550   -1494.4813  0.9094 
   00403    0.4550   -1491.9811  0.9118 
   00404    0.4575   -1503.1001  0.9141 
   00405    0.4850   -1507.1839  0.9134 
   00406    0.4575   -1507.0718  0.9165 
   00407    0.4475   -1496.5789  0.9161 
   00408    0.4550   -1501.2516  0.9212 
   00409    0.4775   -1501.6863  0.9234 
   00410    0.4625   -1493.8500  0.9212 
   00411    0.4550   -1498.4646  0.9237 
   00412    0.4275   -1490.6344  0.9217 
   00413    0.4225   -1490.8922  0.9201 
   00414    0.4700   -1489.9993  0.9189 
   00415    0.4450   -1493.0730  0.9214 
   00416    0.4250   -1495.8144  0.9270 
   00417    0.4825   -1495.6586  0.9307 
   00418    0.4700   -1503.3621  0.9333 
   00419    0.4825   -1493.3686  0.9316 
   00420    0.4550   -1503.3206  0.9296 
   00421    0.4300   -1499.2001  0.9313 
   00422    0.4300   -1493.7338  0.9288 
   00423    0.4750   -1489.9497  0.9289 
   00424    0.4600   -1493.5932  0.9336 
   00425    0.4475   -1494.4219  0.9313 
   00426    0.4225   -1494.5887  0.9319 
   00427    0.4925   -1494.4196  0.9342 
   00428    0.4525   -1499.2852  0.9318 
   00429    0.4625   -1499.5057  0.9313 
   00430    0.4325   -1489.3543  0.9254 
   00431    0.4200   -1486.9564  0.9266 
   00432    0.4350   -1479.3243  0.9246 
   00433    0.4650   -1488.7176  0.9269 
   00434    0.4500   -1496.4562  0.9272 
   00435    0.4400   -1489.8601  0.9299 
   00436    0.4825   -1489.2719  0.9304 
   00437    0.4600   -1502.9838  0.9303 
   00438    0.4650   -1499.7675  0.9266 
   00439    0.4775   -1496.8465  0.9245 
   00440    0.4675   -1485.6418  0.9149 
   00441    0.4975   -1483.5700  0.9092 
   00442    0.4600   -1485.8402  0.9117 
   00443    0.4300   -1495.4039  0.9141 
   00444    0.4175   -1485.6953  0.9124 
   00445    0.4075   -1484.1125  0.9106 
   00446    0.4625   -1474.6974  0.9096 
   00447    0.4600   -1482.7523  0.9069 
   00448    0.5175   -1478.4825  0.9148 
   00449    0.4775   -1483.3414  0.9177 
   00450    0.4150   -1487.2378  0.9185 
   00451    0.4325   -1482.1359  0.9222 
   00452    0.4175   -1484.4116  0.9212 
   00453    0.4675   -1482.8979  0.9162 
   00454    0.4825   -1493.6897  0.9231 
   00455    0.4200   -1493.0712  0.9179 
   00456    0.4375   -1494.2720  0.9206 
   00457    0.4450   -1501.0002  0.9167 
   00458    0.4325   -1501.2581  0.9095 
   00459    0.4450   -1489.8364  0.9151 
   00460    0.4525   -1477.7672  0.9071 
   00461    0.4450   -1488.3999  0.9128 
   00462    0.4800   -1497.1785  0.9198 
   00463    0.4550   -1497.7058  0.9233 
   00464    0.4825   -1485.2562  0.9215 
   00465    0.4800   -1494.5892  0.9199 
   00466    0.3850   -1491.2689  0.9171 
   00467    0.4725   -1493.4344  0.9258 
   00468    0.4650   -1493.3462  0.9229 
   00469    0.4000   -1494.4466  0.9274 
   00470    0.4325   -1502.4137  0.9315 
   00471    0.4400   -1503.5814  0.9265 
   00472    0.4325   -1498.0584  0.9235 
   00473    0.4550   -1494.9809  0.9235 
   00474    0.4525   -1497.6628  0.9180 
   00475    0.4500   -1497.9454  0.9254 
   00476    0.4275   -1495.3685  0.9295 
   00477    0.4900   -1494.2490  0.9360 
   00478    0.4775   -1503.4215  0.9421 
   00479    0.4975   -1501.0325  0.9410 
   00480    0.4625   -1493.7605  0.9392 
   00481    0.4575   -1493.0514  0.9424 
   00482    0.4575   -1487.3103  0.9346 
   00483    0.4175   -1495.4982  0.9378 
   00484    0.4575   -1506.8487  0.9421 
   00485    0.4550   -1499.4088  0.9408 
   00486    0.4100   -1499.0416  0.9397 
   00487    0.4350   -1490.6476  0.9356 
   00488    0.4975   -1496.0891  0.9384 
   00489    0.4725   -1504.7291  0.9473 
   00490    0.4475   -1501.3040  0.9462 
   00491    0.4325   -1505.6329  0.9482 
   00492    0.4550   -1508.6302  0.9488 
   00493    0.4400   -1503.3752  0.9490 
   00494    0.4500   -1510.9074  0.9520 
   00495    0.4550   -1509.5736  0.9501 
   00496    0.4475   -1495.9885  0.9450 
   00497    0.4525   -1502.8546  0.9471 
   00498    0.4325   -1505.4668  0.9452 
   00499    0.4600   -1508.5671  0.9471 
   00500    0.4375   -1508.2268  0.9425 
   00501    0.4475   -1508.1982  0.9448 
   00502    0.4425   -1499.1449  0.9419 
   00503    0.4775   -1503.9493  0.9453 
   00504    0.4750   -1505.4146  0.9479 
   00505    0.4200   -1507.9351  0.9463 
   00506    0.4525   -1509.4765  0.9499 
   00507    0.4100   -1501.8141  0.9488 
   00508    0.4475   -1502.6873  0.9461 
   00509    0.5125   -1495.6627  0.9436 
   00510    0.4250   -1494.0422  0.9401 
   00511    0.4650   -1500.1730  0.9405 
   00512    0.4975   -1492.2577  0.9350 
   00513    0.4850   -1490.1868  0.9323 
   00514    0.4375   -1493.5496  0.9343 
   00515    0.4325   -1496.7878  0.9360 
   00516    0.4325   -1491.7959  0.9329 
   00517    0.4675   -1489.3658  0.9346 
   00518    0.4400   -1486.9198  0.9357 
   00519    0.4875   -1483.9570  0.9331 
   00520    0.4225   -1484.9617  0.9303 
   00521    0.4475   -1494.8148  0.9364 
   00522    0.4675   -1496.8730  0.9387 
   00523    0.4075   -1501.1379  0.9404 
   00524    0.4350   -1507.8800  0.9416 
   00525    0.4675   -1510.6634  0.9451 
   00526    0.4675   -1505.6116  0.9447 
   00527    0.4500   -1502.3581  0.9440 
   00528    0.4525   -1494.3029  0.9388 
   00529    0.4775   -1501.8774  0.9378 
   00530    0.4400   -1506.2154  0.9430 
   00531    0.4650   -1509.4420  0.9440 
   00532    0.4025   -1514.0844  0.9417 
   00533    0.4375   -1516.7593  0.9459 
   00534    0.4300   -1508.6628  0.9433 
   00535    0.4350   -1509.3143  0.9430 
   00536    0.4625   -1502.7242  0.9393 
   00537    0.4525   -1502.1756  0.9438 
   00538    0.4800   -1491.6083  0.9422 
   00539    0.4675   -1485.8290  0.9404 
   00540    0.4625   -1494.1484  0.9410 
   00541    0.4325   -1494.7612  0.9420 
   00542    0.4700   -1492.3956  0.9400 
   00543    0.4250   -1496.1617  0.9402 
   00544    0.4575   -1492.7883  0.9399 
   00545    0.4225   -1492.2924  0.9392 
   00546    0.3900   -1492.4863  0.9340 
   00547    0.4450   -1493.7884  0.9348 
   00548    0.4725   -1498.7777  0.9406 
   00549    0.4675   -1493.8072  0.9375 
   00550    0.4600   -1498.1286  0.9396 
   00551    0.4550   -1487.4038  0.9338 
   00552    0.4175   -1491.7787  0.9387 
   00553    0.4950   -1491.4858  0.9403 
   00554    0.4625   -1493.4601  0.9444 
   00555    0.4125   -1489.4950  0.9388 
   00556    0.4450   -1502.9690  0.9443 
   00557    0.4525   -1509.6861  0.9444 
   00558    0.4375   -1507.5485  0.9434 
   00559    0.4225   -1517.5864  0.9478 
   00560    0.4175   -1513.0037  0.9473 
   00561    0.4825   -1508.8422  0.9438 
   00562    0.4500   -1507.4260  0.9429 
   00563    0.4450   -1501.6915  0.9456 
   00564    0.4750   -1506.8220  0.9462 
   00565    0.4550   -1502.1616  0.9434 
   00566    0.4900   -1499.3226  0.9421 
   00567    0.4500   -1501.6379  0.9407 
   00568    0.4700   -1505.8489  0.9448 
   00569    0.4100   -1503.5658  0.9450 
   00570    0.4950   -1497.3283  0.9423 
   00571    0.4575   -1499.8199  0.9443 
   00572    0.4850   -1499.2665  0.9460 
   00573    0.4775   -1490.4678  0.9446 
   00574    0.4350   -1489.2956  0.9423 
   00575    0.4000   -1497.9840  0.9452 
   00576    0.4775   -1499.1870  0.9457 
   00577    0.4575   -1489.9810  0.9432 
   00578    0.4300   -1497.7673  0.9433 
   00579    0.4475   -1490.2279  0.9403 
   00580    0.4725   -1489.4922  0.9369 
   00581    0.5000   -1495.4465  0.9358 
   00582    0.4600   -1493.1964  0.9379 
   00583    0.5050   -1495.5561  0.9394 
   00584    0.4500   -1492.4628  0.9370 
   00585    0.4450   -1492.3726  0.9386 
   00586    0.4150   -1499.7089  0.9442 
   00587    0.4350   -1497.7039  0.9465 
   00588    0.4350   -1500.8955  0.9465 
   00589    0.4525   -1502.9883  0.9487 
   00590    0.4400   -1495.5410  0.9484 
   00591    0.4450   -1492.3044  0.9484 
   00592    0.4575   -1495.6655  0.9489 
   00593    0.4050   -1502.8831  0.9530 
   00594    0.4475   -1496.8535  0.9510 
   00595    0.4450   -1498.9416  0.9490 
   00596    0.4125   -1504.2019  0.9481 
   00597    0.4250   -1493.1350  0.9425 
   00598    0.4625   -1492.2411  0.9403 
   00599    0.4800   -1493.3858  0.9389 
   00600    0.4600   -1483.8984  0.9372 
   00601    0.4575   -1487.6820  0.9365 
   00602    0.5175   -1492.6277  0.9361 
   00603    0.4650   -1494.0049  0.9399 
   00604    0.4600   -1490.3297  0.9378 
   00605    0.4200   -1496.3434  0.9407 
   00606    0.4275   -1500.1073  0.9387 
   00607    0.4300   -1497.5160  0.9391 
   00608    0.4475   -1503.1379  0.9385 
   00609    0.4500   -1505.2903  0.9397 
   00610    0.4475   -1502.3211  0.9390 
   00611    0.4900   -1498.7989  0.9391 
   00612    0.4150   -1496.9477  0.9390 
   00613    0.4725   -1486.9490  0.9344 
   00614    0.4425   -1493.4770  0.9413 
   00615    0.4500   -1495.7292  0.9370 
   00616    0.4600   -1490.7782  0.9296 
   00617    0.4475   -1498.2960  0.9327 
   00618    0.4000   -1503.8366  0.9340 
   00619    0.4200   -1502.9338  0.9341 
   00620    0.4450   -1500.4211  0.9315 
   00621    0.4400   -1496.8525  0.9332 
   00622    0.4850   -1501.7008  0.9375 
   00623    0.4700   -1496.9634  0.9331 
   00624    0.4125   -1498.7185  0.9352 
   00625    0.4050   -1506.0016  0.9381 
   00626    0.4750   -1503.4173  0.9435 
   00627    0.4425   -1499.8138  0.9415 
   00628    0.4675   -1492.5266  0.9354 
   00629    0.4475   -1492.0528  0.9324 
   00630    0.4500   -1492.5683  0.9376 
   00631    0.4575   -1496.5639  0.9410 
   00632    0.4575   -1502.7992  0.9447 
   00633    0.4450   -1507.1135  0.9490 
   00634    0.4525   -1505.5543  0.9501 
   00635    0.4750   -1500.2806  0.9488 
   00636    0.4325   -1500.6783  0.9476 
   00637    0.4350   -1494.3669  0.9443 
   00638    0.4800   -1490.9323  0.9398 
   00639    0.4575   -1496.0052  0.9373 
   00640    0.4525   -1491.7863  0.9364 
   00641    0.5100   -1491.3861  0.9394 
   00642    0.4675   -1489.5578  0.9395 
   00643    0.4575   -1490.0466  0.9359 
   00644    0.4325   -1493.0461  0.9340 
   00645    0.4600   -1494.3272  0.9328 
   00646    0.4100   -1499.8584  0.9369 
   00647    0.4950   -1495.1980  0.9403 
   00648    0.4600   -1494.0838  0.9384 
   00649    0.4775   -1494.3583  0.9362 
   00650    0.4800   -1488.7080  0.9359 
   00651    0.4500   -1496.2302  0.9408 
   00652    0.4200   -1493.0327  0.9427 
   00653    0.5125   -1491.5722  0.9422 
   00654    0.4700   -1491.6941  0.9390 
   00655    0.4050   -1496.7192  0.9391 
   00656    0.4400   -1497.8955  0.9427 
   00657    0.4600   -1502.5604  0.9426 
   00658    0.4425   -1506.8738  0.9418 
   00659    0.4500   -1499.7249  0.9410 
   00660    0.4650   -1497.8313  0.9414 
   00661    0.4425   -1497.6033  0.9408 
   00662    0.4650   -1506.9713  0.9419 
   00663    0.4775   -1508.4064  0.9449 
   00664    0.4375   -1503.4897  0.9402 
   00665    0.4825   -1501.5821  0.9381 
   00666    0.4400   -1503.7625  0.9404 
   00667    0.4875   -1505.2510  0.9412 
   00668    0.4275   -1496.7942  0.9364 
   00669    0.4775   -1493.9003  0.9343 
   00670    0.4100   -1493.8413  0.9302 
   00671    0.4475   -1481.6342  0.9253 
   00672    0.4225   -1480.9236  0.9247 
   00673    0.4075   -1484.6605  0.9268 
   00674    0.4475   -1488.6484  0.9333 
   00675    0.4550   -1485.6875  0.9342 
   00676    0.4425   -1473.4524  0.9316 
   00677    0.4525   -1481.1858  0.9361 
   00678    0.4500   -1491.7699  0.9370 
   00679    0.4675   -1496.8708  0.9374 
   00680    0.4975   -1495.2436  0.9382 
   00681    0.4150   -1495.3427  0.9431 
   00682    0.4250   -1500.8368  0.9417 
   00683    0.4375   -1498.7442  0.9386 
   00684    0.4350   -1496.0037  0.9380 
   00685    0.4600   -1503.8574  0.9378 
   00686    0.4450   -1513.8682  0.9411 
   00687    0.4600   -1515.9323  0.9433 
   00688    0.4450   -1508.9847  0.9404 
   00689    0.4850   -1504.7022  0.9345 
   00690    0.4250   -1496.0450  0.9322 
   00691    0.4600   -1489.7181  0.9291 
   00692    0.4175   -1489.7592  0.9319 
   00693    0.4650   -1498.8330  0.9362 
   00694    0.4625   -1494.8098  0.9338 
   00695    0.4425   -1502.2835  0.9293 
   00696    0.4700   -1511.0099  0.9368 
   00697    0.4025   -1514.2906  0.9381 
   00698    0.4850   -1509.2295  0.9409 
   00699    0.4775   -1503.8137  0.9377 
   00700    0.4175   -1504.3836  0.9382 
   00701    0.4525   -1502.1833  0.9319 
   00702    0.4025   -1506.4230  0.9341 
   00703    0.4275   -1501.9982  0.9329 
   00704    0.4750   -1497.5850  0.9253 
   00705    0.4475   -1499.3738  0.9281 
   00706    0.4450   -1489.7909  0.9219 
   00707    0.4450   -1492.5481  0.9253 
   00708    0.4475   -1496.3800  0.9265 
   00709    0.4475   -1499.2563  0.9196 
   00710    0.4400   -1494.1473  0.9174 
   00711    0.4525   -1493.7902  0.9155 
   00712    0.4500   -1497.1427  0.9150 
   00713    0.4675   -1492.6821  0.9160 
   00714    0.4525   -1490.3866  0.9115 
   00715    0.4750   -1492.2671  0.9151 
   00716    0.4650   -1502.0995  0.9238 
   00717    0.4750   -1490.8729  0.9198 
   00718    0.4450   -1487.3926  0.9173 
   00719    0.4125   -1489.6136  0.9178 
   00720    0.4425   -1494.0485  0.9202 
   00721    0.4750   -1492.6121  0.9209 
   00722    0.4425   -1483.6395  0.9163 
   00723    0.4175   -1484.6140  0.9183 
   00724    0.4300   -1489.3014  0.9203 
   00725    0.4650   -1485.8355  0.9172 
   00726    0.4500   -1484.6202  0.9137 
   00727    0.4850   -1494.9803  0.9136 
   00728    0.4625   -1487.6468  0.9138 
   00729    0.4575   -1491.9954  0.9155 
   00730    0.4800   -1485.1754  0.9144 
   00731    0.4600   -1491.7896  0.9176 
   00732    0.4375   -1495.6565  0.9175 
   00733    0.4225   -1497.1054  0.9193 
   00734    0.4650   -1503.1875  0.9239 
   00735    0.4425   -1501.0011  0.9230 
   00736    0.4700   -1508.4776  0.9252 
   00737    0.4425   -1510.2026  0.9167 
   00738    0.4825   -1509.1365  0.9187 
   00739    0.4625   -1511.0360  0.9198 
   00740    0.4450   -1502.8206  0.9173 
   00741    0.4625   -1505.3437  0.9169 
   00742    0.4675   -1490.2368  0.9154 
   00743    0.4500   -1489.5681  0.9181 
   00744    0.4625   -1499.6098  0.9172 
   00745    0.4500   -1496.7017  0.9219 
   00746    0.4225   -1506.4447  0.9268 
   00747    0.4450   -1509.5856  0.9294 
   00748    0.3950   -1515.3672  0.9330 
   00749    0.4925   -1510.6740  0.9328 
   00750    0.4350   -1511.9619  0.9307 
   00751    0.4550   -1512.2914  0.9311 
   00752    0.4475   -1503.6872  0.9322 
   00753    0.4525   -1499.5050  0.9306 
   00754    0.4800   -1490.7864  0.9311 
   00755    0.4200   -1490.9741  0.9284 
   00756    0.4575   -1490.5071  0.9288 
   00757    0.3925   -1484.4761  0.9261 
   00758    0.5025   -1485.8364  0.9313 
   00759    0.4875   -1481.1526  0.9261 
   00760    0.4875   -1488.4330  0.9267 
   00761    0.4625   -1485.9313  0.9259 
   00762    0.4825   -1489.0135  0.9254 
   00763    0.4200   -1487.5741  0.9248 
   00764    0.4800   -1489.8065  0.9236 
   00765    0.4375   -1493.7899  0.9223 
   00766    0.4150   -1481.2763  0.9192 
   00767    0.4650   -1491.1582  0.9233 
   00768    0.4175   -1490.5027  0.9252 
   00769    0.4775   -1484.5368  0.9190 
   00770    0.4425   -1495.6482  0.9257 
   00771    0.4775   -1502.2189  0.9300 
   00772    0.4250   -1506.8738  0.9316 
   00773    0.4375   -1507.4312  0.9326 
   00774    0.4400   -1498.4673  0.9344 
   00775    0.5000   -1499.1221  0.9294 
   00776    0.4575   -1499.6171  0.9310 
   00777    0.4500   -1499.3832  0.9277 
   00778    0.4475   -1509.4852  0.9295 
   00779    0.4475   -1500.1433  0.9286 
   00780    0.4200   -1498.3765  0.9209 
   00781    0.4275   -1492.3724  0.9136 
   00782    0.4250   -1488.8324  0.9093 
   00783    0.4025   -1490.0196  0.9070 
   00784    0.4325   -1490.3991  0.9067 
   00785    0.4625   -1488.1150  0.9069 
   00786    0.4300   -1484.5533  0.9051 
   00787    0.4750   -1490.1485  0.9101 
   00788    0.4425   -1484.5520  0.9136 
   00789    0.4875   -1491.5517  0.9149 
   00790    0.4425   -1491.9249  0.9187 
   00791    0.4350   -1480.8915  0.9145 
   00792    0.4925   -1489.7461  0.9208 
   00793    0.4750   -1491.4790  0.9218 
   00794    0.4700   -1495.3510  0.9231 
   00795    0.4375   -1494.4675  0.9228 
   00796    0.4600   -1495.7943  0.9256 
   00797    0.4475   -1493.2798  0.9226 
   00798    0.4475   -1484.9654  0.9210 
   00799    0.4325   -1489.6195  0.9240 
   00800    0.4350   -1504.3832  0.9295 
   00801    0.5125   -1499.7106  0.9312 
   00802    0.4700   -1498.1699  0.9307 
   00803    0.4125   -1504.2597  0.9350 
   00804    0.4850   -1503.1637  0.9367 
   00805    0.4575   -1501.8118  0.9347 
   00806    0.4200   -1504.8807  0.9296 
   00807    0.4350   -1501.0893  0.9283 
   00808    0.4400   -1498.3764  0.9275 
   00809    0.4850   -1491.0545  0.9289 
   00810    0.5225   -1500.4546  0.9325 
   00811    0.3975   -1500.8482  0.9298 
   00812    0.4825   -1497.9376  0.9329 
   00813    0.4525   -1501.0656  0.9377 
   00814    0.4675   -1512.1482  0.9386 
   00815    0.4500   -1504.9779  0.9359 
   00816    0.4425   -1499.3919  0.9293 
   00817    0.4200   -1495.9772  0.9267 
   00818    0.4200   -1503.8363  0.9325 
   00819    0.4525   -1504.1591  0.9321 
   00820    0.4550   -1499.1345  0.9321 
   00821    0.4500   -1503.2674  0.9342 
   00822    0.4675   -1508.5016  0.9369 
   00823    0.4300   -1512.3218  0.9384 
   00824    0.4125   -1512.2907  0.9445 
   00825    0.4725   -1497.8429  0.9438 
   00826    0.4650   -1493.0213  0.9386 
   00827    0.4575   -1496.6024  0.9380 
   00828    0.4525   -1493.9523  0.9378 
   00829    0.4525   -1494.6921  0.9348 
   00830    0.5125   -1499.4219  0.9399 
   00831    0.4050   -1499.3985  0.9371 
   00832    0.4000   -1496.2923  0.9341 
   00833    0.4750   -1493.4587  0.9308 
   00834    0.4500   -1481.9030  0.9268 
   00835    0.4100   -1488.9043  0.9301 
   00836    0.4700   -1501.6782  0.9390 
   00837    0.3975   -1492.8867  0.9321 
   00838    0.4875   -1501.0959  0.9361 
   00839    0.4525   -1494.7434  0.9394 
   00840    0.4550   -1493.5549  0.9350 
   00841    0.4175   -1488.1369  0.9336 
   00842    0.5000   -1489.5613  0.9323 
   00843    0.4725   -1499.5502  0.9405 
   00844    0.4475   -1498.4427  0.9394 
   00845    0.4600   -1505.5109  0.9434 
   00846    0.4425   -1496.1829  0.9373 
   00847    0.4750   -1497.7941  0.9390 
   00848    0.4875   -1503.7288  0.9444 
   00849    0.4400   -1508.8904  0.9464 
   00850    0.4600   -1499.8862  0.9438 
   00851    0.4775   -1497.6335  0.9430 
   00852    0.4725   -1500.4105  0.9429 
   00853    0.4475   -1505.8806  0.9440 
   00854    0.4575   -1504.3716  0.9462 
   00855    0.4600   -1499.3002  0.9456 
   00856    0.4500   -1495.7504  0.9465 
   00857    0.4650   -1493.5581  0.9442 
   00858    0.4575   -1495.0580  0.9446 
   00859    0.4400   -1501.9619  0.9500 
   00860    0.4150   -1501.1572  0.9476 
   00861    0.4200   -1507.8815  0.9501 
   00862    0.4175   -1502.2961  0.9448 
   00863    0.4475   -1503.6874  0.9458 
   00864    0.4475   -1507.4427  0.9399 
   00865    0.4650   -1504.5500  0.9439 
   00866    0.4350   -1490.9742  0.9348 
   00867    0.4900   -1495.7406  0.9413 
   00868    0.4075   -1490.2399  0.9388 
   00869    0.4675   -1490.3644  0.9378 
   00870    0.4250   -1493.2529  0.9419 
   00871    0.4625   -1496.8034  0.9409 
   00872    0.4300   -1501.9564  0.9422 
   00873    0.4250   -1497.9930  0.9414 
   00874    0.4575   -1493.8013  0.9360 
   00875    0.4725   -1496.1646  0.9385 
   00876    0.4700   -1496.0396  0.9373 
   00877    0.4500   -1493.7627  0.9356 
   00878    0.5100   -1493.2572  0.9392 
   00879    0.4800   -1503.4774  0.9457 
   00880    0.4575   -1499.4109  0.9459 
   00881    0.4325   -1496.7755  0.9432 
   00882    0.4550   -1493.7766  0.9424 
   00883    0.4600   -1496.0290  0.9424 
   00884    0.5050   -1487.5349  0.9403 
   00885    0.4625   -1505.4403  0.9466 
   00886    0.4775   -1501.7767  0.9480 
   00887    0.4550   -1501.0256  0.9456 
   00888    0.4550   -1505.6095  0.9462 
   00889    0.4275   -1508.8225  0.9494 
   00890    0.4500   -1498.4140  0.9490 
   00891    0.4250   -1483.3619  0.9444 
   00892    0.4475   -1488.3650  0.9435 
   00893    0.4625   -1495.2477  0.9411 
   00894    0.4525   -1489.7162  0.9389 
   00895    0.4575   -1487.2897  0.9400 
   00896    0.4275   -1491.6867  0.9413 
   00897    0.4275   -1498.8009  0.9439 
   00898    0.4500   -1505.4525  0.9491 
   00899    0.4675   -1504.6400  0.9486 
   00900    0.4550   -1491.5009  0.9417 
   00901    0.4025   -1487.7640  0.9404 
   00902    0.4575   -1488.5344  0.9414 
   00903    0.4600   -1498.6093  0.9443 
   00904    0.4850   -1504.2044  0.9479 
   00905    0.4850   -1506.0469  0.9496 
   00906    0.4775   -1496.5944  0.9423 
   00907    0.4100   -1496.8081  0.9441 
   00908    0.4225   -1489.2769  0.9411 
   00909    0.4750   -1487.7304  0.9364 
   00910    0.4350   -1488.4803  0.9380 
   00911    0.4700   -1491.9263  0.9382 
   00912    0.4625   -1497.3895  0.9374 
   00913    0.4275   -1494.7167  0.9396 
   00914    0.4900   -1484.1167  0.9363 
   00915    0.5125   -1503.8524  0.9407 
   00916    0.4700   -1505.2831  0.9381 
   00917    0.4425   -1508.9323  0.9405 
   00918    0.4525   -1504.7847  0.9404 
   00919    0.4625   -1493.1297  0.9410 
   00920    0.4325   -1498.4049  0.9420 
   00921    0.4600   -1497.4969  0.9393 
   00922    0.4325   -1492.7132  0.9347 
   00923    0.4700   -1489.0966  0.9322 
   00924    0.4625   -1496.2182  0.9316 
   00925    0.4575   -1489.6705  0.9258 
   00926    0.3825   -1490.3597  0.9253 
   00927    0.4575   -1496.8834  0.9255 
   00928    0.4225   -1487.3927  0.9257 
   00929    0.4500   -1490.5133  0.9285 
   00930    0.4325   -1497.0932  0.9294 
   00931    0.4600   -1495.3495  0.9281 
   00932    0.4750   -1497.1171  0.9329 
   00933    0.5000   -1494.6664  0.9362 
   00934    0.4675   -1494.3850  0.9357 
   00935    0.4625   -1496.6751  0.9367 
   00936    0.4350   -1495.4801  0.9344 
   00937    0.4525   -1493.1310  0.9346 
   00938    0.4675   -1490.6335  0.9349 
   00939    0.4475   -1490.0032  0.9322 
   00940    0.4475   -1493.0284  0.9297 
   00941    0.4150   -1490.1159  0.9296 
   00942    0.4475   -1495.8303  0.9283 
   00943    0.4375   -1498.6070  0.9307 
   00944    0.4250   -1498.4922  0.9284 
   00945    0.4825   -1494.6200  0.9275 
   00946    0.4750   -1487.5989  0.9275 
   00947    0.4625   -1484.9338  0.9256 
   00948    0.4625   -1494.7602  0.9281 
   00949    0.4325   -1495.6475  0.9291 
   00950    0.4000   -1499.7605  0.9329 
   00951    0.4575   -1508.1982  0.9281 
   00952    0.4400   -1498.5109  0.9234 
   00953    0.4675   -1485.8522  0.9244 
   00954    0.4175   -1490.9965  0.9295 
   00955    0.4550   -1494.0025  0.9261 
   00956    0.4550   -1491.4030  0.9234 
   00957    0.4775   -1493.0342  0.9265 
   00958    0.4650   -1488.2271  0.9280 
   00959    0.4575   -1484.6607  0.9267 
   00960    0.4275   -1493.8119  0.9271 
   00961    0.4675   -1491.2984  0.9310 
   00962    0.4625   -1482.8147  0.9275 
   00963    0.4850   -1485.3197  0.9258 
   00964    0.4300   -1491.7515  0.9294 
   00965    0.4200   -1493.5963  0.9293 
   00966    0.4225   -1495.0999  0.9263 
   00967    0.4750   -1492.5984  0.9293 
   00968    0.4425   -1497.4950  0.9341 
   00969    0.4225   -1491.7672  0.9315 
   00970    0.4175   -1490.6191  0.9334 
   00971    0.4650   -1493.4481  0.9320 
   00972    0.4600   -1494.4315  0.9312 
   00973    0.4225   -1498.9299  0.9339 
   00974    0.4150   -1496.3127  0.9323 
   00975    0.4275   -1490.3255  0.9335 
   00976    0.4400   -1488.8924  0.9340 
   00977    0.4600   -1488.1444  0.9340 
   00978    0.4875   -1490.3126  0.9406 
   00979    0.4800   -1484.2787  0.9316 
   00980    0.4400   -1485.8987  0.9324 
   00981    0.4275   -1483.6825  0.9303 
   00982    0.4825   -1488.8996  0.9313 
   00983    0.4650   -1497.2153  0.9306 
   00984    0.4800   -1496.1134  0.9347 
   00985    0.4250   -1496.8261  0.9335 
   00986    0.4575   -1495.5429  0.9343 
   00987    0.4800   -1494.3328  0.9319 
   00988    0.4650   -1498.5322  0.9316 
   00989    0.4675   -1497.2679  0.9354 
   00990    0.4800   -1495.8329  0.9338 
   00991    0.4525   -1500.2744  0.9289 
   00992    0.4800   -1489.2258  0.9280 
   00993    0.4150   -1488.1375  0.9299 
   00994    0.4450   -1493.8160  0.9272 
   00995    0.4075   -1495.4063  0.9306 
   00996    0.4750   -1506.9578  0.9294 
   00997    0.4400   -1499.9922  0.9262 
   00998    0.4325   -1495.6299  0.9281 
   00999    0.4550   -1490.0866  0.9258 
   01000    0.4850   -1476.3678  0.9222 
