#=====================================================
# File created:        Tue-04-Nov-2025-at-06-35-09AM
# Size of lattice:     20x20
# Number of MC steps:  1000
# Reduced temperature: 0.050
# Run time (s):        2.919702
#=====================================================
# MC step:  Ratio:     Energy:   Order:
#=====================================================
   00000    0.5000    -438.0753  0.2790 
   00001    0.6325    -424.9521  0.3180 
   00002    0.6350    -437.9564  0.3181 
   00003    0.6125    -461.4972  0.3237 
   00004    0.6300    -480.6131  0.3219 
   00005    0.5675    -496.1707  0.3240 
   00006    0.6025    -521.0532  0.3288 
   00007    0.6225    -546.8832  0.3239 
   00008    0.6275    -568.5650  0.3254 
   00009    0.6050    -593.5946  0.3329 
   00010    0.5800    -620.2073  0.3392 
   00011    0.5725    -643.1805  0.3360 
   00012    0.5775    -666.9988  0.3391 
   00013    0.5975    -688.1810  0.3464 
   00014    0.6000    -707.0406  0.3416 
   00015    0.5550    -721.4724  0.3427 
   00016    0.6000    -741.0859  0.3452 
   00017    0.5800    -767.7035  0.3481 
   00018    0.5850    -791.2106  0.3493 
   00019    0.5575    -808.1415  0.3501 
   00020    0.5750    -827.3047  0.3511 
   00021    0.5400    -841.6155  0.3559 
   00022    0.5925    -856.2694  0.3554 
   00023    0.5850    -868.9875  0.3603 
   00024    0.5950    -886.5912  0.3673 
   00025    0.5800    -897.8967  0.3670 
   00026    0.5700    -918.0373  0.3696 
   00027    0.5725    -934.3372  0.3716 
   00028    0.5575    -950.1750  0.3716 
   00029    0.5400    -962.6697  0.3724 
   00030    0.6200    -972.6871  0.3723 
   00031    0.5950    -987.0645  0.3718 
   00032    0.5450    -999.6856  0.3780 
   00033    0.5150   -1009.7114  0.3777 
   00034    0.5500   -1019.4801  0.3782 
   00035    0.5425   -1028.7440  0.3803 
   00036    0.5250   -1039.6169  0.3837 
   00037    0.5725   -1049.7933  0.3872 
   00038    0.5475   -1058.7539  0.3887 
   00039    0.5050   -1063.7194  0.3940 
   00040    0.5575   -1076.1628  0.3935 
   00041    0.5275   -1087.9754  0.3974 
   00042    0.5475   -1095.8481  0.3997 
   00043    0.5450   -1104.9919  0.3988 
   00044    0.5675   -1119.2202  0.4051 
   00045    0.5700   -1126.4322  0.4062 
   00046    0.5750   -1136.2672  0.4101 
   00047    0.5350   -1141.3217  0.4106 
   00048    0.5250   -1150.1393  0.4132 
   00049    0.5225   -1155.2412  0.4151 
   00050    0.5550   -1163.6825  0.4151 
   00051    0.5500   -1169.7552  0.4165 
   00052    0.5125   -1178.6927  0.4179 
   00053    0.5100   -1188.2968  0.4188 
   00054    0.5350   -1197.0727  0.4206 
   00055    0.5425   -1203.8557  0.4235 
   00056    0.5200   -1208.5522  0.4192 
   00057    0.4875   -1214.6719  0.4218 
   00058    0.5175   -1220.5638  0.4223 
   00059    0.5800   -1229.8862  0.4230 
   00060    0.5425   -1232.1694  0.4263 
   00061    0.5275   -1237.4209  0.4297 
   00062    0.4900   -1239.8333  0.4306 
   00063    0.5450   -1246.5607  0.4338 
   00064    0.5350   -1256.7642  0.4394 
   00065    0.5475   -1260.4313  0.4421 
   00066    0.5675   -1263.8492  0.4438 
   00067    0.5325   -1267.9659  0.4405 
   00068    0.5825   -1275.3639  0.4435 
   00069    0.4875   -1277.3876  0.4448 
   00070    0.5200   -1283.4866  0.4474 
   00071    0.4925   -1287.6539  0.4456 
   00072    0.5000   -1289.8812  0.4458 
   00073    0.5250   -1293.0373  0.4426 
   00074    0.4775   -1296.4068  0.4435 
   00075    0.5375   -1298.5540  0.4461 
   00076    0.5125   -1300.7084  0.4451 
   00077    0.4775   -1306.4363  0.4485 
   00078    0.5125   -1309.4825  0.4474 
   00079    0.4950   -1314.0577  0.4478 
   00080    0.5100   -1322.1951  0.4539 
   00081    0.5175   -1324.6409  0.4523 
   00082    0.5075   -1327.3358  0.4497 
   00083    0.4975   -1330.1929  0.4485 
   00084    0.5275   -1342.0025  0.4549 
   00085    0.4900   -1347.1526  0.4602 
   00086    0.5025   -1349.4324  0.4617 
   00087    0.4875   -1352.3188  0.4594 
   00088    0.5325   -1356.9250  0.4593 
   00089    0.5400   -1358.4274  0.4621 
   00090    0.5075   -1362.1996  0.4652 
   00091    0.5100   -1363.2862  0.4671 
   00092    0.4950   -1365.4311  0.4673 
   00093    0.5000   -1367.7902  0.4685 
   00094    0.5175   -1371.5038  0.4668 
   00095    0.4725   -1373.3446  0.4681 
   00096    0.5525   -1375.1246  0.4673 
   00097    0.4750   -1379.9850  0.4682 
   00098    0.5300   -1379.6808  0.4675 
   00099    0.5175   -1381.9328  0.4680 
   00100    0.4900   -1384.5922  0.4706 
   00101    0.5100   -1385.5025  0.4753 
   00102    0.5125   -1386.7806  0.4748 
   00103    0.5100   -1389.1966  0.4766 
   00104    0.4800   -1390.7262  0.4803 
   00105    0.4875   -1392.3592  0.4810 
   00106    0.5350   -1393.5518  0.4822 
   00107    0.4500   -1393.3527  0.4831 
   00108    0.4725   -1396.8003  0.4829 
   00109    0.4950   -1396.8698  0.4849 
   00110    0.4725   -1400.2698  0.4871 
   00111    0.5100   -1400.4669  0.4908 
   00112    0.5325   -1404.0901  0.4899 
   00113    0.5450   -1406.3221  0.4938 
   00114    0.4750   -1409.9088  0.4980 
   00115    0.4875   -1412.7142  0.4987 
   00116    0.4800   -1415.7185  0.4985 
   00117    0.5350   -1418.8228  0.4999 
   00118    0.5050   -1420.1878  0.4985 
   00119    0.4525   -1422.1041  0.5001 
   00120    0.5050   -1424.2596  0.5036 
   00121    0.4825   -1424.5955  0.5074 
   00122    0.5325   -1425.6537  0.5091 
   00123    0.4700   -1425.4608  0.5086 
   00124    0.5300   -1426.0978  0.5106 
   00125    0.4700   -1425.0101  0.5094 
   00126    0.5225   -1427.2116  0.5093 
   00127    0.4825   -1428.6773  0.5129 
   00128    0.4800   -1431.9754  0.5187 
   00129    0.4950   -1432.6277  0.5202 
   00130    0.5075   -1432.7112  0.5218 
   00131    0.4425   -1434.5548  0.5255 
   00132    0.4775   -1437.5474  0.5241 
   00133    0.4525   -1438.4451  0.5252 
   00134    0.4650   -1438.3070  0.5249 
   00135    0.4725   -1440.1214  0.5241 
   00136    0.4850   -1439.0530  0.5247 
   00137    0.4975   -1439.7649  0.5249 
   00138    0.4750   -1441.1189  0.5274 
   00139    0.4500   -1441.6884  0.5296 
   00140    0.4525   -1440.8824  0.5284 
   00141    0.4625   -1441.2779  0.5314 
   00142    0.4850   -1442.2166  0.5316 
   00143    0.4650   -1443.2019  0.5307 
   00144    0.4675   -1444.7099  0.5324 
   00145    0.4525   -1445.6884  0.5321 
   00146    0.5125   -1446.7836  0.5356 
   00147    0.4850   -1447.6254  0.5382 
   00148    0.4725   -1448.8122  0.5362 
   00149    0.5250   -1449.1052  0.5368 
   00150    0.5375   -1453.0946  0.5419 
   00151    0.4700   -1454.5440  0.5417 
   00152    0.4700   -1456.5767  0.5466 
   00153    0.4375   -1456.8556  0.5441 
   00154    0.4750   -1456.8160  0.5503 
   00155    0.4775   -1457.6820  0.5502 
   00156    0.4300   -1457.9921  0.5536 
   00157    0.4875   -1456.7927  0.5555 
   00158    0.4475   -1456.8102  0.5570 
   00159    0.4575   -1459.8767  0.5563 
   00160    0.4875   -1460.0532  0.5555 
   00161    0.4700   -1459.3926  0.5548 
   00162    0.5050   -1459.3120  0.5545 
   00163    0.4750   -1460.1555  0.5596 
   00164    0.4625   -1460.8707  0.5615 
   00165    0.5075   -1462.6168  0.5653 
   00166    0.5000   -1462.7172  0.5679 
   00167    0.4850   -1462.8439  0.5669 
   00168    0.4800   -1464.2902  0.5665 
   00169    0.4975   -1463.3533  0.5647 
   00170    0.4750   -1463.2564  0.5667 
   00171    0.4750   -1465.4912  0.5681 
   00172    0.4475   -1466.1081  0.5698 
   00173    0.4425   -1467.3837  0.5679 
   00174    0.4800   -1467.8246  0.5707 
   00175    0.4500   -1468.6210  0.5739 
   00176    0.4725   -1468.4419  0.5757 
   00177    0.4900   -1467.6369  0.5766 
   00178    0.4800   -1468.3597  0.5777 
   00179    0.5175   -1469.0789  0.5771 
   00180    0.4400   -1468.2149  0.5764 
   00181    0.4825   -1469.3587  0.5741 
   00182    0.4625   -1468.9503  0.5741 
   00183    0.5175   -1470.7328  0.5742 
   00184    0.4650   -1471.5347  0.5730 
   00185    0.4950   -1472.0155  0.5740 
   00186    0.4750   -1472.5210  0.5758 
   00187    0.4700   -1471.0169  0.5767 
   00188    0.4700   -1471.7299  0.5763 
   00189    0.5025   -1470.8530  0.5755 
   00190    0.5375   -1471.2703  0.5732 
   00191    0.4800   -1473.2226  0.5735 
   00192    0.4475   -1472.7705  0.5759 
   00193    0.4600   -1472.4236  0.5751 
   00194    0.4975   -1472.9426  0.5782 
   00195    0.4850   -1474.5206  0.5811 
   00196    0.5050   -1473.5407  0.5797 
   00197    0.4750   -1474.4555  0.5799 
   00198    0.4575   -1474.4359  0.5810 
   00199    0.4775   -1475.8848  0.5811 
   00200    0.4950   -1475.9758  0.5855 
   00201    0.4700   -1475.8001  0.5874 
   00202    0.4350   -1477.0978  0.5899 
   00203    0.4925   -1478.2290  0.5899 
   00204    0.4675   -1477.5922  0.5881 
   00205    0.5125   -1477.0227  0.5880 
   00206    0.4675   -1477.9421  0.5882 
   00207    0.4575   -1479.0258  0.5884 
   00208    0.4775   -1479.9964  0.5900 
   00209    0.4750   -1481.2052  0.5909 
   00210    0.4775   -1479.6949  0.5902 
   00211    0.4800   -1479.8176  0.5894 
   00212    0.5275   -1479.4562  0.5908 
   00213    0.4400   -1479.8617  0.5911 
   00214    0.4550   -1478.9431  0.5908 
   00215    0.5050   -1478.7025  0.5905 
   00216    0.5300   -1479.6146  0.5921 
   00217    0.4775   -1479.2183  0.5923 
   00218    0.4725   -1479.5253  0.5920 
   00219    0.4850   -1477.8371  0.5906 
   00220    0.4725   -1480.0974  0.5904 
   00221    0.5025   -1479.7483  0.5931 
   00222    0.4875   -1479.1970  0.5939 
   00223    0.4500   -1478.8264  0.5936 
   00224    0.4675   -1479.9975  0.5927 
   00225    0.4825   -1479.9760  0.5919 
   00226    0.4550   -1480.0972  0.5902 
   00227    0.4825   -1480.7996  0.5928 
   00228    0.4800   -1480.7461  0.5910 
   00229    0.4825   -1480.3032  0.5916 
   00230    0.4575   -1480.8371  0.5915 
   00231    0.5000   -1480.2763  0.5932 
   00232    0.5075   -1478.6453  0.5909 
   00233    0.4750   -1478.2304  0.5933 
   00234    0.5050   -1479.1650  0.5943 
   00235    0.4975   -1479.3663  0.5929 
   00236    0.4725   -1480.7853  0.5949 
   00237    0.5000   -1480.1230  0.5962 
   00238    0.4550   -1480.3401  0.5943 
   00239    0.4975   -1480.3272  0.5930 
   00240    0.4750   -1480.7165  0.5964 
   00241    0.4275   -1481.1812  0.5988 
   00242    0.4950   -1481.3746  0.5982 
   00243    0.5100   -1480.5531  0.5993 
   00244    0.4825   -1482.7699  0.6006 
   00245    0.4700   -1482.2188  0.6034 
   00246    0.4700   -1483.0682  0.6022 
   00247    0.4325   -1483.7147  0.6043 
   00248    0.4475   -1483.1250  0.6047 
   00249    0.4525   -1484.6836  0.6047 
   00250    0.5000   -1484.7391  0.6068 
   00251    0.4850   -1484.0983  0.6071 
   00252    0.4850   -1483.9583  0.6091 
   00253    0.4550   -1483.7175  0.6083 
   00254    0.5125   -1484.6423  0.6082 
   00255    0.4675   -1483.9466  0.6073 
   00256    0.4475   -1484.3699  0.6090 
   00257    0.4775   -1483.5515  0.6124 
   00258    0.4675   -1483.7164  0.6141 
   00259    0.4450   -1482.9404  0.6120 
   00260    0.4525   -1482.5389  0.6130 
   00261    0.4550   -1483.5742  0.6140 
   00262    0.5225   -1484.1352  0.6145 
   00263    0.4850   -1483.0250  0.6186 
   00264    0.5050   -1482.3627  0.6190 
   00265    0.5175   -1482.6677  0.6225 
   00266    0.4800   -1482.3374  0.6202 
   00267    0.4675   -1482.5337  0.6221 
   00268    0.4350   -1482.9979  0.6196 
   00269    0.4650   -1484.1539  0.6208 
   00270    0.4825   -1484.8200  0.6208 
   00271    0.4825   -1483.7705  0.6209 
   00272    0.4500   -1484.9882  0.6218 
   00273    0.4925   -1484.0637  0.6210 
   00274    0.4800   -1483.7992  0.6215 
   00275    0.5000   -1486.7317  0.6253 
   00276    0.4700   -1486.5455  0.6300 
   00277    0.4850   -1486.0513  0.6246 
   00278    0.4850   -1486.2198  0.6235 
   00279    0.4425   -1486.7791  0.6257 
   00280    0.4850   -1486.2676  0.6271 
   00281    0.4850   -1486.7486  0.6338 
   00282    0.4500   -1486.9916  0.6347 
   00283    0.5125   -1487.3568  0.6332 
   00284    0.4775   -1486.9802  0.6295 
   00285    0.4475   -1487.3306  0.6320 
   00286    0.4400   -1489.0063  0.6314 
   00287    0.4700   -1489.9375  0.6319 
   00288    0.4800   -1489.3829  0.6304 
   00289    0.4575   -1489.5252  0.6305 
   00290    0.4850   -1488.6324  0.6299 
   00291    0.4825   -1488.9772  0.6311 
   00292    0.4925   -1488.4312  0.6351 
   00293    0.4950   -1490.4120  0.6347 
   00294    0.5300   -1489.7073  0.6360 
   00295    0.4375   -1491.1590  0.6375 
   00296    0.4325   -1490.0189  0.6401 
   00297    0.4575   -1489.5260  0.6396 
   00298    0.4550   -1489.2037  0.6428 
   00299    0.4375   -1488.3236  0.6396 
   00300    0.4650   -1488.2505  0.6393 
   00301    0.4850   -1488.4667  0.6420 
   00302    0.4600   -1488.9613  0.6418 
   00303    0.4850   -1490.7855  0.6423 
   00304    0.4675   -1490.6779  0.6419 
   00305    0.4950   -1490.5657  0.6449 
   00306    0.4950   -1489.6339  0.6461 
   00307    0.4675   -1489.1240  0.6460 
   00308    0.5025   -1489.8760  0.6470 
   00309    0.4725   -1491.5713  0.6475 
   00310    0.4750   -1491.1877  0.6462 
   00311    0.5225   -1491.7922  0.6467 
   00312    0.5000   -1491.9940  0.6501 
   00313    0.4750   -1491.3971  0.6493 
   00314    0.4725   -1491.7323  0.6495 
   00315    0.4350   -1491.2167  0.6500 
   00316    0.4525   -1491.1732  0.6516 
   00317    0.4900   -1491.2319  0.6534 
   00318    0.4650   -1492.0653  0.6527 
   00319    0.4575   -1491.8672  0.6543 
   00320    0.4425   -1493.0125  0.6562 
   00321    0.4925   -1492.7338  0.6565 
   00322    0.4900   -1493.5467  0.6574 
   00323    0.4675   -1492.9744  0.6579 
   00324    0.4925   -1492.4207  0.6564 
   00325    0.4800   -1491.4691  0.6546 
   00326    0.4375   -1492.1991  0.6567 
   00327    0.4625   -1492.1319  0.6586 
   00328    0.4850   -1492.5780  0.6586 
   00329    0.4850   -1490.8178  0.6574 
   00330    0.4750   -1490.0042  0.6585 
   00331    0.4325   -1490.0454  0.6592 
   00332    0.4775   -1490.3161  0.6587 
   00333    0.4725   -1491.5463  0.6599 
   00334    0.5050   -1492.5795  0.6626 
   00335    0.4975   -1492.1480  0.6639 
   00336    0.4375   -1492.0354  0.6658 
   00337    0.4925   -1492.8165  0.6661 
   00338    0.4600   -1493.1938  0.6672 
   00339    0.4750   -1493.7844  0.6664 
   00340    0.4475   -1493.9002  0.6670 
   00341    0.4450   -1494.1352  0.6690 
   00342    0.4825   -1494.3421  0.6697 
   00343    0.4425   -1493.9653  0.6698 
   00344    0.4425   -1494.1258  0.6703 
   00345    0.4450   -1494.4294  0.6715 
   00346    0.4650   -1494.7603  0.6728 
   00347    0.4675   -1495.5193  0.6744 
   00348    0.4575   -1494.7923  0.6746 
   00349    0.5150   -1494.8015  0.6749 
   00350    0.5050   -1495.7504  0.6776 
   00351    0.5250   -1495.2262  0.6818 
   00352    0.4750   -1494.6941  0.6808 
   00353    0.4600   -1493.4356  0.6772 
   00354    0.4900   -1493.6415  0.6742 
   00355    0.4400   -1494.7195  0.6764 
   00356    0.5225   -1495.6808  0.6782 
   00357    0.4675   -1496.2495  0.6791 
   00358    0.4725   -1495.8768  0.6761 
   00359    0.4650   -1497.7181  0.6750 
   00360    0.4575   -1497.4239  0.6757 
   00361    0.4200   -1497.4798  0.6784 
   00362    0.5025   -1497.1007  0.6782 
   00363    0.5000   -1497.6363  0.6798 
   00364    0.4450   -1498.2442  0.6774 
   00365    0.4600   -1497.5665  0.6749 
   00366    0.4725   -1498.3010  0.6772 
   00367    0.5150   -1500.0696  0.6786 
   00368    0.4325   -1499.6413  0.6799 
   00369    0.4400   -1499.4520  0.6787 
   00370    0.4675   -1498.8058  0.6792 
   00371    0.4500   -1500.3039  0.6816 
   00372    0.4950   -1500.7553  0.6833 
   00373    0.4450   -1501.1821  0.6854 
   00374    0.4750   -1501.9949  0.6866 
   00375    0.4375   -1500.3686  0.6861 
   00376    0.4550   -1501.4862  0.6872 
   00377    0.4700   -1501.6514  0.6863 
   00378    0.4250   -1502.0009  0.6880 
   00379    0.4400   -1503.1345  0.6888 
   00380    0.5350   -1502.7270  0.6884 
   00381    0.4225   -1503.0107  0.6879 
   00382    0.5100   -1503.2698  0.6899 
   00383    0.5100   -1504.0002  0.6907 
   00384    0.4925   -1505.0917  0.6925 
   00385    0.4600   -1505.6705  0.6923 
   00386    0.4775   -1504.0888  0.6923 
   00387    0.4550   -1505.2516  0.6929 
   00388    0.4425   -1504.8910  0.6912 
   00389    0.4875   -1504.1582  0.6894 
   00390    0.4875   -1505.0210  0.6917 
   00391    0.4875   -1504.9716  0.6917 
   00392    0.4725   -1505.3546  0.6923 
   00393    0.4625   -1504.8063  0.6925 
   00394    0.5000   -1504.9257  0.6944 
   00395    0.4625   -1504.9129  0.6958 
   00396    0.4025   -1505.8923  0.6976 
   00397    0.4950   -1505.8277  0.6974 
   00398    0.4650   -1506.1933  0.6996 
   00399    0.4300   -1505.1562  0.6988 
   00400    0.4700   -1507.0333  0.6991 
   00401    0.4775   -1506.4400  0.6997 
   00402    0.4625   -1506.7995  0.6987 
   00403    0.4250   -1508.2668  0.6995 
   00404    0.4825   -1508.9623  0.7005 
   00405    0.4400   -1508.6669  0.6974 
   00406    0.4775   -1508.6092  0.6974 
   00407    0.4900   -1508.4176  0.6965 
   00408    0.4475   -1508.1126  0.6943 
   00409    0.5000   -1507.1846  0.6905 
   00410    0.4850   -1508.4314  0.6929 
   00411    0.4475   -1508.4210  0.6942 
   00412    0.4850   -1508.6651  0.6958 
   00413    0.5050   -1507.7104  0.6964 
   00414    0.4950   -1507.9948  0.6947 
   00415    0.4600   -1508.0947  0.6952 
   00416    0.4650   -1508.5850  0.6941 
   00417    0.4400   -1507.3822  0.6918 
   00418    0.4875   -1508.7267  0.6920 
   00419    0.4700   -1508.5098  0.6917 
   00420    0.4350   -1509.8635  0.6937 
   00421    0.4875   -1508.4368  0.6934 
   00422    0.4825   -1509.7887  0.6962 
   00423    0.4750   -1509.1060  0.6964 
   00424    0.4625   -1509.7077  0.6974 
   00425    0.4675   -1509.7299  0.6975 
   00426    0.4575   -1509.4005  0.6969 
   00427    0.5100   -1509.8030  0.6985 
   00428    0.4850   -1509.9355  0.6953 
   00429    0.5275   -1510.1788  0.6940 
   00430    0.4625   -1509.4980  0.6925 
   00431    0.4950   -1509.1458  0.6907 
   00432    0.4800   -1508.5192  0.6930 
   00433    0.4450   -1509.5086  0.6936 
   00434    0.4575   -1509.0583  0.6949 
   00435    0.4800   -1509.0240  0.6958 
   00436    0.4950   -1508.7353  0.6942 
   00437    0.4400   -1509.8430  0.6933 
   00438    0.4650   -1509.0217  0.6913 
   00439    0.4625   -1509.5589  0.6916 
   00440    0.4925   -1510.3920  0.6916 
   00441    0.4325   -1509.3949  0.6897 
   00442    0.4225   -1508.9214  0.6917 
   00443    0.5025   -1509.0056  0.6903 
   00444    0.5150   -1509.2375  0.6890 
   00445    0.4775   -1508.5187  0.6885 
   00446    0.4675   -1508.6701  0.6879 
   00447    0.4675   -1509.7488  0.6877 
   00448    0.4500   -1509.5583  0.6888 
   00449    0.4875   -1510.3168  0.6884 
   00450    0.4025   -1509.5327  0.6859 
   00451    0.4475   -1509.8926  0.6869 
   00452    0.4400   -1508.9894  0.6890 
   00453    0.4700   -1509.0586  0.6880 
   00454    0.4750   -1509.7277  0.6871 
   00455    0.4725   -1510.3350  0.6879 
   00456    0.4775   -1510.4628  0.6893 
   00457    0.4675   -1511.0110  0.6897 
   00458    0.4550   -1510.9707  0.6910 
   00459    0.4425   -1511.1827  0.6938 
   00460    0.4550   -1510.9712  0.6961 
   00461    0.4475   -1510.5349  0.6938 
   00462    0.4500   -1510.3422  0.6955 
   00463    0.4850   -1511.2315  0.6961 
   00464    0.4800   -1511.3616  0.6955 
   00465    0.4800   -1511.4089  0.6921 
   00466    0.4225   -1510.6396  0.6918 
   00467    0.4300   -1510.2680  0.6917 
   00468    0.5100   -1511.3454  0.6922 
   00469    0.4825   -1511.6021  0.6917 
   00470    0.4300   -1511.6440  0.6926 
   00471    0.4550   -1511.8357  0.6923 
   00472    0.4475   -1510.4776  0.6943 
   00473    0.4450   -1510.1050  0.6932 
   00474    0.4725   -1509.1578  0.6951 
   00475    0.4950   -1508.8787  0.6948 
   00476    0.4300   -1507.7943  0.6958 
   00477    0.4900   -1507.6277  0.6953 
   00478    0.4475   -1509.7839  0.6956 
   00479    0.4400   -1509.0518  0.6958 
   00480    0.4500   -1509.4022  0.6983 
   00481    0.4900   -1508.9576  0.6975 
   00482    0.4750   -1510.0252  0.6994 
   00483    0.4925   -1510.1259  0.6998 
   00484    0.4250   -1510.0395  0.7014 
   00485    0.4575   -1510.7181  0.7021 
   00486    0.4675   -1512.2309  0.7025 
   00487    0.4700   -1512.1936  0.7021 
   00488    0.4750   -1511.7760  0.7024 
   00489    0.5025   -1511.7190  0.7040 
   00490    0.4600   -1511.8916  0.7045 
   00491    0.4650   -1510.8494  0.7044 
   00492    0.4675   -1510.8019  0.7071 
   00493    0.5225   -1509.7541  0.7077 
   00494    0.4625   -1510.5251  0.7080 
   00495    0.4550   -1511.5552  0.7085 
   00496    0.4625   -1511.0570  0.7090 
   00497    0.4625   -1510.5870  0.7082 
   00498    0.4850   -1510.6926  0.7106 
   00499    0.4825   -1510.5492  0.7119 
   00500    0.5075   -1510.4483  0.7137 
   00501    0.5050   -1509.3003  0.7142 
   00502    0.4900   -1508.3379  0.7150 
   00503    0.4525   -1508.8587  0.7149 
   00504    0.4750   -1508.8997  0.7158 
   00505    0.5100   -1508.9966  0.7161 
   00506    0.4675   -1509.8340  0.7156 
   00507    0.4350   -1509.9875  0.7160 
   00508    0.4700   -1510.3017  0.7178 
   00509    0.4100   -1510.1067  0.7171 
   00510    0.4850   -1510.5806  0.7167 
   00511    0.4600   -1511.2571  0.7176 
   00512    0.4125   -1511.3698  0.7187 
   00513    0.4350   -1510.7320  0.7192 
   00514    0.4925   -1510.9127  0.7196 
   00515    0.4600   -1512.7140  0.7194 
   00516    0.4975   -1513.2248  0.7215 
   00517    0.4450   -1513.0600  0.7211 
   00518    0.4400   -1512.6463  0.7207 
   00519    0.4600   -1512.1798  0.7200 
   00520    0.4625   -1512.1612  0.7201 
   00521    0.4925   -1511.8260  0.7203 
   00522    0.4675   -1511.4664  0.7212 
   00523    0.4450   -1510.8389  0.7198 
   00524    0.4825   -1510.2160  0.7201 
   00525    0.4600   -1510.5213  0.7203 
   00526    0.4275   -1511.6249  0.7216 
   00527    0.4800   -1511.4708  0.7237 
   00528    0.4925   -1511.1700  0.7226 
   00529    0.5175   -1511.2805  0.7234 
   00530    0.4375   -1509.8603  0.7215 
   00531    0.4750   -1509.9500  0.7198 
   00532    0.4700   -1510.9712  0.7223 
   00533    0.4775   -1511.6854  0.7230 
   00534    0.5000   -1511.5667  0.7261 
   00535    0.4475   -1512.2141  0.7279 
   00536    0.4900   -1513.0738  0.7307 
   00537    0.4550   -1512.9583  0.7291 
   00538    0.4825   -1512.5855  0.7290 
   00539    0.4525   -1512.6382  0.7297 
   00540    0.4700   -1512.6840  0.7279 
   00541    0.4725   -1512.5199  0.7289 
   00542    0.4250   -1512.2331  0.7277 
   00543    0.4525   -1513.3274  0.7291 
   00544    0.4675   -1512.8143  0.7299 
   00545    0.4875   -1512.1507  0.7279 
   00546    0.4575   -1512.6280  0.7276 
   00547    0.4850   -1513.4642  0.7297 
   00548    0.4700   -1513.8295  0.7276 
   00549    0.4575   -1512.6695  0.7267 
   00550    0.4150   -1513.5382  0.7290 
   00551    0.4950   -1514.5245  0.7304 
   00552    0.4475   -1513.6848  0.7304 
   00553    0.4600   -1515.5074  0.7302 
   00554    0.4775   -1514.2968  0.7340 
   00555    0.4850   -1513.7032  0.7336 
   00556    0.4775   -1513.1520  0.7350 
   00557    0.4500   -1512.9686  0.7353 
   00558    0.4600   -1512.2134  0.7368 
   00559    0.4575   -1512.0764  0.7377 
   00560    0.4600   -1512.0255  0.7384 
   00561    0.4325   -1511.8596  0.7383 
   00562    0.4375   -1511.3147  0.7398 
   00563    0.4475   -1510.9237  0.7400 
   00564    0.4900   -1511.6168  0.7402 
   00565    0.4650   -1512.7682  0.7396 
   00566    0.4900   -1512.7062  0.7392 
   00567    0.4550   -1512.6680  0.7382 
   00568    0.4450   -1512.2302  0.7388 
   00569    0.4475   -1511.8997  0.7383 
   00570    0.4725   -1512.4606  0.7401 
   00571    0.4650   -1510.8868  0.7391 
   00572    0.4725   -1512.0995  0.7373 
   00573    0.4300   -1512.0472  0.7355 
   00574    0.5000   -1511.9791  0.7355 
   00575    0.5025   -1511.5661  0.7352 
   00576    0.4950   -1510.7488  0.7359 
   00577    0.5150   -1509.6918  0.7371 
   00578    0.4500   -1509.1074  0.7396 
   00579    0.4600   -1509.4965  0.7414 
   00580    0.5025   -1509.4349  0.7412 
   00581    0.4600   -1510.6234  0.7411 
   00582    0.4875   -1510.4204  0.7410 
   00583    0.4775   -1510.4968  0.7422 
   00584    0.4950   -1510.6383  0.7444 
   00585    0.4550   -1510.3189  0.7427 
   00586    0.4650   -1511.4236  0.7430 
   00587    0.4750   -1511.1128  0.7441 
   00588    0.4850   -1510.3832  0.7423 
   00589    0.4550   -1510.5637  0.7415 
   00590    0.4300   -1510.5831  0.7422 
   00591    0.5150   -1509.8600  0.7416 
   00592    0.4675   -1509.6070  0.7397 
   00593    0.4500   -1510.5056  0.7402 
   00594    0.4175   -1509.8313  0.7422 
   00595    0.4700   -1509.3216  0.7380 
   00596    0.4875   -1510.4453  0.7384 
   00597    0.4350   -1511.8717  0.7401 
   00598    0.4725   -1512.2341  0.7416 
   00599    0.4750   -1512.9067  0.7419 
   00600    0.4400   -1511.6574  0.7415 
   00601    0.5050   -1513.2436  0.7430 
   00602    0.4650   -1513.5280  0.7420 
   00603    0.4525   -1512.5949  0.7407 
   00604    0.4550   -1513.1502  0.7412 
   00605    0.4875   -1513.1253  0.7416 
   00606    0.4550   -1513.4815  0.7430 
   00607    0.4250   -1513.2150  0.7437 
   00608    0.4075   -1512.8878  0.7460 
   00609    0.4425   -1512.4539  0.7481 
   00610    0.5075   -1510.7385  0.7485 
   00611    0.4550   -1510.4957  0.7496 
   00612    0.5100   -1512.4361  0.7538 
   00613    0.4450   -1512.4149  0.7536 
   00614    0.4575   -1511.7387  0.7543 
   00615    0.4825   -1512.0678  0.7549 
   00616    0.4750   -1512.6028  0.7575 
   00617    0.4725   -1512.2781  0.7571 
   00618    0.5075   -1514.2635  0.7564 
   00619    0.4800   -1513.7688  0.7535 
   00620    0.4525   -1513.6978  0.7518 
   00621    0.4950   -1514.0671  0.7515 
   00622    0.5175   -1512.9874  0.7502 
   00623    0.4500   -1513.4646  0.7490 
   00624    0.5125   -1513.2094  0.7479 
   00625    0.5125   -1513.8654  0.7500 
   00626    0.4550   -1511.8610  0.7503 
   00627    0.4525   -1510.6625  0.7504 
   00628    0.5025   -1511.9966  0.7497 
   00629    0.4200   -1510.8165  0.7484 
   00630    0.4825   -1512.3832  0.7487 
   00631    0.4475   -1512.3362  0.7465 
   00632    0.4625   -1512.6652  0.7452 
   00633    0.4200   -1511.5386  0.7437 
   00634    0.4825   -1511.4339  0.7417 
   00635    0.4725   -1511.6727  0.7421 
   00636    0.4700   -1512.6574  0.7413 
   00637    0.4725   -1512.7191  0.7446 
   00638    0.4750   -1513.3941  0.7461 
   00639    0.5300   -1513.8495  0.7461 
   00640    0.4875   -1514.4485  0.7477 
   00641    0.4850   -1513.8345  0.7478 
   00642    0.4475   -1513.1324  0.7493 
   00643    0.4700   -1512.7233  0.7505 
   00644    0.4550   -1513.5006  0.7525 
   00645    0.4900   -1513.7177  0.7531 
   00646    0.4500   -1514.7050  0.7545 
   00647    0.4850   -1515.5391  0.7550 
   00648    0.4550   -1516.2482  0.7569 
   00649    0.4650   -1514.9427  0.7579 
   00650    0.4775   -1514.8082  0.7581 
   00651    0.3900   -1514.7219  0.7597 
   00652    0.4450   -1516.0159  0.7595 
   00653    0.4800   -1516.0355  0.7591 
   00654    0.4600   -1515.7879  0.7622 
   00655    0.5125   -1515.9672  0.7620 
   00656    0.4325   -1513.7983  0.7607 
   00657    0.4800   -1514.2266  0.7572 
   00658    0.4550   -1514.9495  0.7601 
   00659    0.4600   -1514.1091  0.7606 
   00660    0.5225   -1514.8193  0.7582 
   00661    0.4500   -1514.2302  0.7584 
   00662    0.4300   -1514.5510  0.7617 
   00663    0.5000   -1514.6903  0.7610 
   00664    0.4475   -1515.3818  0.7593 
   00665    0.4750   -1514.8795  0.7605 
   00666    0.4850   -1514.5757  0.7624 
   00667    0.4425   -1515.5526  0.7617 
   00668    0.4775   -1515.0052  0.7597 
   00669    0.4225   -1515.5233  0.7582 
   00670    0.5075   -1515.5100  0.7606 
   00671    0.4600   -1515.5548  0.7632 
   00672    0.4875   -1514.7351  0.7640 
   00673    0.4350   -1517.8234  0.7661 
   00674    0.4575   -1518.0581  0.7677 
   00675    0.4325   -1517.9860  0.7679 
   00676    0.4625   -1518.3731  0.7691 
   00677    0.4350   -1518.9730  0.7705 
   00678    0.4425   -1519.6147  0.7713 
   00679    0.5025   -1519.9215  0.7722 
   00680    0.5000   -1518.8487  0.7714 
   00681    0.4875   -1519.4125  0.7728 
   00682    0.4525   -1517.6013  0.7747 
   00683    0.4525   -1517.8549  0.7763 
   00684    0.4650   -1518.2333  0.7764 
   00685    0.4825   -1517.7063  0.7750 
   00686    0.4550   -1517.9046  0.7762 
   00687    0.4675   -1518.4030  0.7769 
   00688    0.4075   -1518.8831  0.7786 
   00689    0.4900   -1518.9991  0.7792 
   00690    0.4000   -1518.4959  0.7797 
   00691    0.4775   -1518.9098  0.7776 
   00692    0.4800   -1520.3586  0.7764 
   00693    0.4850   -1521.4498  0.7785 
   00694    0.4525   -1521.0445  0.7782 
   00695    0.4575   -1520.8857  0.7795 
   00696    0.4725   -1519.3793  0.7806 
   00697    0.4525   -1518.7491  0.7807 
   00698    0.4550   -1519.1506  0.7802 
   00699    0.4375   -1519.8783  0.7807 
   00700    0.4700   -1518.3244  0.7802 
   00701    0.4675   -1518.5454  0.7802 
   00702    0.4600   -1519.6743  0.7789 
   00703    0.4650   -1519.7133  0.7783 
   00704    0.4575   -1520.6717  0.7802 
   00705    0.5025   -1521.4284  0.7815 
   00706    0.4875   -1522.0891  0.7818 
   00707    0.4700   -1521.5028  0.7855 
   00708    0.4500   -1521.4850  0.7849 
   00709    0.4525   -1522.9461  0.7871 
   00710    0.4400   -1523.3298  0.7890 
   00711    0.4125   -1521.9328  0.7883 
   00712    0.4500   -1520.5199  0.7883 
   00713    0.4700   -1521.0832  0.7900 
   00714    0.4625   -1521.5860  0.7881 
   00715    0.4400   -1521.5007  0.7870 
   00716    0.4725   -1522.0348  0.7882 
   00717    0.5075   -1523.0500  0.7896 
   00718    0.4750   -1523.2455  0.7900 
   00719    0.4675   -1524.1031  0.7903 
   00720    0.4675   -1524.3390  0.7909 
   00721    0.4575   -1524.6159  0.7923 
   00722    0.4425   -1524.2793  0.7928 
   00723    0.4875   -1525.3106  0.7950 
   00724    0.4600   -1525.0725  0.7951 
   00725    0.4450   -1525.8465  0.7945 
   00726    0.4325   -1525.1883  0.7930 
   00727    0.4625   -1526.1205  0.7919 
   00728    0.4350   -1526.5322  0.7939 
   00729    0.4825   -1525.9556  0.7934 
   00730    0.4675   -1526.4867  0.7953 
   00731    0.4500   -1527.5056  0.7963 
   00732    0.4225   -1527.5012  0.7961 
   00733    0.4325   -1527.5163  0.7971 
   00734    0.4750   -1526.6924  0.7973 
   00735    0.4525   -1526.6636  0.7978 
   00736    0.4150   -1526.1248  0.7962 
   00737    0.4775   -1526.3512  0.7963 
   00738    0.4625   -1526.2002  0.7970 
   00739    0.4600   -1527.5586  0.7999 
   00740    0.4400   -1527.7998  0.8012 
   00741    0.4600   -1528.2534  0.8005 
   00742    0.4950   -1527.8519  0.7991 
   00743    0.4625   -1528.6116  0.7997 
   00744    0.4950   -1529.3418  0.7997 
   00745    0.4625   -1529.7371  0.8019 
   00746    0.5000   -1530.1944  0.8004 
   00747    0.4575   -1529.5658  0.8009 
   00748    0.4875   -1530.8352  0.8012 
   00749    0.4750   -1530.3857  0.8013 
   00750    0.5275   -1530.7988  0.8041 
   00751    0.5175   -1531.0090  0.8049 
   00752    0.4825   -1531.0525  0.8038 
   00753    0.4475   -1531.4267  0.8031 
   00754    0.4725   -1531.8531  0.8028 
   00755    0.4725   -1531.3080  0.8022 
   00756    0.4600   -1531.9623  0.8024 
   00757    0.4400   -1532.1977  0.8028 
   00758    0.4475   -1532.8893  0.8051 
   00759    0.4575   -1532.6284  0.8054 
   00760    0.5375   -1532.9074  0.8057 
   00761    0.4375   -1532.8713  0.8072 
   00762    0.4375   -1532.5908  0.8074 
   00763    0.4675   -1532.0816  0.8090 
   00764    0.4775   -1531.6555  0.8081 
   00765    0.4875   -1532.8921  0.8090 
   00766    0.5100   -1531.8530  0.8100 
   00767    0.4450   -1532.0334  0.8112 
   00768    0.4475   -1532.3460  0.8138 
   00769    0.4675   -1531.8888  0.8141 
   00770    0.4925   -1530.9746  0.8123 
   00771    0.4775   -1529.5297  0.8139 
   00772    0.4700   -1530.6255  0.8152 
   00773    0.4275   -1531.7164  0.8166 
   00774    0.4850   -1532.4360  0.8193 
   00775    0.5175   -1532.5401  0.8197 
   00776    0.4625   -1533.9410  0.8235 
   00777    0.4450   -1533.1689  0.8223 
   00778    0.4700   -1533.1073  0.8213 
   00779    0.4775   -1533.3226  0.8215 
   00780    0.5125   -1533.5635  0.8211 
   00781    0.4600   -1532.9309  0.8207 
   00782    0.4575   -1533.0811  0.8231 
   00783    0.4575   -1532.8818  0.8223 
   00784    0.4875   -1534.0314  0.8228 
   00785    0.5125   -1532.4444  0.8222 
   00786    0.4650   -1532.4832  0.8232 
   00787    0.4675   -1532.5807  0.8229 
   00788    0.4225   -1532.3644  0.8232 
   00789    0.4800   -1532.3999  0.8243 
   00790    0.4700   -1531.9074  0.8238 
   00791    0.4200   -1532.8206  0.8250 
   00792    0.4375   -1533.3468  0.8246 
   00793    0.5000   -1533.5248  0.8247 
   00794    0.4625   -1532.6964  0.8255 
   00795    0.4625   -1532.8628  0.8282 
   00796    0.4575   -1533.8613  0.8288 
   00797    0.5125   -1534.5436  0.8301 
   00798    0.4525   -1535.2040  0.8289 
   00799    0.4375   -1534.7544  0.8321 
   00800    0.4550   -1536.0004  0.8302 
   00801    0.4525   -1537.4720  0.8323 
   00802    0.4450   -1536.4280  0.8322 
   00803    0.4775   -1537.4679  0.8336 
   00804    0.4300   -1538.8824  0.8359 
   00805    0.4100   -1539.1889  0.8362 
   00806    0.4450   -1539.2561  0.8383 
   00807    0.4575   -1538.9852  0.8390 
   00808    0.5000   -1539.1083  0.8388 
   00809    0.4650   -1538.2428  0.8372 
   00810    0.4725   -1538.2867  0.8385 
   00811    0.4975   -1537.8590  0.8382 
   00812    0.3950   -1538.2031  0.8406 
   00813    0.4800   -1539.7928  0.8434 
   00814    0.4500   -1537.9014  0.8421 
   00815    0.5000   -1538.9947  0.8427 
   00816    0.4500   -1539.5534  0.8422 
   00817    0.4700   -1539.8814  0.8426 
   00818    0.4500   -1540.2979  0.8425 
   00819    0.4625   -1541.6584  0.8421 
   00820    0.4325   -1541.6727  0.8435 
   00821    0.4425   -1542.5519  0.8451 
   00822    0.4475   -1542.3351  0.8468 
   00823    0.4400   -1542.3881  0.8484 
   00824    0.4475   -1543.4588  0.8490 
   00825    0.4725   -1543.4737  0.8487 
   00826    0.4525   -1542.5205  0.8495 
   00827    0.4575   -1542.3079  0.8486 
   00828    0.5000   -1543.5326  0.8511 
   00829    0.4700   -1544.5369  0.8528 
   00830    0.4825   -1546.2940  0.8518 
   00831    0.4400   -1546.5872  0.8516 
   00832    0.4875   -1546.8545  0.8526 
   00833    0.5025   -1546.7885  0.8525 
   00834    0.4525   -1547.2619  0.8535 
   00835    0.4325   -1549.1570  0.8542 
   00836    0.5325   -1549.1490  0.8539 
   00837    0.4475   -1549.5823  0.8569 
   00838    0.4625   -1550.1220  0.8577 
   00839    0.4850   -1549.5075  0.8567 
   00840    0.4475   -1549.9010  0.8588 
   00841    0.4650   -1550.7140  0.8585 
   00842    0.4525   -1550.7446  0.8592 
   00843    0.4750   -1551.0703  0.8598 
   00844    0.4650   -1549.5698  0.8602 
   00845    0.4975   -1550.7181  0.8612 
   00846    0.4725   -1549.8825  0.8615 
   00847    0.4800   -1549.7899  0.8620 
   00848    0.4500   -1549.5474  0.8619 
   00849    0.4250   -1550.2274  0.8625 
   00850    0.4700   -1550.6477  0.8656 
   00851    0.4525   -1550.6847  0.8663 
   00852    0.5000   -1551.3386  0.8682 
   00853    0.4350   -1551.8307  0.8699 
   00854    0.4925   -1551.8903  0.8708 
   00855    0.5000   -1551.5863  0.8707 
   00856    0.4725   -1551.2710  0.8716 
   00857    0.4800   -1550.5084  0.8722 
   00858    0.4575   -1549.5649  0.8723 
   00859    0.4350   -1549.3822  0.8732 
   00860    0.4625   -1549.9306  0.8724 
   00861    0.4525   -1548.8413  0.8717 
   00862    0.4725   -1549.5326  0.8723 
   00863    0.4500   -1548.4849  0.8733 
   00864    0.4475   -1548.2931  0.8742 
   00865    0.5000   -1549.7698  0.8779 
   00866    0.4400   -1548.9409  0.8751 
   00867    0.4500   -1547.1061  0.8756 
   00868    0.4525   -1547.2366  0.8760 
   00869    0.4425   -1548.3636  0.8773 
   00870    0.4700   -1549.2853  0.8770 
   00871    0.4650   -1550.2799  0.8779 
   00872    0.4600   -1550.3026  0.8768 
   00873    0.4575   -1550.6394  0.8770 
   00874    0.4700   -1551.2349  0.8756 
   00875    0.4775   -1550.4085  0.8737 
   00876    0.4675   -1549.6813  0.8739 
   00877    0.5025   -1550.1990  0.8756 
   00878    0.4625   -1550.4591  0.8757 
   00879    0.4550   -1551.2208  0.8748 
   00880    0.4425   -1551.9058  0.8727 
   00881    0.4125   -1552.3897  0.8731 
   00882    0.4650   -1552.7013  0.8750 
   00883    0.4675   -1553.7296  0.8777 
   00884    0.4825   -1552.8498  0.8771 
   00885    0.4525   -1553.4077  0.8781 
   00886    0.4775   -1551.9598  0.8776 
   00887    0.4550   -1552.1299  0.8798 
   00888    0.4600   -1550.8298  0.8793 
   00889    0.4525   -1551.4166  0.8796 
   00890    0.5150   -1551.5531  0.8829 
   00891    0.4775   -1553.1033  0.8843 
   00892    0.4750   -1552.6326  0.8853 
   00893    0.4675   -1552.4701  0.8852 
   00894    0.4600   -1552.2010  0.8846 
   00895    0.4300   -1552.2449  0.8848 
   00896    0.4775   -1552.6261  0.8862 
   00897    0.4650   -1553.0144  0.8883 
   00898    0.5000   -1553.1900  0.8907 
   00899    0.4475   -1553.6286  0.8942 
   00900    0.4800   -1554.5527  0.8957 
   00901    0.4700   -1554.7227  0.8972 
   00902    0.4625   -1554.5093  0.8972 
   00903    0.4725   -1554.9627  0.8994 
   00904    0.4650   -1555.4448  0.9001 
   00905    0.4700   -1556.0298  0.9004 
   00906    0.4525   -1557.1998  0.9027 
   00907    0.4925   -1556.6130  0.9027 
   00908    0.4500   -1555.4529  0.9007 
   00909    0.4825   -1555.3474  0.9016 
   00910    0.4800   -1556.6297  0.9025 
   00911    0.4925   -1557.0545  0.9049 
   00912    0.4525   -1558.0533  0.9067 
   00913    0.4975   -1557.5604  0.9071 
   00914    0.4850   -1557.4147  0.9066 
   00915    0.4175   -1557.5181  0.9066 
   00916    0.5050   -1557.7946  0.9064 
   00917    0.4775   -1558.5975  0.9060 
   00918    0.4800   -1558.9923  0.9052 
   00919    0.4250   -1558.6517  0.9063 
   00920    0.4425   -1560.9592  0.9079 
   00921    0.4575   -1560.8170  0.9093 
   00922    0.4725   -1560.3456  0.9113 
   00923    0.4600   -1559.7405  0.9114 
   00924    0.4900   -1559.5604  0.9107 
   00925    0.5000   -1559.9014  0.9117 
   00926    0.4825   -1560.2099  0.9132 
   00927    0.5100   -1559.4911  0.9124 
   00928    0.4725   -1559.6457  0.9116 
   00929    0.4600   -1560.2145  0.9135 
   00930    0.4950   -1560.8520  0.9147 
   00931    0.4375   -1561.1295  0.9161 
   00932    0.4425   -1560.9579  0.9139 
   00933    0.4725   -1560.5981  0.9148 
   00934    0.3925   -1561.2460  0.9176 
   00935    0.4650   -1561.8138  0.9197 
   00936    0.4575   -1562.4324  0.9213 
   00937    0.4775   -1561.6157  0.9201 
   00938    0.4250   -1561.1384  0.9188 
   00939    0.4425   -1562.2519  0.9194 
   00940    0.4775   -1563.4900  0.9212 
   00941    0.4550   -1564.8077  0.9209 
   00942    0.5200   -1565.1036  0.9205 
   00943    0.4325   -1566.2351  0.9213 
   00944    0.4350   -1567.6934  0.9216 
   00945    0.4700   -1567.5621  0.9216 
   00946    0.4650   -1567.5115  0.9227 
   00947    0.4575   -1567.7029  0.9230 
   00948    0.4425   -1566.3738  0.9227 
   00949    0.4800   -1565.0126  0.9258 
   00950    0.4750   -1565.2583  0.9247 
   00951    0.4625   -1565.5451  0.9243 
   00952    0.5200   -1564.8639  0.9231 
   00953    0.4975   -1565.7214  0.9218 
   00954    0.4400   -1566.9841  0.9226 
   00955    0.4550   -1568.3065  0.9219 
   00956    0.4775   -1567.5705  0.9217 
   00957    0.4725   -1567.8644  0.9224 
   00958    0.4775   -1568.6133  0.9222 
   00959    0.4725   -1568.6184  0.9251 
   00960    0.4350   -1568.6164  0.9247 
   00961    0.4725   -1568.8793  0.9260 
   00962    0.5100   -1570.0090  0.9271 
   00963    0.4925   -1569.3808  0.9250 
   00964    0.4800   -1569.6540  0.9258 
   00965    0.4700   -1568.8577  0.9260 
   00966    0.4475   -1568.4451  0.9263 
   00967    0.4625   -1568.1050  0.9254 
   00968    0.4350   -1568.4870  0.9268 
   00969    0.4550   -1567.6183  0.9286 
   00970    0.4400   -1567.0700  0.9286 
   00971    0.4725   -1567.0108  0.9263 
   00972    0.4650   -1566.3427  0.9263 
   00973    0.4750   -1566.8822  0.9272 
   00974    0.4675   -1567.1232  0.9271 
   00975    0.4725   -1567.3883  0.9281 
   00976    0.4650   -1568.5422  0.9280 
   00977    0.4925   -1569.1517  0.9274 
   00978    0.4650   -1569.8698  0.9273 
   00979    0.4450   -1570.2475  0.9284 
   00980    0.4775   -1569.9497  0.9281 
   00981    0.5000   -1569.9246  0.9282 
   00982    0.4425   -1570.1952  0.9288 
   00983    0.5300   -1570.3978  0.9294 
   00984    0.4325   -1571.5212  0.9314 
   00985    0.4650   -1571.8503  0.9315 
   00986    0.4950   -1571.5845  0.9318 
   00987    0.4325   -1571.4827  0.9324 
   00988    0.4500   -1571.3559  0.9321 
   00989    0.4200   -1571.0864  0.9321 
   00990    0.4600   -1570.0165  0.9319 
   00991    0.4400   -1570.0735  0.9329 
   00992    0.4225   -1570.9539  0.9331 
   00993    0.4575   -1570.4896  0.9321 
   00994    0.4575   -1571.4045  0.9337 
   00995    0.4475   -1570.7423  0.9350 
   00996    0.4700   -1570.6680  0.9349 
   00997    0.4975   -1570.1449  0.9378 
   00998    0.4500   -1570.6408  0.9360 
   00999    0.4475   -1569.9862  0.9362 
   01000    0.4800   -1571.1452  0.9375 
