#=====================================================
# File created:        Wed-05-Nov-2025-at-12-04-41AM
# Size of lattice:     20x20
# Number of MC steps:  1000
# Reduced temperature: 1.450
# Run time (s):        1.601255
#=====================================================
# MC step:  Ratio:     Energy:   Order:
#=====================================================
   00000    0.5000    -374.2399  0.2838 
   00001    0.8350    -415.4431  0.2882 
   00002    0.7500    -468.7476  0.2759 
   00003    0.7400    -510.8857  0.2636 
   00004    0.7150    -543.0459  0.2605 
   00005    0.7175    -563.6784  0.2698 
   00006    0.7175    -572.4263  0.2707 
   00007    0.7200    -588.5315  0.2732 
   00008    0.6750    -593.8504  0.2985 
   00009    0.6775    -601.7516  0.2978 
   00010    0.6900    -626.2545  0.2952 
   00011    0.6950    -631.6306  0.2879 
   00012    0.7075    -647.1850  0.2792 
   00013    0.6800    -645.9652  0.2627 
   00014    0.6650    -652.3796  0.2581 
   00015    0.6550    -653.3830  0.2567 
   00016    0.6675    -649.9804  0.2667 
   00017    0.6875    -667.2205  0.2723 
   00018    0.7025    -656.3723  0.2701 
   00019    0.6500    -653.8696  0.2727 
   00020    0.6800    -666.5229  0.2533 
   00021    0.6450    -668.5019  0.2660 
   00022    0.6300    -684.2236  0.2761 
   00023    0.6275    -682.5188  0.2585 
   00024    0.6200    -684.4478  0.2655 
   00025    0.6125    -687.8109  0.2837 
   00026    0.6675    -695.9960  0.2867 
   00027    0.6050    -696.7412  0.2843 
   00028    0.6300    -718.1952  0.2964 
   00029    0.6525    -705.3602  0.2914 
   00030    0.6375    -722.1330  0.2791 
   00031    0.6425    -730.0813  0.2813 
   00032    0.6275    -735.1569  0.2880 
   00033    0.6600    -734.0755  0.2941 
   00034    0.6350    -753.3308  0.3188 
   00035    0.6475    -743.7379  0.2935 
   00036    0.5900    -747.7487  0.2860 
   00037    0.6475    -748.5020  0.2967 
   00038    0.6825    -725.0603  0.2904 
   00039    0.6850    -712.5812  0.2757 
   00040    0.6275    -713.3616  0.2961 
   00041    0.6550    -718.3688  0.3040 
   00042    0.6475    -722.8927  0.2856 
   00043    0.6675    -723.8947  0.2832 
   00044    0.6100    -708.0650  0.2702 
   00045    0.6350    -724.3227  0.2691 
   00046    0.6350    -725.0547  0.2735 
   00047    0.6650    -710.1201  0.2658 
   00048    0.6775    -702.9758  0.2651 
   00049    0.6175    -701.6694  0.2788 
   00050    0.6525    -712.8421  0.2905 
   00051    0.6200    -711.2513  0.2755 
   00052    0.6650    -704.9170  0.2691 
   00053    0.6600    -678.2500  0.2717 
   00054    0.6450    -685.0911  0.2719 
   00055    0.6550    -690.5677  0.2767 
   00056    0.7025    -696.3216  0.2818 
   00057    0.6175    -693.1833  0.2916 
   00058    0.7025    -682.4731  0.2815 
   00059    0.6425    -691.5531  0.2699 
   00060    0.6250    -707.4907  0.2737 
   00061    0.6700    -710.1903  0.2873 
   00062    0.6350    -739.3891  0.2926 
   00063    0.6200    -746.6823  0.3038 
   00064    0.5850    -732.0537  0.3127 
   00065    0.6300    -708.0002  0.3012 
   00066    0.6475    -678.0695  0.3149 
   00067    0.6750    -685.8652  0.3124 
   00068    0.6575    -684.4806  0.3250 
   00069    0.6550    -698.8005  0.3196 
   00070    0.6400    -712.1963  0.3108 
   00071    0.6475    -723.7846  0.2974 
   00072    0.6875    -718.8931  0.3132 
   00073    0.6675    -728.0709  0.3007 
   00074    0.6350    -717.0461  0.2770 
   00075    0.6925    -677.4668  0.2739 
   00076    0.6250    -673.1989  0.2734 
   00077    0.6475    -684.0596  0.2664 
   00078    0.6400    -680.6760  0.2571 
   00079    0.6525    -685.4169  0.2650 
   00080    0.6350    -686.4788  0.2541 
   00081    0.6600    -690.4310  0.2719 
   00082    0.6200    -691.3852  0.2881 
   00083    0.6500    -703.8219  0.2937 
   00084    0.6450    -698.9540  0.3013 
   00085    0.6500    -710.6146  0.3054 
   00086    0.6350    -706.1433  0.3133 
   00087    0.6575    -687.0812  0.3033 
   00088    0.6750    -690.5540  0.2947 
   00089    0.6500    -711.9872  0.2885 
   00090    0.7025    -690.5976  0.2984 
   00091    0.5700    -702.8744  0.2814 
   00092    0.6175    -699.3392  0.2839 
   00093    0.6325    -697.3035  0.2728 
   00094    0.6025    -729.0932  0.2549 
   00095    0.6500    -728.0426  0.2588 
   00096    0.6125    -747.7715  0.2654 
   00097    0.6325    -724.4285  0.2770 
   00098    0.6825    -708.6896  0.2856 
   00099    0.6375    -710.1486  0.3042 
   00100    0.6550    -708.6128  0.3106 
   00101    0.6575    -713.4637  0.3094 
   00102    0.6475    -663.7350  0.3125 
   00103    0.6275    -686.9763  0.3280 
   00104    0.6525    -652.7462  0.3182 
   00105    0.6725    -663.7726  0.3216 
   00106    0.6200    -646.3612  0.3066 
   00107    0.6250    -639.7534  0.3112 
   00108    0.6550    -643.1734  0.3213 
   00109    0.6250    -647.6934  0.3335 
   00110    0.6475    -659.1287  0.3173 
   00111    0.6125    -672.8935  0.3309 
   00112    0.6275    -688.1695  0.3217 
   00113    0.6375    -689.1539  0.3193 
   00114    0.6150    -694.6309  0.3026 
   00115    0.6350    -690.6907  0.2962 
   00116    0.6375    -697.3023  0.3141 
   00117    0.6450    -687.6580  0.3102 
   00118    0.6025    -704.3486  0.3138 
   00119    0.6125    -702.0704  0.3121 
   00120    0.6350    -688.4269  0.3146 
   00121    0.6725    -699.6658  0.3129 
   00122    0.6125    -723.1065  0.3154 
   00123    0.6650    -718.8354  0.3198 
   00124    0.6075    -714.7306  0.3253 
   00125    0.6450    -718.1808  0.3089 
   00126    0.6925    -728.0581  0.3069 
   00127    0.6650    -714.6009  0.3076 
   00128    0.6725    -713.5070  0.3209 
   00129    0.6450    -730.0580  0.3172 
   00130    0.6250    -727.0121  0.3189 
   00131    0.6500    -742.3466  0.3100 
   00132    0.6475    -744.5910  0.3013 
   00133    0.6575    -744.7481  0.3014 
   00134    0.6050    -737.3167  0.2826 
   00135    0.6650    -743.8467  0.2854 
   00136    0.6700    -751.9265  0.2821 
   00137    0.6450    -723.9868  0.2720 
   00138    0.6575    -699.4149  0.2697 
   00139    0.6375    -724.8393  0.2725 
   00140    0.6400    -741.4666  0.2691 
   00141    0.6450    -720.9164  0.2616 
   00142    0.5825    -728.5900  0.2672 
   00143    0.6275    -711.1404  0.2656 
   00144    0.6475    -704.5409  0.2655 
   00145    0.6450    -702.0644  0.2608 
   00146    0.6025    -701.8164  0.2695 
   00147    0.6450    -696.9980  0.2838 
   00148    0.6300    -692.5977  0.2921 
   00149    0.6275    -699.8646  0.2912 
   00150    0.6375    -706.6875  0.2784 
   00151    0.6625    -715.1947  0.2851 
   00152    0.6350    -710.7817  0.2888 
   00153    0.6575    -727.9894  0.2903 
   00154    0.6400    -736.7477  0.2780 
   00155    0.6425    -745.1770  0.2751 
   00156    0.6125    -756.6090  0.2648 
   00157    0.6275    -747.2228  0.2740 
   00158    0.6650    -714.6768  0.2711 
   00159    0.6675    -699.3616  0.2612 
   00160    0.6350    -704.7190  0.2725 
   00161    0.6075    -695.6465  0.2876 
   00162    0.6575    -713.7261  0.3015 
   00163    0.6500    -713.9358  0.3060 
   00164    0.6275    -722.6169  0.3135 
   00165    0.6175    -722.1349  0.2937 
   00166    0.6175    -727.3127  0.2905 
   00167    0.6450    -727.8169  0.2804 
   00168    0.6500    -741.0836  0.2684 
   00169    0.6225    -741.8346  0.2868 
   00170    0.6325    -737.3315  0.2814 
   00171    0.6450    -720.9809  0.2872 
   00172    0.6625    -755.1080  0.2783 
   00173    0.6500    -754.5309  0.2859 
   00174    0.5800    -746.7840  0.2887 
   00175    0.6075    -743.9216  0.2751 
   00176    0.6425    -734.9531  0.2972 
   00177    0.6125    -738.8206  0.2951 
   00178    0.6375    -733.1949  0.2963 
   00179    0.6375    -750.0984  0.2966 
   00180    0.6150    -753.2846  0.2940 
   00181    0.6825    -739.6670  0.2922 
   00182    0.6325    -751.0457  0.3006 
   00183    0.6425    -756.5939  0.3133 
   00184    0.6625    -741.1244  0.3084 
   00185    0.6650    -751.6560  0.3051 
   00186    0.5925    -758.7962  0.3030 
   00187    0.5825    -767.9037  0.2914 
   00188    0.6575    -755.7670  0.3032 
   00189    0.6550    -760.4784  0.3346 
   00190    0.6675    -752.0491  0.3452 
   00191    0.6500    -759.3870  0.3527 
   00192    0.6400    -736.6401  0.3549 
   00193    0.6300    -739.9496  0.3622 
   00194    0.5900    -746.3377  0.3608 
   00195    0.6250    -739.2015  0.3530 
   00196    0.6175    -771.4811  0.3611 
   00197    0.6300    -762.1355  0.3466 
   00198    0.6050    -754.1429  0.3415 
   00199    0.6375    -760.7186  0.3511 
   00200    0.6300    -776.3189  0.3489 
   00201    0.6500    -790.3162  0.3444 
   00202    0.6225    -793.6772  0.3319 
   00203    0.6325    -792.4235  0.3309 
   00204    0.6400    -793.0072  0.3138 
   00205    0.6225    -796.2869  0.3067 
   00206    0.6575    -795.0918  0.3041 
   00207    0.6325    -800.9554  0.2944 
   00208    0.6125    -789.0634  0.2910 
   00209    0.6375    -764.7256  0.2887 
   00210    0.5950    -758.5646  0.2900 
   00211    0.6500    -794.2911  0.2952 
   00212    0.6050    -793.7439  0.2914 
   00213    0.6625    -793.8045  0.2866 
   00214    0.6500    -773.4676  0.2870 
   00215    0.7000    -769.1841  0.2686 
   00216    0.6575    -748.6230  0.2760 
   00217    0.6400    -766.2196  0.2762 
   00218    0.6350    -769.1678  0.2821 
   00219    0.6650    -782.6390  0.2728 
   00220    0.6100    -773.6372  0.2659 
   00221    0.6750    -775.1708  0.2746 
   00222    0.5950    -764.8753  0.2781 
   00223    0.6200    -760.5262  0.2760 
   00224    0.6850    -739.5992  0.2796 
   00225    0.6825    -745.2242  0.2878 
   00226    0.6200    -730.6046  0.2955 
   00227    0.6750    -744.0339  0.2963 
   00228    0.5775    -771.5188  0.2800 
   00229    0.6325    -742.7870  0.2708 
   00230    0.6225    -731.8907  0.2745 
   00231    0.6850    -738.9215  0.2962 
   00232    0.6575    -719.2703  0.3026 
   00233    0.6625    -716.2206  0.3137 
   00234    0.6325    -722.9947  0.3081 
   00235    0.6325    -711.9508  0.3003 
   00236    0.6475    -722.8297  0.3091 
   00237    0.6425    -722.0176  0.3047 
   00238    0.6400    -718.5614  0.3085 
   00239    0.6575    -695.3788  0.3070 
   00240    0.6200    -696.5488  0.3003 
   00241    0.6550    -689.0221  0.3063 
   00242    0.6225    -718.0742  0.3156 
   00243    0.6525    -736.9982  0.3290 
   00244    0.6500    -727.7874  0.3339 
   00245    0.6150    -712.8045  0.3319 
   00246    0.5975    -725.2120  0.3343 
   00247    0.6025    -739.6476  0.3185 
   00248    0.6300    -760.5556  0.3303 
   00249    0.6425    -753.5957  0.3278 
   00250    0.5950    -752.9913  0.3245 
   00251    0.6225    -745.6332  0.3201 
   00252    0.6225    -755.3929  0.3120 
   00253    0.5850    -762.9781  0.3075 
   00254    0.6300    -768.1109  0.2927 
   00255    0.6425    -766.7658  0.2966 
   00256    0.6175    -767.1939  0.2951 
   00257    0.6200    -757.5495  0.2980 
   00258    0.5900    -766.3083  0.2991 
   00259    0.6600    -760.9815  0.2985 
   00260    0.6400    -755.9265  0.2979 
   00261    0.6400    -752.6906  0.3063 
   00262    0.6775    -747.4938  0.2930 
   00263    0.6225    -719.4458  0.3032 
   00264    0.6650    -713.7910  0.2904 
   00265    0.6450    -698.6562  0.3025 
   00266    0.6475    -696.1321  0.2930 
   00267    0.5825    -693.9951  0.2916 
   00268    0.6350    -686.1146  0.2928 
   00269    0.6075    -666.3913  0.3062 
   00270    0.6225    -662.8485  0.2942 
   00271    0.5900    -671.4739  0.2872 
   00272    0.6225    -688.6658  0.2974 
   00273    0.6175    -693.8045  0.3003 
   00274    0.6050    -688.4295  0.3190 
   00275    0.6400    -687.4050  0.3176 
   00276    0.6400    -675.1811  0.3194 
   00277    0.6375    -694.2481  0.3178 
   00278    0.6175    -732.8735  0.3175 
   00279    0.6075    -732.6457  0.3279 
   00280    0.6125    -715.3343  0.3233 
   00281    0.6600    -732.6875  0.3152 
   00282    0.6375    -744.6169  0.3178 
   00283    0.6250    -733.1327  0.3139 
   00284    0.6025    -742.8134  0.3130 
   00285    0.6125    -755.8950  0.3104 
   00286    0.6075    -752.2459  0.3157 
   00287    0.6300    -768.4031  0.3155 
   00288    0.5950    -752.3349  0.3162 
   00289    0.5600    -738.8833  0.3136 
   00290    0.6275    -746.4191  0.3043 
   00291    0.6200    -760.2542  0.3035 
   00292    0.5625    -745.2055  0.2982 
   00293    0.6425    -730.4846  0.3002 
   00294    0.6225    -703.7076  0.2913 
   00295    0.6025    -694.9037  0.2876 
   00296    0.6400    -702.7922  0.2902 
   00297    0.6800    -682.4430  0.2993 
   00298    0.6700    -687.7005  0.2975 
   00299    0.6325    -709.2524  0.3091 
   00300    0.6125    -701.1210  0.3164 
   00301    0.6175    -707.2276  0.3217 
   00302    0.6275    -711.5123  0.3333 
   00303    0.6275    -718.1855  0.3404 
   00304    0.6675    -719.3803  0.3259 
   00305    0.6400    -730.8550  0.3203 
   00306    0.6200    -731.5226  0.3321 
   00307    0.6300    -724.2187  0.3177 
   00308    0.6350    -711.6185  0.3191 
   00309    0.6475    -736.2104  0.3329 
   00310    0.5950    -735.8755  0.3279 
   00311    0.6200    -722.3382  0.3158 
   00312    0.6100    -722.2827  0.3297 
   00313    0.6425    -716.4096  0.3172 
   00314    0.6650    -725.4592  0.3264 
   00315    0.6125    -747.8657  0.3360 
   00316    0.6275    -761.7944  0.3381 
   00317    0.5900    -745.9915  0.3316 
   00318    0.6375    -749.9514  0.3339 
   00319    0.5750    -767.2308  0.3467 
   00320    0.6375    -777.9524  0.3337 
   00321    0.6050    -755.2226  0.3257 
   00322    0.6025    -758.1173  0.3375 
   00323    0.5950    -750.6147  0.3425 
   00324    0.6500    -747.3390  0.3578 
   00325    0.6025    -738.3761  0.3557 
   00326    0.6050    -741.5480  0.3469 
   00327    0.6600    -739.2660  0.3615 
   00328    0.5700    -733.5684  0.3652 
   00329    0.6325    -744.2044  0.3563 
   00330    0.5875    -741.1712  0.3574 
   00331    0.6075    -740.6551  0.3641 
   00332    0.6625    -727.6551  0.3568 
   00333    0.6300    -736.0873  0.3446 
   00334    0.6075    -739.1976  0.3564 
   00335    0.6275    -744.2367  0.3578 
   00336    0.6550    -737.8612  0.3523 
   00337    0.6275    -738.3212  0.3499 
   00338    0.6100    -737.8120  0.3532 
   00339    0.6025    -738.1086  0.3487 
   00340    0.6475    -739.9634  0.3640 
   00341    0.6150    -730.9577  0.3630 
   00342    0.6275    -739.5114  0.3612 
   00343    0.6550    -749.1330  0.3666 
   00344    0.5875    -755.9115  0.3665 
   00345    0.6225    -765.3521  0.3860 
   00346    0.6125    -772.5798  0.3807 
   00347    0.6300    -779.9585  0.3753 
   00348    0.6300    -768.7217  0.3688 
   00349    0.6350    -738.3194  0.3478 
   00350    0.6175    -741.1731  0.3284 
   00351    0.6600    -763.3881  0.3327 
   00352    0.6350    -770.8238  0.3375 
   00353    0.6450    -769.0057  0.3389 
   00354    0.5850    -730.5541  0.3361 
   00355    0.6175    -759.2089  0.3595 
   00356    0.6500    -748.9510  0.3516 
   00357    0.6350    -720.3996  0.3426 
   00358    0.6200    -711.8335  0.3599 
   00359    0.6600    -712.1446  0.3547 
   00360    0.6300    -710.0744  0.3532 
   00361    0.6625    -714.8696  0.3595 
   00362    0.6250    -730.8768  0.3556 
   00363    0.6200    -714.9375  0.3410 
   00364    0.6525    -712.6945  0.3359 
   00365    0.6325    -705.0124  0.3205 
   00366    0.6475    -710.5022  0.2954 
   00367    0.6000    -708.7801  0.2895 
   00368    0.6250    -701.7192  0.2988 
   00369    0.6300    -713.0229  0.2868 
   00370    0.6225    -699.7116  0.2675 
   00371    0.6225    -714.6932  0.2696 
   00372    0.5975    -723.5663  0.2711 
   00373    0.6350    -721.0190  0.2677 
   00374    0.6300    -706.0774  0.2704 
   00375    0.6100    -717.4599  0.2720 
   00376    0.6575    -720.9787  0.2588 
   00377    0.6300    -729.3592  0.2541 
   00378    0.5900    -731.4424  0.2799 
   00379    0.6100    -726.0238  0.2738 
   00380    0.5875    -740.0052  0.2894 
   00381    0.6425    -748.8155  0.2874 
   00382    0.6100    -746.8744  0.2977 
   00383    0.5975    -765.4454  0.2956 
   00384    0.5975    -764.0319  0.2855 
   00385    0.6075    -747.3436  0.2879 
   00386    0.5850    -743.3071  0.2911 
   00387    0.6175    -736.3373  0.2922 
   00388    0.6200    -730.2394  0.3012 
   00389    0.6475    -733.0324  0.2820 
   00390    0.6775    -711.5477  0.2908 
   00391    0.6600    -741.8797  0.2906 
   00392    0.6500    -743.3264  0.2822 
   00393    0.6350    -727.4690  0.2860 
   00394    0.6225    -725.8744  0.2784 
   00395    0.6700    -758.2950  0.2795 
   00396    0.6050    -734.9237  0.2718 
   00397    0.6275    -753.6202  0.2728 
   00398    0.6550    -757.4839  0.2769 
   00399    0.6225    -758.5106  0.2650 
   00400    0.6000    -768.1047  0.2910 
   00401    0.6200    -765.5547  0.3021 
   00402    0.6450    -762.6947  0.3066 
   00403    0.6525    -769.8705  0.3190 
   00404    0.6525    -781.0793  0.3122 
   00405    0.6000    -788.7478  0.3173 
   00406    0.6225    -766.6841  0.3144 
   00407    0.6525    -764.1510  0.3274 
   00408    0.6000    -750.9223  0.3209 
   00409    0.5925    -767.0610  0.3220 
   00410    0.6150    -775.5219  0.3260 
   00411    0.6325    -773.4761  0.3331 
   00412    0.5900    -763.5286  0.3286 
   00413    0.6400    -747.0087  0.3295 
   00414    0.6250    -772.0241  0.3450 
   00415    0.6175    -763.0184  0.3413 
   00416    0.6300    -756.4587  0.3285 
   00417    0.6225    -726.4328  0.3379 
   00418    0.6350    -715.4292  0.3429 
   00419    0.6525    -701.0085  0.3410 
   00420    0.6375    -707.7305  0.3498 
   00421    0.6475    -712.2073  0.3615 
   00422    0.6275    -701.1682  0.3569 
   00423    0.6050    -715.3059  0.3509 
   00424    0.6425    -735.3726  0.3521 
   00425    0.6450    -717.4333  0.3439 
   00426    0.6100    -706.3531  0.3434 
   00427    0.6225    -704.9385  0.3476 
   00428    0.6300    -725.3363  0.3530 
   00429    0.6475    -703.6483  0.3589 
   00430    0.6400    -726.4939  0.3736 
   00431    0.6325    -738.7514  0.3948 
   00432    0.6350    -734.0609  0.3767 
   00433    0.6400    -735.3041  0.3733 
   00434    0.6175    -738.7562  0.3824 
   00435    0.6575    -723.6466  0.3860 
   00436    0.6400    -720.4814  0.3965 
   00437    0.6625    -726.5594  0.4048 
   00438    0.6425    -710.5417  0.3920 
   00439    0.6800    -696.6155  0.3917 
   00440    0.6125    -724.3184  0.3749 
   00441    0.6600    -702.0868  0.3738 
   00442    0.6475    -698.3391  0.3552 
   00443    0.6575    -720.9041  0.3541 
   00444    0.6825    -737.7642  0.3491 
   00445    0.6450    -749.0209  0.3528 
   00446    0.6250    -751.1521  0.3303 
   00447    0.6175    -721.6477  0.3366 
   00448    0.6625    -724.8337  0.3202 
   00449    0.6425    -722.9250  0.3208 
   00450    0.6300    -740.7512  0.3261 
   00451    0.6450    -730.6007  0.3117 
   00452    0.6350    -731.2349  0.3061 
   00453    0.6350    -724.5645  0.3181 
   00454    0.6850    -709.4396  0.3237 
   00455    0.6500    -694.6671  0.3130 
   00456    0.6225    -693.7899  0.3139 
   00457    0.6250    -703.2583  0.3100 
   00458    0.6075    -710.2728  0.3126 
   00459    0.6725    -700.2289  0.3022 
   00460    0.6225    -688.6144  0.2865 
   00461    0.6250    -693.8459  0.3010 
   00462    0.6525    -682.8886  0.2986 
   00463    0.6125    -675.0277  0.3141 
   00464    0.6300    -677.0718  0.3225 
   00465    0.6350    -684.7883  0.3471 
   00466    0.6125    -676.3172  0.3460 
   00467    0.6325    -681.4925  0.3317 
   00468    0.6025    -666.8627  0.3507 
   00469    0.6575    -665.9961  0.3491 
   00470    0.6350    -670.9771  0.3512 
   00471    0.6000    -646.5283  0.3561 
   00472    0.6050    -648.8079  0.3672 
   00473    0.6325    -666.5921  0.3562 
   00474    0.6475    -665.7079  0.3680 
   00475    0.6600    -693.0258  0.3607 
   00476    0.6775    -708.9033  0.3596 
   00477    0.6225    -703.6776  0.3549 
   00478    0.6700    -697.5256  0.3458 
   00479    0.6550    -732.0822  0.3436 
   00480    0.6300    -703.1247  0.3455 
   00481    0.6650    -711.2274  0.3616 
   00482    0.6475    -676.9203  0.3578 
   00483    0.6350    -705.2460  0.3492 
   00484    0.6175    -702.9489  0.3452 
   00485    0.6075    -691.5415  0.3471 
   00486    0.6400    -695.4916  0.3444 
   00487    0.6325    -707.7648  0.3390 
   00488    0.6600    -689.3055  0.3234 
   00489    0.6425    -716.7050  0.3345 
   00490    0.6625    -716.2639  0.3344 
   00491    0.5975    -724.6523  0.3127 
   00492    0.6200    -722.8783  0.3110 
   00493    0.6725    -717.3880  0.3165 
   00494    0.6475    -685.6336  0.3106 
   00495    0.6600    -710.1884  0.3209 
   00496    0.6325    -700.9604  0.3160 
   00497    0.6300    -709.6638  0.3021 
   00498    0.6300    -700.9807  0.3060 
   00499    0.6225    -710.2507  0.2899 
   00500    0.6500    -719.3123  0.2904 
   00501    0.6200    -741.3786  0.2985 
   00502    0.6600    -746.3618  0.2913 
   00503    0.6575    -755.1357  0.3064 
   00504    0.6300    -742.7252  0.3017 
   00505    0.6175    -740.3606  0.3096 
   00506    0.5850    -740.3356  0.2926 
   00507    0.6400    -711.2764  0.2854 
   00508    0.6225    -720.0809  0.2906 
   00509    0.6225    -703.9192  0.3024 
   00510    0.6575    -689.7651  0.3005 
   00511    0.6350    -697.1279  0.3056 
   00512    0.5875    -690.5147  0.3092 
   00513    0.6625    -726.8964  0.3048 
   00514    0.6675    -718.1860  0.3082 
   00515    0.6050    -717.6816  0.3124 
   00516    0.6000    -722.1066  0.3049 
   00517    0.5800    -707.9044  0.2974 
   00518    0.6150    -685.3736  0.3064 
   00519    0.6275    -676.8635  0.3109 
   00520    0.6750    -691.1824  0.2926 
   00521    0.6425    -699.0505  0.3020 
   00522    0.5975    -708.1213  0.3021 
   00523    0.6250    -688.4063  0.3137 
   00524    0.6525    -718.7209  0.3063 
   00525    0.6650    -718.2733  0.2880 
   00526    0.6250    -713.6857  0.2821 
   00527    0.6375    -708.4507  0.2893 
   00528    0.6675    -713.4414  0.3065 
   00529    0.6000    -723.0820  0.3000 
   00530    0.6750    -712.7669  0.2793 
   00531    0.6250    -706.7636  0.2728 
   00532    0.6475    -709.2141  0.2578 
   00533    0.6225    -712.8848  0.2563 
   00534    0.6625    -704.7792  0.2719 
   00535    0.6225    -730.9519  0.2585 
   00536    0.6300    -747.7237  0.2618 
   00537    0.5875    -762.9406  0.2658 
   00538    0.6100    -760.4881  0.2804 
   00539    0.6600    -751.0592  0.2731 
   00540    0.6425    -748.9856  0.2735 
   00541    0.6075    -737.5364  0.2684 
   00542    0.6425    -757.4051  0.2826 
   00543    0.6075    -761.6502  0.2858 
   00544    0.6325    -764.9947  0.2948 
   00545    0.6200    -779.8777  0.3015 
   00546    0.6400    -777.0001  0.3201 
   00547    0.5500    -783.3125  0.3150 
   00548    0.6175    -783.9435  0.3119 
   00549    0.6600    -790.2769  0.2952 
   00550    0.6425    -779.3509  0.2985 
   00551    0.6325    -765.8276  0.3141 
   00552    0.6450    -762.0854  0.3231 
   00553    0.6475    -775.4403  0.3211 
   00554    0.6750    -755.4705  0.3363 
   00555    0.6000    -764.8359  0.3441 
   00556    0.6250    -746.1483  0.3319 
   00557    0.6375    -748.0403  0.3291 
   00558    0.6675    -760.2886  0.3423 
   00559    0.6650    -735.2348  0.3268 
   00560    0.6325    -727.2628  0.3394 
   00561    0.6350    -736.2505  0.3560 
   00562    0.6750    -722.3690  0.3612 
   00563    0.6325    -744.2672  0.3688 
   00564    0.6075    -750.4881  0.3696 
   00565    0.6300    -740.3583  0.3753 
   00566    0.6175    -767.4443  0.3625 
   00567    0.6500    -750.9368  0.3482 
   00568    0.6525    -743.8657  0.3396 
   00569    0.6525    -720.5216  0.3238 
   00570    0.6050    -689.4794  0.3214 
   00571    0.6300    -676.3067  0.3263 
   00572    0.6525    -686.7791  0.3258 
   00573    0.6850    -662.9603  0.3303 
   00574    0.6275    -686.5251  0.3405 
   00575    0.6075    -701.2785  0.3320 
   00576    0.6450    -708.4556  0.3338 
   00577    0.6300    -697.2537  0.3278 
   00578    0.6750    -678.7071  0.3277 
   00579    0.6700    -660.2910  0.3308 
   00580    0.6025    -662.7504  0.3188 
   00581    0.6425    -664.0539  0.3136 
   00582    0.6275    -675.2031  0.3119 
   00583    0.6350    -675.1769  0.3072 
   00584    0.6475    -679.1788  0.3130 
   00585    0.6325    -687.8090  0.3190 
   00586    0.6825    -683.1315  0.3108 
   00587    0.6450    -682.8101  0.3347 
   00588    0.6350    -686.3746  0.3140 
   00589    0.6650    -695.0956  0.2990 
   00590    0.6300    -702.4963  0.2938 
   00591    0.6250    -687.5817  0.3097 
   00592    0.6600    -681.2566  0.3023 
   00593    0.5925    -674.9406  0.2976 
   00594    0.6275    -683.8480  0.2948 
   00595    0.6425    -692.1471  0.2979 
   00596    0.6425    -693.1173  0.2981 
   00597    0.6675    -697.7507  0.3001 
   00598    0.6425    -722.5423  0.3025 
   00599    0.6425    -722.4094  0.3040 
   00600    0.6075    -716.0224  0.2952 
   00601    0.6300    -688.7669  0.2955 
   00602    0.6400    -673.3058  0.2842 
   00603    0.6600    -655.0746  0.2756 
   00604    0.6225    -671.3128  0.2807 
   00605    0.6550    -686.0082  0.2774 
   00606    0.6200    -715.5072  0.2719 
   00607    0.6150    -709.7828  0.2836 
   00608    0.6450    -705.6631  0.2739 
   00609    0.6300    -701.2036  0.2889 
   00610    0.6625    -701.8344  0.2935 
   00611    0.6125    -706.1178  0.3001 
   00612    0.6125    -719.1893  0.2853 
   00613    0.6425    -712.3483  0.2789 
   00614    0.6400    -716.1426  0.2788 
   00615    0.6200    -738.4995  0.2672 
   00616    0.6575    -740.8397  0.2644 
   00617    0.6250    -723.7172  0.2597 
   00618    0.6400    -743.2284  0.2619 
   00619    0.6275    -756.3958  0.2762 
   00620    0.6300    -732.4997  0.2820 
   00621    0.6425    -753.6167  0.2696 
   00622    0.6150    -752.6986  0.2819 
   00623    0.6475    -740.3831  0.2838 
   00624    0.6325    -752.1728  0.2981 
   00625    0.6100    -753.1630  0.2938 
   00626    0.5925    -755.9608  0.2975 
   00627    0.6000    -776.2467  0.2975 
   00628    0.6125    -778.9142  0.2790 
   00629    0.6225    -769.1746  0.2754 
   00630    0.6800    -792.2993  0.2947 
   00631    0.6550    -770.8672  0.2759 
   00632    0.5725    -769.5769  0.2552 
   00633    0.6425    -752.4799  0.2587 
   00634    0.5625    -768.1860  0.2650 
   00635    0.6125    -765.5998  0.2676 
   00636    0.5800    -774.1799  0.2747 
   00637    0.5925    -763.6029  0.2831 
   00638    0.6275    -761.1479  0.2952 
   00639    0.5925    -749.0191  0.3024 
   00640    0.6325    -763.2297  0.3032 
   00641    0.5875    -760.1970  0.3111 
   00642    0.6650    -736.1358  0.2942 
   00643    0.5800    -733.2065  0.2964 
   00644    0.6400    -730.4205  0.3021 
   00645    0.6100    -728.1746  0.3151 
   00646    0.6450    -727.7137  0.3142 
   00647    0.6200    -757.6022  0.3007 
   00648    0.6075    -760.3973  0.2961 
   00649    0.6450    -770.8478  0.2837 
   00650    0.6225    -774.4424  0.2858 
   00651    0.6325    -766.8570  0.2963 
   00652    0.6500    -772.4207  0.3038 
   00653    0.6950    -756.9221  0.3161 
   00654    0.6075    -748.3580  0.3098 
   00655    0.6325    -742.2697  0.3162 
   00656    0.6275    -739.5891  0.3259 
   00657    0.5975    -743.3684  0.3448 
   00658    0.6350    -763.5889  0.3447 
   00659    0.6525    -774.9353  0.3230 
   00660    0.6225    -763.0529  0.3108 
   00661    0.6475    -772.8699  0.3125 
   00662    0.6025    -753.3715  0.3052 
   00663    0.6525    -753.4879  0.2824 
   00664    0.6550    -751.8207  0.3044 
   00665    0.6000    -743.9860  0.2989 
   00666    0.6250    -746.2982  0.3000 
   00667    0.6475    -725.8118  0.3146 
   00668    0.6100    -743.1691  0.3162 
   00669    0.6100    -742.3660  0.3041 
   00670    0.5875    -730.6569  0.3101 
   00671    0.6325    -738.7880  0.2978 
   00672    0.6575    -743.6418  0.2920 
   00673    0.6325    -744.2946  0.2924 
   00674    0.6050    -749.2506  0.2934 
   00675    0.6225    -736.7702  0.2866 
   00676    0.6200    -741.2915  0.2914 
   00677    0.6275    -742.2037  0.2794 
   00678    0.6300    -729.4170  0.2701 
   00679    0.6300    -724.0053  0.2614 
   00680    0.6450    -733.3540  0.2706 
   00681    0.6275    -715.0290  0.2635 
   00682    0.6325    -729.5065  0.2630 
   00683    0.6075    -722.2399  0.2610 
   00684    0.6325    -723.1165  0.2560 
   00685    0.6875    -704.7215  0.2652 
   00686    0.6125    -697.4888  0.2727 
   00687    0.6800    -694.0615  0.2642 
   00688    0.6350    -718.0378  0.2730 
   00689    0.6225    -741.6164  0.2845 
   00690    0.6075    -750.4518  0.2835 
   00691    0.6150    -748.3167  0.2945 
   00692    0.6675    -746.2250  0.2876 
   00693    0.6500    -732.9634  0.2863 
   00694    0.6550    -728.2155  0.2798 
   00695    0.6625    -722.4663  0.2878 
   00696    0.6000    -723.8216  0.2903 
   00697    0.6300    -721.4587  0.2961 
   00698    0.6175    -720.3057  0.3005 
   00699    0.6550    -745.2847  0.3114 
   00700    0.6650    -746.8568  0.3133 
   00701    0.6625    -751.6699  0.3151 
   00702    0.6250    -762.4298  0.3383 
   00703    0.6150    -745.2648  0.3434 
   00704    0.6075    -735.4115  0.3477 
   00705    0.6300    -736.2191  0.3468 
   00706    0.6050    -737.7359  0.3387 
   00707    0.6525    -738.0169  0.3322 
   00708    0.6050    -729.9479  0.3346 
   00709    0.6125    -728.3977  0.3353 
   00710    0.6025    -744.8628  0.3416 
   00711    0.6150    -738.2332  0.3393 
   00712    0.6150    -721.4665  0.3324 
   00713    0.6425    -727.9953  0.3454 
   00714    0.6375    -703.9797  0.3401 
   00715    0.6550    -710.7251  0.3273 
   00716    0.6400    -727.6917  0.3257 
   00717    0.6275    -718.6410  0.3146 
   00718    0.6375    -706.7233  0.3185 
   00719    0.5975    -710.7346  0.3170 
   00720    0.6100    -724.1831  0.3114 
   00721    0.6375    -740.0371  0.3276 
   00722    0.6525    -723.7834  0.3199 
   00723    0.5925    -732.4768  0.3104 
   00724    0.6225    -726.3977  0.3007 
   00725    0.6525    -739.4700  0.3057 
   00726    0.6075    -735.9132  0.3194 
   00727    0.6300    -741.1288  0.3203 
   00728    0.5700    -724.9250  0.3231 
   00729    0.6125    -745.4392  0.3260 
   00730    0.6525    -739.9550  0.3330 
   00731    0.6550    -723.0065  0.3270 
   00732    0.6400    -715.4558  0.3327 
   00733    0.6150    -725.5337  0.3476 
   00734    0.6425    -726.2493  0.3448 
   00735    0.5875    -721.1592  0.3451 
   00736    0.6025    -742.0400  0.3498 
   00737    0.6150    -748.6548  0.3460 
   00738    0.6325    -746.2948  0.3448 
   00739    0.6600    -758.3213  0.3462 
   00740    0.6475    -769.6271  0.3529 
   00741    0.6550    -771.5616  0.3322 
   00742    0.6175    -741.5468  0.3329 
   00743    0.6075    -751.7794  0.3351 
   00744    0.6175    -754.9297  0.3181 
   00745    0.6450    -759.0770  0.3179 
   00746    0.6025    -762.3832  0.3054 
   00747    0.6325    -773.1750  0.2912 
   00748    0.6125    -759.5905  0.2921 
   00749    0.6350    -757.5659  0.3054 
   00750    0.5900    -765.3712  0.3013 
   00751    0.6200    -768.4183  0.2948 
   00752    0.6800    -760.1017  0.3163 
   00753    0.6325    -772.1830  0.3057 
   00754    0.5950    -770.4150  0.3362 
   00755    0.6575    -774.8234  0.3354 
   00756    0.6500    -768.8119  0.3442 
   00757    0.6575    -745.8735  0.3291 
   00758    0.5875    -742.9854  0.3300 
   00759    0.6075    -748.7286  0.3465 
   00760    0.6575    -739.1010  0.3450 
   00761    0.6525    -746.7317  0.3390 
   00762    0.5975    -739.2317  0.3288 
   00763    0.6375    -719.9433  0.3183 
   00764    0.6575    -708.9430  0.3260 
   00765    0.6525    -728.2729  0.3260 
   00766    0.6350    -729.1492  0.3137 
   00767    0.6700    -712.0651  0.3007 
   00768    0.6450    -684.9210  0.2964 
   00769    0.6850    -671.8409  0.2977 
   00770    0.6350    -669.1531  0.3023 
   00771    0.5675    -687.5069  0.3055 
   00772    0.6425    -671.1849  0.2988 
   00773    0.6075    -665.5844  0.2978 
   00774    0.5500    -676.2337  0.2822 
   00775    0.6250    -675.4942  0.2667 
   00776    0.6725    -693.0201  0.2689 
   00777    0.6700    -680.9070  0.2767 
   00778    0.6450    -694.3367  0.2868 
   00779    0.6775    -688.4064  0.2746 
   00780    0.6475    -677.7565  0.2521 
   00781    0.6250    -656.2670  0.2610 
   00782    0.6700    -662.6100  0.2554 
   00783    0.6700    -666.5779  0.2730 
   00784    0.6600    -644.2306  0.2817 
   00785    0.6875    -642.4767  0.2804 
   00786    0.6325    -627.6951  0.2808 
   00787    0.6200    -650.6838  0.2876 
   00788    0.6500    -644.4365  0.3111 
   00789    0.6550    -662.1045  0.3111 
   00790    0.6450    -664.8304  0.3040 
   00791    0.6175    -666.6034  0.3045 
   00792    0.6150    -668.5126  0.3091 
   00793    0.6850    -670.5530  0.3142 
   00794    0.6550    -688.2847  0.3149 
   00795    0.6450    -697.5482  0.3212 
   00796    0.6350    -724.2000  0.3293 
   00797    0.6275    -743.9942  0.3284 
   00798    0.6400    -748.7370  0.3350 
   00799    0.6575    -758.6680  0.3470 
   00800    0.6450    -767.2888  0.3466 
   00801    0.5900    -767.4913  0.3484 
   00802    0.6075    -767.0473  0.3565 
   00803    0.6550    -763.2458  0.3571 
   00804    0.5900    -774.1960  0.3543 
   00805    0.6450    -761.9691  0.3443 
   00806    0.6100    -776.8776  0.3465 
   00807    0.6275    -764.8262  0.3301 
   00808    0.6625    -740.5573  0.3385 
   00809    0.6575    -734.4859  0.3353 
   00810    0.6450    -728.1619  0.3276 
   00811    0.6775    -718.6409  0.3229 
   00812    0.6350    -694.8411  0.3047 
   00813    0.6025    -697.9282  0.3025 
   00814    0.6275    -706.4095  0.2895 
   00815    0.6600    -688.4593  0.2925 
   00816    0.6375    -703.0169  0.2796 
   00817    0.6875    -699.7903  0.2892 
   00818    0.6400    -701.3007  0.2745 
   00819    0.6200    -694.1728  0.2712 
   00820    0.5925    -690.0882  0.2617 
   00821    0.6300    -678.6856  0.2692 
   00822    0.6100    -650.8874  0.2612 
   00823    0.6075    -650.3132  0.2735 
   00824    0.6700    -650.7749  0.2733 
   00825    0.6375    -670.6308  0.2591 
   00826    0.6300    -655.8195  0.2591 
   00827    0.6575    -665.6625  0.2657 
   00828    0.6375    -687.7852  0.2570 
   00829    0.6825    -692.4342  0.2581 
   00830    0.6225    -672.7755  0.2624 
   00831    0.6600    -697.7197  0.2539 
   00832    0.6225    -711.4247  0.2621 
   00833    0.6400    -705.5863  0.2729 
   00834    0.6125    -712.7383  0.2729 
   00835    0.6450    -711.5260  0.2727 
   00836    0.6425    -720.1564  0.2688 
   00837    0.6575    -706.3308  0.2766 
   00838    0.6100    -694.9157  0.2662 
   00839    0.6000    -689.6635  0.2817 
   00840    0.6425    -694.9540  0.2928 
   00841    0.6500    -702.9045  0.2974 
   00842    0.6150    -690.4133  0.2717 
   00843    0.6275    -699.0725  0.2696 
   00844    0.6475    -697.9127  0.2661 
   00845    0.6300    -686.9136  0.2589 
   00846    0.6275    -694.7227  0.2621 
   00847    0.6250    -714.6343  0.2532 
   00848    0.6450    -733.4782  0.2710 
   00849    0.6475    -711.8460  0.2827 
   00850    0.6425    -720.5934  0.2792 
   00851    0.6075    -714.5728  0.2772 
   00852    0.6375    -727.4675  0.2785 
   00853    0.6600    -734.2661  0.3059 
   00854    0.6275    -733.9582  0.2966 
   00855    0.6650    -729.4517  0.3193 
   00856    0.6125    -744.7126  0.3254 
   00857    0.6575    -741.7715  0.3210 
   00858    0.6425    -734.2716  0.3390 
   00859    0.6625    -730.4057  0.3419 
   00860    0.6475    -735.1356  0.3395 
   00861    0.6875    -722.8750  0.3375 
   00862    0.6700    -722.2392  0.3536 
   00863    0.6200    -724.0078  0.3599 
   00864    0.6325    -702.3247  0.3684 
   00865    0.6050    -702.3036  0.3659 
   00866    0.6350    -720.0226  0.3813 
   00867    0.6450    -734.3281  0.3845 
   00868    0.6700    -717.6863  0.3709 
   00869    0.5925    -713.2891  0.3611 
   00870    0.6625    -703.3896  0.3482 
   00871    0.6600    -731.0862  0.3575 
   00872    0.6500    -733.3659  0.3536 
   00873    0.6300    -716.5350  0.3703 
   00874    0.5975    -711.9748  0.3549 
   00875    0.6375    -710.6457  0.3509 
   00876    0.6075    -722.3462  0.3573 
   00877    0.6350    -716.9337  0.3566 
   00878    0.6100    -700.6012  0.3572 
   00879    0.6275    -707.4489  0.3442 
   00880    0.6700    -736.6362  0.3422 
   00881    0.6500    -750.7395  0.3223 
   00882    0.6750    -754.6526  0.3007 
   00883    0.6100    -728.5724  0.3017 
   00884    0.5900    -729.2824  0.3171 
   00885    0.6200    -732.9662  0.3218 
   00886    0.5925    -749.2494  0.3137 
   00887    0.6175    -748.4154  0.3091 
   00888    0.6125    -729.2355  0.3121 
   00889    0.6250    -729.6886  0.3079 
   00890    0.6425    -738.9685  0.3071 
   00891    0.6200    -756.0769  0.3251 
   00892    0.6675    -744.9538  0.3177 
   00893    0.6300    -755.5419  0.3187 
   00894    0.6075    -758.3937  0.3160 
   00895    0.6125    -768.6353  0.3160 
   00896    0.6350    -761.4822  0.3127 
   00897    0.6500    -733.0994  0.3047 
   00898    0.6600    -714.2406  0.3098 
   00899    0.6375    -733.9710  0.3221 
   00900    0.6300    -740.0249  0.3305 
   00901    0.6550    -739.8044  0.3212 
   00902    0.6175    -756.0700  0.3097 
   00903    0.6125    -752.6922  0.2999 
   00904    0.6100    -747.2224  0.3061 
   00905    0.6050    -726.3893  0.3094 
   00906    0.6300    -717.1795  0.3198 
   00907    0.6350    -724.5098  0.3264 
   00908    0.6275    -735.7140  0.3328 
   00909    0.6300    -726.6450  0.3346 
   00910    0.6150    -696.3034  0.3336 
   00911    0.6175    -706.9316  0.3405 
   00912    0.5950    -702.9831  0.3416 
   00913    0.6000    -720.3835  0.3492 
   00914    0.6425    -691.4851  0.3503 
   00915    0.6225    -712.7096  0.3628 
   00916    0.6175    -736.6880  0.3771 
   00917    0.6650    -742.4357  0.3782 
   00918    0.6025    -747.4781  0.3769 
   00919    0.6325    -746.4913  0.3776 
   00920    0.6475    -730.8723  0.3683 
   00921    0.5975    -725.7948  0.3615 
   00922    0.6450    -706.9122  0.3410 
   00923    0.6125    -705.4098  0.3456 
   00924    0.6050    -723.0463  0.3555 
   00925    0.6125    -733.6761  0.3546 
   00926    0.6125    -705.9393  0.3660 
   00927    0.6325    -701.5621  0.3781 
   00928    0.6500    -709.9619  0.3812 
   00929    0.6200    -719.2720  0.3881 
   00930    0.5950    -706.7019  0.3893 
   00931    0.6300    -692.8547  0.3656 
   00932    0.6550    -685.6461  0.3654 
   00933    0.6425    -668.8026  0.3604 
   00934    0.5775    -659.3279  0.3557 
   00935    0.6150    -647.8711  0.3449 
   00936    0.6575    -659.4815  0.3610 
   00937    0.6375    -664.1761  0.3820 
   00938    0.6700    -653.4180  0.3727 
   00939    0.6800    -658.3207  0.3699 
   00940    0.6375    -667.1668  0.3548 
   00941    0.6600    -683.7204  0.3494 
   00942    0.6900    -687.8312  0.3500 
   00943    0.6800    -680.9418  0.3451 
   00944    0.6525    -712.7065  0.3425 
   00945    0.6950    -691.7927  0.3230 
   00946    0.6425    -681.1831  0.3122 
   00947    0.6200    -701.7973  0.3331 
   00948    0.6425    -696.8711  0.3256 
   00949    0.6175    -700.7579  0.3299 
   00950    0.6100    -710.7029  0.3299 
   00951    0.6550    -699.9572  0.3314 
   00952    0.6575    -693.0521  0.3381 
   00953    0.6400    -698.8151  0.3388 
   00954    0.6025    -693.2928  0.3329 
   00955    0.6325    -721.5574  0.3403 
   00956    0.6225    -742.5734  0.3440 
   00957    0.6175    -720.7523  0.3366 
   00958    0.6450    -726.9789  0.3418 
   00959    0.6175    -728.6347  0.3509 
   00960    0.6575    -733.1160  0.3668 
   00961    0.6025    -730.2744  0.3544 
   00962    0.6475    -718.1251  0.3635 
   00963    0.6875    -740.5558  0.3645 
   00964    0.6550    -754.3109  0.3619 
   00965    0.6075    -747.5358  0.3465 
   00966    0.6400    -738.4816  0.3433 
   00967    0.6625    -749.4676  0.3657 
   00968    0.6250    -755.1973  0.3454 
   00969    0.6625    -755.0837  0.3414 
   00970    0.6075    -741.4869  0.3432 
   00971    0.6500    -718.5255  0.3501 
   00972    0.6200    -707.6323  0.3324 
   00973    0.6325    -725.5186  0.3226 
   00974    0.6050    -713.5041  0.3315 
   00975    0.6375    -737.1493  0.3212 
   00976    0.6850    -729.3454  0.3187 
   00977    0.6475    -709.6468  0.3081 
   00978    0.6275    -702.5219  0.3138 
   00979    0.6400    -692.9190  0.3139 
   00980    0.6250    -681.4585  0.3109 
   00981    0.6450    -679.3252  0.3038 
   00982    0.6375    -676.9761  0.3058 
   00983    0.6525    -663.8612  0.3094 
   00984    0.6825    -670.4257  0.3327 
   00985    0.6625    -677.2049  0.3401 
   00986    0.6550    -681.5078  0.3382 
   00987    0.6650    -656.5349  0.3428 
   00988    0.6850    -652.6227  0.3417 
   00989    0.6225    -676.1806  0.3426 
   00990    0.6525    -675.6814  0.3473 
   00991    0.6300    -677.7703  0.3495 
   00992    0.6525    -682.6332  0.3434 
   00993    0.6525    -703.8181  0.3519 
   00994    0.6375    -716.9544  0.3437 
   00995    0.6325    -759.3093  0.3585 
   00996    0.6475    -776.9841  0.3651 
   00997    0.6325    -758.1183  0.3732 
   00998    0.6250    -763.2728  0.3789 
   00999    0.6500    -802.4231  0.3663 
   01000    0.6200    -788.7045  0.3724 
