#=====================================================
# File created:        Wed-05-Nov-2025-at-05-07-33AM
# Size of lattice:     20x20
# Number of MC steps:  1000
# Reduced temperature: 0.150
# Run time (s):        0.144046
#=====================================================
# MC step:  Ratio:     Energy:   Order:
#=====================================================
   00000    0.5000    -457.1573  0.2798 
   00001    0.6250    -582.7494  0.2869 
   00002    0.6525    -660.9042  0.3023 
   00003    0.6625    -741.8850  0.2959 
   00004    0.6425    -832.9967  0.3051 
   00005    0.6050    -895.2671  0.3097 
   00006    0.5875    -968.6837  0.3197 
   00007    0.5775   -1024.0644  0.3257 
   00008    0.5825   -1059.6573  0.3292 
   00009    0.5650   -1095.3921  0.3186 
   00010    0.5725   -1135.3296  0.3162 
   00011    0.5200   -1164.6621  0.3247 
   00012    0.5550   -1197.1454  0.3445 
   00013    0.5300   -1220.7075  0.3636 
   00014    0.5275   -1238.5797  0.3664 
   00015    0.5525   -1247.8396  0.3695 
   00016    0.5300   -1263.4702  0.3786 
   00017    0.5275   -1274.6854  0.3882 
   00018    0.4950   -1284.1450  0.4015 
   00019    0.5125   -1293.4618  0.4064 
   00020    0.5125   -1304.0945  0.4031 
   00021    0.5275   -1316.1792  0.3977 
   00022    0.5275   -1325.0507  0.4014 
   00023    0.5100   -1328.2294  0.4026 
   00024    0.5100   -1343.2313  0.4050 
   00025    0.5250   -1354.0844  0.4066 
   00026    0.4975   -1354.2411  0.4017 
   00027    0.5300   -1358.7734  0.4082 
   00028    0.4650   -1364.1175  0.4038 
   00029    0.4975   -1375.6351  0.4089 
   00030    0.5175   -1382.9547  0.4075 
   00031    0.4750   -1389.5519  0.4180 
   00032    0.4775   -1394.3374  0.4204 
   00033    0.4900   -1396.5785  0.4238 
   00034    0.4600   -1395.7967  0.4156 
   00035    0.4950   -1399.7072  0.4263 
   00036    0.4825   -1395.2032  0.4279 
   00037    0.4825   -1395.8014  0.4260 
   00038    0.4875   -1404.9783  0.4439 
   00039    0.5275   -1403.9374  0.4351 
   00040    0.5250   -1412.6811  0.4462 
   00041    0.5350   -1414.2881  0.4470 
   00042    0.5200   -1422.5611  0.4614 
   00043    0.5175   -1438.0860  0.4639 
   00044    0.5125   -1438.7330  0.4626 
   00045    0.4850   -1435.3585  0.4682 
   00046    0.4575   -1438.3849  0.4740 
   00047    0.4375   -1439.2748  0.4691 
   00048    0.4625   -1438.3093  0.4732 
   00049    0.4725   -1442.0290  0.4810 
   00050    0.4800   -1444.4257  0.4800 
   00051    0.5400   -1446.8966  0.4754 
   00052    0.5000   -1446.6373  0.4695 
   00053    0.4750   -1451.1603  0.4768 
   00054    0.4925   -1452.7471  0.4723 
   00055    0.5150   -1455.1433  0.4713 
   00056    0.4700   -1458.0680  0.4804 
   00057    0.5125   -1452.0171  0.4822 
   00058    0.4575   -1451.1456  0.4759 
   00059    0.4750   -1450.5475  0.4771 
   00060    0.5000   -1449.0656  0.4675 
   00061    0.4950   -1451.2850  0.4639 
   00062    0.5200   -1454.0711  0.4660 
   00063    0.4900   -1454.6168  0.4764 
   00064    0.4600   -1457.3065  0.4756 
   00065    0.4750   -1458.1727  0.4744 
   00066    0.5025   -1459.5664  0.4875 
   00067    0.5175   -1464.5100  0.4920 
   00068    0.4825   -1462.7891  0.5066 
   00069    0.4500   -1461.7352  0.5051 
   00070    0.4675   -1461.2549  0.5042 
   00071    0.5425   -1461.5388  0.5143 
   00072    0.5150   -1461.6630  0.5130 
   00073    0.4000   -1465.9501  0.5149 
   00074    0.4675   -1462.1953  0.5215 
   00075    0.5000   -1461.5423  0.5228 
   00076    0.4600   -1469.2051  0.5247 
   00077    0.4775   -1460.9100  0.5189 
   00078    0.5500   -1462.6313  0.5092 
   00079    0.4750   -1461.7315  0.4970 
   00080    0.4925   -1462.0143  0.4990 
   00081    0.4600   -1463.1098  0.4959 
   00082    0.5175   -1459.9135  0.4840 
   00083    0.4375   -1465.7305  0.4898 
   00084    0.4775   -1461.9492  0.4908 
   00085    0.5325   -1459.6715  0.4866 
   00086    0.4750   -1455.9320  0.4868 
   00087    0.4675   -1453.6698  0.4861 
   00088    0.5000   -1463.2743  0.4935 
   00089    0.4775   -1465.1527  0.4905 
   00090    0.5025   -1460.0114  0.4991 
   00091    0.5000   -1466.1937  0.5088 
   00092    0.5000   -1462.9761  0.5092 
   00093    0.4925   -1461.4798  0.5200 
   00094    0.5075   -1468.5037  0.5151 
   00095    0.4600   -1470.5593  0.5180 
   00096    0.4625   -1468.3870  0.5159 
   00097    0.4625   -1470.9485  0.5180 
   00098    0.4775   -1471.8418  0.5250 
   00099    0.4900   -1471.2843  0.5224 
   00100    0.4700   -1466.7888  0.5217 
   00101    0.4825   -1464.1185  0.5238 
   00102    0.4325   -1464.8468  0.5304 
   00103    0.4400   -1468.5693  0.5340 
   00104    0.4875   -1468.2649  0.5341 
   00105    0.4700   -1467.6515  0.5331 
   00106    0.4700   -1471.2331  0.5392 
   00107    0.4925   -1465.9639  0.5378 
   00108    0.4775   -1470.0339  0.5414 
   00109    0.4875   -1467.8122  0.5465 
   00110    0.4950   -1469.0510  0.5502 
   00111    0.4675   -1469.2778  0.5586 
   00112    0.4875   -1471.6680  0.5631 
   00113    0.5000   -1471.9259  0.5699 
   00114    0.4800   -1469.5612  0.5679 
   00115    0.5100   -1468.8579  0.5662 
   00116    0.5125   -1471.8783  0.5703 
   00117    0.4975   -1474.3407  0.5761 
   00118    0.4875   -1470.2776  0.5713 
   00119    0.4900   -1470.6489  0.5813 
   00120    0.5025   -1479.2933  0.5959 
   00121    0.4750   -1481.6323  0.6050 
   00122    0.4750   -1480.4638  0.6031 
   00123    0.4850   -1483.7871  0.6115 
   00124    0.4500   -1484.2147  0.6127 
   00125    0.4900   -1482.2187  0.6181 
   00126    0.5275   -1483.9740  0.6213 
   00127    0.4250   -1482.5835  0.6204 
   00128    0.4525   -1481.5885  0.6258 
   00129    0.4825   -1485.6511  0.6257 
   00130    0.5075   -1480.7950  0.6390 
   00131    0.4750   -1486.0218  0.6435 
   00132    0.4725   -1490.9329  0.6440 
   00133    0.4900   -1496.5895  0.6423 
   00134    0.4675   -1500.8297  0.6456 
   00135    0.4425   -1497.9898  0.6444 
   00136    0.4700   -1496.4770  0.6472 
   00137    0.5275   -1495.5063  0.6538 
   00138    0.5125   -1498.3887  0.6619 
   00139    0.5050   -1500.2147  0.6712 
   00140    0.4700   -1501.2011  0.6723 
   00141    0.3975   -1501.5421  0.6711 
   00142    0.4825   -1504.4460  0.6700 
   00143    0.4875   -1503.8494  0.6754 
   00144    0.4650   -1501.3021  0.6733 
   00145    0.4500   -1500.6362  0.6830 
   00146    0.4575   -1495.7770  0.6848 
   00147    0.4425   -1497.3699  0.6831 
   00148    0.4650   -1494.8176  0.6871 
   00149    0.4600   -1496.5133  0.6880 
   00150    0.4675   -1496.9027  0.6908 
   00151    0.4975   -1492.5974  0.6971 
   00152    0.4100   -1493.8994  0.7016 
   00153    0.5025   -1500.4182  0.7026 
   00154    0.4650   -1498.3445  0.7095 
   00155    0.4950   -1502.8775  0.7131 
   00156    0.4975   -1503.7011  0.7171 
   00157    0.4775   -1502.4684  0.7153 
   00158    0.4550   -1506.0430  0.7164 
   00159    0.5050   -1507.6799  0.7202 
   00160    0.4950   -1505.7231  0.7172 
   00161    0.4750   -1501.2799  0.7226 
   00162    0.4425   -1500.8589  0.7263 
   00163    0.4875   -1502.5101  0.7306 
   00164    0.4400   -1498.0858  0.7283 
   00165    0.4600   -1495.8814  0.7352 
   00166    0.4925   -1498.8565  0.7311 
   00167    0.5025   -1497.0197  0.7439 
   00168    0.4775   -1502.1368  0.7525 
   00169    0.5025   -1502.0716  0.7521 
   00170    0.4725   -1509.6825  0.7609 
   00171    0.4750   -1510.2824  0.7635 
   00172    0.4325   -1509.9608  0.7671 
   00173    0.4750   -1512.6653  0.7682 
   00174    0.4775   -1510.4673  0.7680 
   00175    0.4425   -1512.4642  0.7708 
   00176    0.4725   -1513.7905  0.7775 
   00177    0.4225   -1509.5548  0.7750 
   00178    0.4725   -1510.8078  0.7831 
   00179    0.4925   -1514.4944  0.7869 
   00180    0.5050   -1510.0074  0.7816 
   00181    0.5050   -1509.0153  0.7829 
   00182    0.4650   -1504.4657  0.7844 
   00183    0.4700   -1506.9809  0.7858 
   00184    0.5075   -1507.1488  0.7906 
   00185    0.4725   -1508.9269  0.7882 
   00186    0.4900   -1509.6435  0.7900 
   00187    0.4725   -1510.1414  0.7897 
   00188    0.5300   -1510.6859  0.7858 
   00189    0.4800   -1508.4647  0.7832 
   00190    0.4675   -1506.0687  0.7845 
   00191    0.4275   -1500.0003  0.7829 
   00192    0.5150   -1507.1272  0.7852 
   00193    0.4750   -1510.4633  0.7893 
   00194    0.4925   -1511.7385  0.7875 
   00195    0.4375   -1509.8086  0.7850 
   00196    0.4550   -1508.2257  0.7846 
   00197    0.4675   -1508.7243  0.7882 
   00198    0.4725   -1511.6102  0.7900 
   00199    0.4850   -1510.0147  0.7877 
   00200    0.4700   -1513.9500  0.7909 
   00201    0.4475   -1513.4451  0.7844 
   00202    0.5175   -1513.0916  0.7794 
   00203    0.4825   -1514.4445  0.7778 
   00204    0.5275   -1512.3169  0.7859 
   00205    0.5050   -1512.8336  0.7844 
   00206    0.4725   -1510.4374  0.7822 
   00207    0.4375   -1513.2509  0.7780 
   00208    0.4900   -1514.5264  0.7815 
   00209    0.5250   -1508.9054  0.7833 
   00210    0.4450   -1513.7708  0.7820 
   00211    0.4325   -1511.6699  0.7800 
   00212    0.4625   -1515.7458  0.7839 
   00213    0.4600   -1518.2099  0.7851 
   00214    0.4825   -1520.1883  0.7839 
   00215    0.4275   -1520.2212  0.7851 
   00216    0.4800   -1517.3306  0.7854 
   00217    0.4825   -1513.4673  0.7844 
   00218    0.4825   -1508.9836  0.7881 
   00219    0.5100   -1506.9477  0.7875 
   00220    0.4825   -1506.9072  0.7932 
   00221    0.5100   -1512.4494  0.7963 
   00222    0.4600   -1515.7643  0.8014 
   00223    0.5050   -1515.9926  0.8067 
   00224    0.4875   -1511.7587  0.7977 
   00225    0.4550   -1512.4433  0.8051 
   00226    0.4550   -1506.2020  0.8009 
   00227    0.4750   -1506.7643  0.8112 
   00228    0.4325   -1513.2669  0.8124 
   00229    0.5025   -1514.8810  0.8161 
   00230    0.4550   -1519.9023  0.8200 
   00231    0.4825   -1514.6654  0.8220 
   00232    0.4800   -1514.5612  0.8207 
   00233    0.4850   -1516.4569  0.8244 
   00234    0.5125   -1518.0577  0.8249 
   00235    0.4725   -1524.2280  0.8259 
   00236    0.4775   -1516.8583  0.8238 
   00237    0.4550   -1511.3116  0.8241 
   00238    0.4500   -1514.1127  0.8245 
   00239    0.5000   -1509.9354  0.8292 
   00240    0.4875   -1510.3628  0.8323 
   00241    0.4425   -1511.0021  0.8332 
   00242    0.4875   -1510.6905  0.8396 
   00243    0.4675   -1509.3628  0.8365 
   00244    0.4825   -1505.8138  0.8396 
   00245    0.4350   -1515.4415  0.8444 
   00246    0.4850   -1513.7314  0.8401 
   00247    0.4750   -1511.2061  0.8400 
   00248    0.4550   -1507.6402  0.8390 
   00249    0.4975   -1509.2960  0.8419 
   00250    0.5150   -1508.9647  0.8413 
   00251    0.4800   -1508.9698  0.8413 
   00252    0.5000   -1510.3650  0.8421 
   00253    0.4950   -1512.0369  0.8491 
   00254    0.4700   -1509.0078  0.8463 
   00255    0.5175   -1512.4958  0.8498 
   00256    0.4875   -1511.2322  0.8503 
   00257    0.4550   -1509.2522  0.8573 
   00258    0.4600   -1508.8465  0.8568 
   00259    0.4400   -1514.7560  0.8614 
   00260    0.4850   -1516.1189  0.8620 
   00261    0.5050   -1522.1674  0.8702 
   00262    0.4875   -1521.0133  0.8609 
   00263    0.4950   -1521.3792  0.8643 
   00264    0.4500   -1522.1575  0.8666 
   00265    0.4775   -1523.7619  0.8703 
   00266    0.4725   -1525.3837  0.8733 
   00267    0.5075   -1526.6969  0.8767 
   00268    0.5100   -1531.4087  0.8826 
   00269    0.4475   -1529.7859  0.8832 
   00270    0.4850   -1526.7187  0.8867 
   00271    0.5050   -1526.9673  0.8895 
   00272    0.4925   -1528.0360  0.8921 
   00273    0.5100   -1532.4632  0.8949 
   00274    0.5075   -1531.7157  0.8953 
   00275    0.4925   -1532.6093  0.8976 
   00276    0.5075   -1526.5519  0.8998 
   00277    0.4550   -1527.9277  0.8997 
   00278    0.4500   -1536.7973  0.9088 
   00279    0.4875   -1532.9308  0.9100 
   00280    0.4575   -1530.4139  0.9088 
   00281    0.4350   -1532.6351  0.9091 
   00282    0.4775   -1530.5757  0.9108 
   00283    0.4875   -1526.4449  0.9085 
   00284    0.4600   -1534.1988  0.9118 
   00285    0.4825   -1534.6760  0.9114 
   00286    0.4450   -1533.8679  0.9144 
   00287    0.4525   -1533.6968  0.9153 
   00288    0.4775   -1534.5416  0.9183 
   00289    0.4925   -1530.6366  0.9189 
   00290    0.4750   -1524.8430  0.9202 
   00291    0.5125   -1528.7438  0.9212 
   00292    0.4550   -1532.5906  0.9201 
   00293    0.4775   -1536.7614  0.9240 
   00294    0.4900   -1533.9879  0.9200 
   00295    0.4675   -1536.6208  0.9218 
   00296    0.4575   -1535.7413  0.9220 
   00297    0.4725   -1535.4209  0.9178 
   00298    0.4700   -1537.8870  0.9163 
   00299    0.4400   -1535.3654  0.9183 
   00300    0.4550   -1530.5888  0.9219 
   00301    0.4475   -1536.3763  0.9257 
   00302    0.4450   -1542.7177  0.9284 
   00303    0.4825   -1540.8189  0.9273 
   00304    0.4625   -1542.2949  0.9255 
   00305    0.4850   -1539.6401  0.9227 
   00306    0.4600   -1541.1882  0.9254 
   00307    0.4975   -1538.6998  0.9280 
   00308    0.4700   -1538.8190  0.9258 
   00309    0.4325   -1540.5402  0.9256 
   00310    0.4925   -1545.9169  0.9297 
   00311    0.4500   -1538.0883  0.9300 
   00312    0.4625   -1540.7697  0.9301 
   00313    0.4650   -1536.2269  0.9301 
   00314    0.4450   -1534.1662  0.9310 
   00315    0.4775   -1538.2722  0.9381 
   00316    0.4575   -1535.8802  0.9330 
   00317    0.4500   -1535.4802  0.9370 
   00318    0.4525   -1529.0725  0.9362 
   00319    0.4375   -1532.1272  0.9351 
   00320    0.4400   -1532.5804  0.9376 
   00321    0.4225   -1531.6811  0.9352 
   00322    0.4625   -1532.5780  0.9360 
   00323    0.4725   -1531.1844  0.9369 
   00324    0.4875   -1531.1156  0.9347 
   00325    0.4850   -1535.4655  0.9389 
   00326    0.4400   -1532.1839  0.9392 
   00327    0.4625   -1534.6445  0.9423 
   00328    0.5500   -1539.9352  0.9452 
   00329    0.4575   -1540.0547  0.9458 
   00330    0.4300   -1541.2336  0.9489 
   00331    0.4850   -1539.1040  0.9535 
   00332    0.4575   -1535.4826  0.9546 
   00333    0.4600   -1541.3010  0.9552 
   00334    0.4375   -1535.5498  0.9546 
   00335    0.4975   -1535.2255  0.9556 
   00336    0.4950   -1537.7419  0.9549 
   00337    0.4525   -1538.1826  0.9553 
   00338    0.4575   -1532.2419  0.9531 
   00339    0.4675   -1533.1248  0.9556 
   00340    0.4550   -1537.8311  0.9575 
   00341    0.4725   -1537.6285  0.9574 
   00342    0.4625   -1540.2834  0.9586 
   00343    0.4625   -1541.2912  0.9619 
   00344    0.4350   -1546.7677  0.9622 
   00345    0.4925   -1546.3222  0.9657 
   00346    0.4800   -1546.0273  0.9670 
   00347    0.4725   -1544.6178  0.9660 
   00348    0.4875   -1539.7536  0.9657 
   00349    0.4050   -1540.7410  0.9635 
   00350    0.4800   -1535.4743  0.9599 
   00351    0.4625   -1538.3106  0.9580 
   00352    0.4775   -1538.4842  0.9567 
   00353    0.4875   -1538.9089  0.9562 
   00354    0.4675   -1535.8787  0.9577 
   00355    0.4800   -1533.1175  0.9561 
   00356    0.5050   -1533.6649  0.9542 
   00357    0.4750   -1539.3345  0.9578 
   00358    0.4325   -1543.1080  0.9583 
   00359    0.4550   -1539.0706  0.9564 
   00360    0.4950   -1539.9916  0.9589 
   00361    0.4550   -1539.6370  0.9584 
   00362    0.4550   -1544.4950  0.9609 
   00363    0.4700   -1539.5869  0.9589 
   00364    0.4950   -1536.9819  0.9603 
   00365    0.4750   -1542.5844  0.9628 
   00366    0.4850   -1541.6146  0.9596 
   00367    0.5000   -1540.4018  0.9611 
   00368    0.4850   -1541.1636  0.9597 
   00369    0.4875   -1540.3443  0.9592 
   00370    0.4600   -1541.4114  0.9600 
   00371    0.4750   -1537.3590  0.9572 
   00372    0.4450   -1536.3123  0.9554 
   00373    0.5350   -1537.0084  0.9533 
   00374    0.4750   -1533.9300  0.9507 
   00375    0.4700   -1537.0780  0.9515 
   00376    0.4800   -1533.9279  0.9533 
   00377    0.5000   -1539.3121  0.9533 
   00378    0.5150   -1538.7721  0.9551 
   00379    0.4975   -1537.0408  0.9549 
   00380    0.4675   -1539.8661  0.9548 
   00381    0.4550   -1539.2851  0.9519 
   00382    0.4675   -1545.1906  0.9493 
   00383    0.4200   -1543.8113  0.9485 
   00384    0.5050   -1544.1633  0.9504 
   00385    0.4775   -1541.1722  0.9498 
   00386    0.4650   -1544.4970  0.9501 
   00387    0.4475   -1536.9760  0.9504 
   00388    0.4625   -1533.6752  0.9497 
   00389    0.4325   -1534.1975  0.9467 
   00390    0.4750   -1530.5270  0.9445 
   00391    0.5100   -1527.7780  0.9429 
   00392    0.4400   -1530.8618  0.9472 
   00393    0.4925   -1524.8217  0.9474 
   00394    0.4675   -1526.1281  0.9458 
   00395    0.4925   -1528.7480  0.9469 
   00396    0.4750   -1529.7095  0.9460 
   00397    0.4825   -1535.7842  0.9502 
   00398    0.4150   -1543.7272  0.9514 
   00399    0.4575   -1544.6798  0.9562 
   00400    0.4750   -1542.2928  0.9580 
   00401    0.4775   -1541.1711  0.9554 
   00402    0.4925   -1539.8132  0.9532 
   00403    0.4525   -1540.5722  0.9587 
   00404    0.4600   -1539.7860  0.9597 
   00405    0.4525   -1543.3904  0.9645 
   00406    0.4625   -1545.9235  0.9651 
   00407    0.4500   -1545.4486  0.9650 
   00408    0.4625   -1545.1290  0.9629 
   00409    0.4675   -1541.0219  0.9617 
   00410    0.4675   -1545.7691  0.9627 
   00411    0.4925   -1543.3122  0.9613 
   00412    0.5325   -1540.0172  0.9576 
   00413    0.4750   -1537.5988  0.9568 
   00414    0.4925   -1541.1081  0.9550 
   00415    0.4875   -1543.8655  0.9553 
   00416    0.4350   -1541.9381  0.9553 
   00417    0.5125   -1543.6227  0.9573 
   00418    0.4400   -1540.2318  0.9564 
   00419    0.4100   -1535.3450  0.9547 
   00420    0.4100   -1533.1051  0.9547 
   00421    0.5175   -1531.5789  0.9558 
   00422    0.4775   -1529.3282  0.9572 
   00423    0.4525   -1531.9339  0.9577 
   00424    0.4975   -1534.2157  0.9566 
   00425    0.4625   -1534.6682  0.9550 
   00426    0.4825   -1532.1394  0.9530 
   00427    0.4300   -1535.4996  0.9545 
   00428    0.4225   -1536.2494  0.9549 
   00429    0.4200   -1535.2288  0.9519 
   00430    0.4625   -1537.2390  0.9524 
   00431    0.4600   -1537.5591  0.9549 
   00432    0.4925   -1534.6991  0.9528 
   00433    0.4750   -1536.1976  0.9541 
   00434    0.4875   -1533.3201  0.9503 
   00435    0.4700   -1534.6337  0.9517 
   00436    0.4675   -1533.3963  0.9533 
   00437    0.5050   -1534.6887  0.9497 
   00438    0.4800   -1538.4394  0.9519 
   00439    0.4225   -1534.6343  0.9523 
   00440    0.4600   -1534.4538  0.9532 
   00441    0.4975   -1536.3323  0.9562 
   00442    0.4875   -1533.6467  0.9555 
   00443    0.4525   -1537.2770  0.9551 
   00444    0.4600   -1531.9456  0.9531 
   00445    0.4825   -1534.6676  0.9558 
   00446    0.4950   -1538.4569  0.9598 
   00447    0.4450   -1533.2168  0.9579 
   00448    0.4650   -1542.3605  0.9591 
   00449    0.5000   -1540.6325  0.9565 
   00450    0.4325   -1543.6370  0.9568 
   00451    0.4575   -1540.6425  0.9531 
   00452    0.5000   -1535.1535  0.9521 
   00453    0.4575   -1541.6245  0.9531 
   00454    0.4400   -1539.3412  0.9513 
   00455    0.4525   -1536.6429  0.9519 
   00456    0.4500   -1530.0953  0.9545 
   00457    0.4825   -1539.3648  0.9564 
   00458    0.4775   -1536.7566  0.9585 
   00459    0.4575   -1533.9336  0.9575 
   00460    0.4725   -1538.8669  0.9617 
   00461    0.4925   -1540.4740  0.9635 
   00462    0.4450   -1541.0382  0.9662 
   00463    0.4925   -1541.1624  0.9656 
   00464    0.4725   -1537.6996  0.9663 
   00465    0.5350   -1536.2294  0.9655 
   00466    0.4875   -1537.0596  0.9668 
   00467    0.4275   -1539.7338  0.9669 
   00468    0.4825   -1545.3434  0.9713 
   00469    0.4425   -1543.9041  0.9701 
   00470    0.5025   -1541.2956  0.9704 
   00471    0.4525   -1539.7824  0.9687 
   00472    0.4950   -1535.4877  0.9681 
   00473    0.4600   -1536.0366  0.9674 
   00474    0.4900   -1537.6232  0.9686 
   00475    0.4875   -1540.0664  0.9685 
   00476    0.4950   -1546.2906  0.9693 
   00477    0.4900   -1541.1601  0.9658 
   00478    0.4625   -1537.5473  0.9644 
   00479    0.4375   -1534.9845  0.9628 
   00480    0.5150   -1533.5540  0.9651 
   00481    0.4475   -1536.7931  0.9626 
   00482    0.4600   -1538.5663  0.9631 
   00483    0.4400   -1538.3730  0.9627 
   00484    0.4450   -1538.7988  0.9634 
   00485    0.4725   -1535.8058  0.9619 
   00486    0.4500   -1537.3348  0.9643 
   00487    0.4525   -1541.1668  0.9656 
   00488    0.4475   -1542.3863  0.9651 
   00489    0.4925   -1545.2183  0.9669 
   00490    0.4500   -1540.7228  0.9646 
   00491    0.4850   -1539.9111  0.9638 
   00492    0.4325   -1540.2269  0.9653 
   00493    0.4975   -1536.3193  0.9652 
   00494    0.4475   -1533.7449  0.9647 
   00495    0.4650   -1533.8431  0.9633 
   00496    0.4650   -1538.2506  0.9628 
   00497    0.4850   -1539.4653  0.9627 
   00498    0.4550   -1540.2624  0.9665 
   00499    0.4725   -1540.8743  0.9643 
   00500    0.4925   -1535.0704  0.9592 
   00501    0.4550   -1537.9867  0.9618 
   00502    0.4800   -1537.6666  0.9632 
   00503    0.4625   -1539.6459  0.9631 
   00504    0.4425   -1540.4346  0.9625 
   00505    0.4725   -1539.9175  0.9629 
   00506    0.4450   -1540.9316  0.9628 
   00507    0.4975   -1536.9698  0.9596 
   00508    0.4850   -1536.3303  0.9586 
   00509    0.4800   -1532.0966  0.9576 
   00510    0.4275   -1531.3531  0.9579 
   00511    0.4425   -1527.9611  0.9578 
   00512    0.4925   -1525.9429  0.9561 
   00513    0.4650   -1523.7436  0.9542 
   00514    0.4825   -1526.9392  0.9569 
   00515    0.4625   -1528.9795  0.9572 
   00516    0.5100   -1526.0029  0.9563 
   00517    0.5050   -1530.4557  0.9587 
   00518    0.4825   -1532.3273  0.9575 
   00519    0.5025   -1527.1851  0.9558 
   00520    0.4925   -1527.3002  0.9548 
   00521    0.4575   -1529.3036  0.9562 
   00522    0.4700   -1533.3520  0.9570 
   00523    0.4875   -1538.9593  0.9611 
   00524    0.4900   -1536.2615  0.9568 
   00525    0.4925   -1531.5098  0.9545 
   00526    0.4875   -1533.3283  0.9576 
   00527    0.4750   -1534.9163  0.9597 
   00528    0.4450   -1533.7838  0.9561 
   00529    0.5275   -1533.8838  0.9555 
   00530    0.5150   -1534.1996  0.9547 
   00531    0.4475   -1535.5820  0.9553 
   00532    0.4875   -1536.2950  0.9577 
   00533    0.4575   -1534.5944  0.9595 
   00534    0.4725   -1535.5037  0.9606 
   00535    0.4825   -1540.4014  0.9618 
   00536    0.4975   -1532.7853  0.9571 
   00537    0.4275   -1538.3565  0.9600 
   00538    0.4725   -1541.6161  0.9606 
   00539    0.4625   -1536.7448  0.9612 
   00540    0.4775   -1536.2740  0.9614 
   00541    0.4650   -1540.2001  0.9632 
   00542    0.4875   -1539.2717  0.9649 
   00543    0.4800   -1533.0004  0.9658 
   00544    0.4775   -1531.7551  0.9642 
   00545    0.4550   -1532.8390  0.9652 
   00546    0.4950   -1536.9056  0.9675 
   00547    0.4675   -1530.3193  0.9644 
   00548    0.4750   -1534.1129  0.9641 
   00549    0.4550   -1535.2479  0.9621 
   00550    0.4625   -1532.8642  0.9591 
   00551    0.4975   -1541.8232  0.9608 
   00552    0.4525   -1543.7131  0.9613 
   00553    0.4625   -1542.2180  0.9607 
   00554    0.4675   -1543.1861  0.9616 
   00555    0.4375   -1540.7816  0.9591 
   00556    0.4925   -1543.0606  0.9607 
   00557    0.4500   -1542.0181  0.9612 
   00558    0.4750   -1539.5241  0.9637 
   00559    0.4575   -1536.7610  0.9583 
   00560    0.4875   -1541.7869  0.9572 
   00561    0.4725   -1538.6300  0.9601 
   00562    0.4925   -1536.9497  0.9589 
   00563    0.4975   -1536.8321  0.9575 
   00564    0.4800   -1538.0024  0.9577 
   00565    0.4350   -1538.3307  0.9607 
   00566    0.4725   -1543.3457  0.9588 
   00567    0.4925   -1540.8933  0.9599 
   00568    0.5200   -1541.0671  0.9590 
   00569    0.4525   -1537.7323  0.9568 
   00570    0.4725   -1535.7353  0.9582 
   00571    0.4850   -1531.8295  0.9552 
   00572    0.4550   -1532.3808  0.9538 
   00573    0.4650   -1533.0832  0.9540 
   00574    0.4825   -1535.0793  0.9550 
   00575    0.4600   -1539.5560  0.9585 
   00576    0.4625   -1538.6922  0.9590 
   00577    0.4425   -1540.3379  0.9582 
   00578    0.4575   -1539.2720  0.9574 
   00579    0.4875   -1533.7651  0.9585 
   00580    0.4725   -1539.8268  0.9610 
   00581    0.4550   -1544.4117  0.9623 
   00582    0.4475   -1541.5520  0.9633 
   00583    0.5025   -1537.1634  0.9623 
   00584    0.4750   -1539.1490  0.9615 
   00585    0.4400   -1537.0728  0.9603 
   00586    0.5075   -1539.1840  0.9591 
   00587    0.4625   -1540.8923  0.9600 
   00588    0.4725   -1535.8419  0.9622 
   00589    0.4875   -1541.2766  0.9653 
   00590    0.4475   -1540.6313  0.9619 
   00591    0.4950   -1543.0127  0.9636 
   00592    0.4725   -1540.8971  0.9631 
   00593    0.5075   -1544.6531  0.9637 
   00594    0.4525   -1544.1910  0.9656 
   00595    0.4425   -1541.0307  0.9644 
   00596    0.4975   -1546.9129  0.9660 
   00597    0.4825   -1545.4505  0.9628 
   00598    0.4600   -1544.1113  0.9626 
   00599    0.4125   -1547.8026  0.9635 
   00600    0.4700   -1543.9632  0.9615 
   00601    0.4725   -1545.3650  0.9595 
   00602    0.4850   -1538.8043  0.9553 
   00603    0.4425   -1535.5355  0.9562 
   00604    0.4700   -1538.7648  0.9545 
   00605    0.4775   -1539.3610  0.9537 
   00606    0.4525   -1539.2919  0.9524 
   00607    0.4575   -1539.2185  0.9545 
   00608    0.5175   -1536.8787  0.9520 
   00609    0.4675   -1534.6027  0.9504 
   00610    0.5425   -1537.4217  0.9475 
   00611    0.4850   -1538.9560  0.9507 
   00612    0.5300   -1541.0305  0.9518 
   00613    0.4750   -1541.0623  0.9527 
   00614    0.4675   -1539.4160  0.9527 
   00615    0.4650   -1538.2762  0.9477 
   00616    0.4775   -1534.9683  0.9432 
   00617    0.4750   -1545.3977  0.9457 
   00618    0.4525   -1542.6382  0.9483 
   00619    0.4275   -1541.5604  0.9481 
   00620    0.4950   -1543.4788  0.9466 
   00621    0.4900   -1546.3585  0.9450 
   00622    0.4700   -1542.7553  0.9468 
   00623    0.4675   -1539.8899  0.9481 
   00624    0.4725   -1535.0540  0.9467 
   00625    0.4275   -1536.9560  0.9466 
   00626    0.4800   -1535.4890  0.9453 
   00627    0.4725   -1539.2373  0.9475 
   00628    0.4650   -1537.6103  0.9439 
   00629    0.4950   -1537.5605  0.9446 
   00630    0.4675   -1536.0282  0.9435 
   00631    0.4350   -1536.0900  0.9430 
   00632    0.4775   -1533.3330  0.9433 
   00633    0.4675   -1537.4925  0.9433 
   00634    0.4800   -1538.0992  0.9463 
   00635    0.4525   -1541.1385  0.9462 
   00636    0.4425   -1539.2776  0.9425 
   00637    0.4825   -1537.3112  0.9457 
   00638    0.4675   -1534.2140  0.9439 
   00639    0.4625   -1531.7160  0.9437 
   00640    0.4800   -1530.0743  0.9425 
   00641    0.4450   -1533.4404  0.9453 
   00642    0.4675   -1535.6207  0.9469 
   00643    0.4600   -1535.5851  0.9488 
   00644    0.4825   -1533.9906  0.9477 
   00645    0.4675   -1531.7652  0.9490 
   00646    0.4825   -1536.7274  0.9526 
   00647    0.4475   -1537.6268  0.9512 
   00648    0.4500   -1535.9184  0.9524 
   00649    0.4900   -1534.9744  0.9522 
   00650    0.4225   -1534.2338  0.9478 
   00651    0.4700   -1533.7025  0.9469 
   00652    0.4950   -1536.6577  0.9447 
   00653    0.4875   -1538.3145  0.9467 
   00654    0.4875   -1533.2922  0.9457 
   00655    0.4725   -1532.0260  0.9435 
   00656    0.4450   -1533.5501  0.9462 
   00657    0.4925   -1530.8992  0.9471 
   00658    0.4800   -1535.5252  0.9490 
   00659    0.4625   -1531.5614  0.9489 
   00660    0.4650   -1539.0659  0.9530 
   00661    0.4800   -1539.8792  0.9570 
   00662    0.4825   -1542.7354  0.9590 
   00663    0.4525   -1538.4217  0.9563 
   00664    0.4700   -1539.2531  0.9516 
   00665    0.4800   -1533.7154  0.9496 
   00666    0.4850   -1531.6674  0.9463 
   00667    0.4875   -1538.7343  0.9469 
   00668    0.4600   -1538.9652  0.9448 
   00669    0.4350   -1538.3820  0.9450 
   00670    0.4975   -1540.6152  0.9467 
   00671    0.4625   -1542.8573  0.9472 
   00672    0.4875   -1541.5139  0.9470 
   00673    0.4650   -1542.8991  0.9478 
   00674    0.5000   -1540.7633  0.9482 
   00675    0.4375   -1535.9185  0.9486 
   00676    0.4725   -1537.0806  0.9484 
   00677    0.4975   -1535.8714  0.9468 
   00678    0.4600   -1537.7511  0.9450 
   00679    0.4775   -1536.9074  0.9461 
   00680    0.4875   -1538.0827  0.9442 
   00681    0.4925   -1539.7876  0.9491 
   00682    0.5025   -1537.5394  0.9469 
   00683    0.4800   -1537.6792  0.9480 
   00684    0.5050   -1540.2110  0.9502 
   00685    0.4875   -1543.3661  0.9498 
   00686    0.4750   -1539.7562  0.9470 
   00687    0.4175   -1534.9331  0.9467 
   00688    0.4675   -1538.4164  0.9504 
   00689    0.4800   -1541.9064  0.9504 
   00690    0.4750   -1534.0900  0.9464 
   00691    0.4750   -1541.2961  0.9469 
   00692    0.4775   -1539.9156  0.9477 
   00693    0.4550   -1542.9999  0.9470 
   00694    0.5225   -1538.4803  0.9435 
   00695    0.4475   -1539.6601  0.9429 
   00696    0.4625   -1540.8964  0.9454 
   00697    0.4650   -1537.5136  0.9447 
   00698    0.4625   -1535.0380  0.9464 
   00699    0.4725   -1534.8371  0.9452 
   00700    0.4650   -1533.2979  0.9456 
   00701    0.4700   -1531.2744  0.9470 
   00702    0.5075   -1533.2778  0.9480 
   00703    0.4475   -1535.7607  0.9494 
   00704    0.4775   -1526.1932  0.9472 
   00705    0.5000   -1534.8914  0.9538 
   00706    0.4725   -1537.7808  0.9536 
   00707    0.4175   -1537.9729  0.9531 
   00708    0.4750   -1533.4320  0.9543 
   00709    0.4800   -1534.5697  0.9573 
   00710    0.4700   -1540.6565  0.9608 
   00711    0.4625   -1541.1332  0.9600 
   00712    0.4800   -1540.7936  0.9595 
   00713    0.4575   -1540.5866  0.9578 
   00714    0.4325   -1540.3510  0.9557 
   00715    0.4750   -1533.8597  0.9523 
   00716    0.4850   -1533.2793  0.9555 
   00717    0.4675   -1533.9604  0.9575 
   00718    0.4975   -1531.9571  0.9580 
   00719    0.4675   -1532.9963  0.9582 
   00720    0.5000   -1532.4184  0.9556 
   00721    0.4575   -1533.7036  0.9559 
   00722    0.4875   -1537.6865  0.9628 
   00723    0.4800   -1536.8253  0.9609 
   00724    0.5100   -1535.9826  0.9590 
   00725    0.4750   -1539.8208  0.9600 
   00726    0.4175   -1539.0522  0.9584 
   00727    0.4550   -1541.5884  0.9613 
   00728    0.4500   -1544.6211  0.9607 
   00729    0.4225   -1542.2394  0.9599 
   00730    0.4775   -1538.5996  0.9573 
   00731    0.4825   -1540.2518  0.9575 
   00732    0.5000   -1540.1862  0.9583 
   00733    0.4700   -1541.3408  0.9573 
   00734    0.4725   -1536.0847  0.9525 
   00735    0.4800   -1542.1447  0.9544 
   00736    0.4500   -1538.5601  0.9511 
   00737    0.4825   -1535.9426  0.9492 
   00738    0.4375   -1535.6187  0.9465 
   00739    0.4825   -1533.5477  0.9460 
   00740    0.4500   -1535.4902  0.9484 
   00741    0.4850   -1541.2372  0.9521 
   00742    0.4925   -1540.0781  0.9518 
   00743    0.4500   -1538.0377  0.9553 
   00744    0.5000   -1539.2745  0.9536 
   00745    0.5325   -1537.1511  0.9540 
   00746    0.4375   -1538.8465  0.9562 
   00747    0.4500   -1536.5211  0.9586 
   00748    0.4800   -1538.3265  0.9578 
   00749    0.4675   -1539.0448  0.9605 
   00750    0.4800   -1537.4803  0.9567 
   00751    0.4600   -1537.6435  0.9577 
   00752    0.4825   -1536.2421  0.9590 
   00753    0.4725   -1542.1728  0.9621 
   00754    0.4800   -1543.2430  0.9625 
   00755    0.5175   -1541.7005  0.9640 
   00756    0.5000   -1540.6270  0.9626 
   00757    0.4800   -1535.0445  0.9610 
   00758    0.5050   -1533.2193  0.9597 
   00759    0.4800   -1539.2667  0.9606 
   00760    0.5000   -1541.4259  0.9599 
   00761    0.4350   -1539.8752  0.9589 
   00762    0.4700   -1541.7441  0.9584 
   00763    0.4725   -1542.0091  0.9596 
   00764    0.4750   -1542.9544  0.9569 
   00765    0.4900   -1546.7396  0.9607 
   00766    0.4475   -1543.4186  0.9613 
   00767    0.4475   -1549.9741  0.9654 
   00768    0.4600   -1551.8405  0.9648 
   00769    0.4750   -1543.8714  0.9604 
   00770    0.4600   -1536.3971  0.9600 
   00771    0.4675   -1538.7298  0.9600 
   00772    0.4800   -1540.6852  0.9579 
   00773    0.5050   -1538.1480  0.9571 
   00774    0.5225   -1540.7452  0.9585 
   00775    0.4950   -1546.9884  0.9647 
   00776    0.4650   -1547.6760  0.9651 
   00777    0.4875   -1546.7481  0.9663 
   00778    0.4875   -1549.8268  0.9638 
   00779    0.4400   -1545.6046  0.9658 
   00780    0.4875   -1547.7688  0.9685 
   00781    0.4375   -1544.4827  0.9673 
   00782    0.4675   -1549.0530  0.9679 
   00783    0.4775   -1548.6166  0.9658 
   00784    0.4825   -1544.0013  0.9634 
   00785    0.4675   -1542.7762  0.9617 
   00786    0.4675   -1545.2772  0.9649 
   00787    0.4575   -1542.1815  0.9645 
   00788    0.4625   -1546.0058  0.9651 
   00789    0.4550   -1542.7431  0.9647 
   00790    0.4525   -1544.9084  0.9656 
   00791    0.4325   -1539.5445  0.9649 
   00792    0.4875   -1537.5151  0.9639 
   00793    0.4775   -1537.6189  0.9630 
   00794    0.4875   -1543.8130  0.9625 
   00795    0.5025   -1539.6744  0.9621 
   00796    0.4575   -1538.8540  0.9621 
   00797    0.4325   -1542.5304  0.9643 
   00798    0.4950   -1539.0138  0.9656 
   00799    0.4800   -1543.5977  0.9660 
   00800    0.5000   -1548.5369  0.9692 
   00801    0.4825   -1544.0801  0.9693 
   00802    0.4700   -1546.1815  0.9695 
   00803    0.4700   -1538.7829  0.9656 
   00804    0.4450   -1541.7879  0.9652 
   00805    0.4550   -1539.3910  0.9649 
   00806    0.4925   -1540.3398  0.9676 
   00807    0.4850   -1544.0951  0.9683 
   00808    0.4650   -1547.2527  0.9699 
   00809    0.4450   -1546.2000  0.9697 
   00810    0.4975   -1545.4604  0.9681 
   00811    0.5000   -1543.0924  0.9690 
   00812    0.4800   -1541.2099  0.9685 
   00813    0.4675   -1538.0881  0.9675 
   00814    0.4675   -1537.5903  0.9651 
   00815    0.5075   -1535.9983  0.9648 
   00816    0.4475   -1537.7271  0.9645 
   00817    0.5025   -1536.0755  0.9629 
   00818    0.4350   -1535.0450  0.9632 
   00819    0.4800   -1537.1996  0.9627 
   00820    0.4350   -1539.1096  0.9614 
   00821    0.4425   -1539.9108  0.9614 
   00822    0.4450   -1536.9640  0.9611 
   00823    0.5050   -1538.0935  0.9603 
   00824    0.4600   -1533.0043  0.9594 
   00825    0.4475   -1531.4762  0.9602 
   00826    0.4425   -1526.5202  0.9590 
   00827    0.4375   -1530.6888  0.9570 
   00828    0.4600   -1533.0131  0.9572 
   00829    0.4675   -1531.2440  0.9565 
   00830    0.4600   -1529.8589  0.9545 
   00831    0.4550   -1531.5093  0.9561 
   00832    0.4100   -1536.0360  0.9570 
   00833    0.5100   -1535.7550  0.9582 
   00834    0.4725   -1534.3741  0.9590 
   00835    0.4625   -1540.3787  0.9594 
   00836    0.4675   -1540.0270  0.9592 
   00837    0.4225   -1541.1207  0.9613 
   00838    0.4800   -1536.9744  0.9612 
   00839    0.4675   -1533.7483  0.9595 
   00840    0.4300   -1539.7573  0.9616 
   00841    0.4150   -1542.7523  0.9618 
   00842    0.4225   -1540.1352  0.9621 
   00843    0.4275   -1536.2966  0.9612 
   00844    0.5100   -1544.8587  0.9651 
   00845    0.4350   -1545.4199  0.9629 
   00846    0.4650   -1537.2996  0.9616 
   00847    0.5025   -1537.5657  0.9601 
   00848    0.4975   -1540.7965  0.9588 
   00849    0.4375   -1541.0525  0.9608 
   00850    0.4950   -1542.1946  0.9623 
   00851    0.4725   -1538.8185  0.9624 
   00852    0.5075   -1543.3854  0.9637 
   00853    0.4650   -1541.2516  0.9616 
   00854    0.4625   -1542.4210  0.9652 
   00855    0.4300   -1543.5873  0.9685 
   00856    0.4650   -1542.1162  0.9678 
   00857    0.5350   -1538.2548  0.9654 
   00858    0.4875   -1539.4905  0.9654 
   00859    0.4350   -1546.7285  0.9677 
   00860    0.4750   -1544.2150  0.9688 
   00861    0.4625   -1545.2735  0.9683 
   00862    0.4675   -1539.4316  0.9653 
   00863    0.4850   -1540.4392  0.9674 
   00864    0.4725   -1541.4571  0.9692 
   00865    0.4175   -1539.5916  0.9683 
   00866    0.4450   -1542.6149  0.9673 
   00867    0.4700   -1542.5443  0.9670 
   00868    0.4650   -1541.5206  0.9659 
   00869    0.4925   -1543.4511  0.9668 
   00870    0.4800   -1543.2949  0.9672 
   00871    0.4725   -1544.0924  0.9666 
   00872    0.4900   -1540.9665  0.9663 
   00873    0.4800   -1536.2743  0.9653 
   00874    0.4525   -1538.4388  0.9650 
   00875    0.5025   -1536.8181  0.9623 
   00876    0.4000   -1535.6345  0.9619 
   00877    0.4725   -1538.9649  0.9619 
   00878    0.5000   -1536.3544  0.9631 
   00879    0.4600   -1538.5619  0.9643 
   00880    0.4675   -1530.7827  0.9609 
   00881    0.4650   -1534.5840  0.9615 
   00882    0.5175   -1532.9270  0.9634 
   00883    0.4550   -1528.6108  0.9589 
   00884    0.4800   -1532.1140  0.9587 
   00885    0.4675   -1533.7930  0.9583 
   00886    0.4925   -1531.2730  0.9579 
   00887    0.4875   -1533.5575  0.9583 
   00888    0.4325   -1538.7160  0.9615 
   00889    0.5100   -1536.8285  0.9646 
   00890    0.4900   -1537.8416  0.9657 
   00891    0.4400   -1539.7467  0.9681 
   00892    0.4575   -1544.0939  0.9699 
   00893    0.4600   -1538.6841  0.9684 
   00894    0.5150   -1538.6314  0.9686 
   00895    0.4400   -1539.7035  0.9697 
   00896    0.5100   -1539.0090  0.9685 
   00897    0.4725   -1537.8788  0.9696 
   00898    0.4600   -1537.0777  0.9703 
   00899    0.4700   -1537.9643  0.9701 
   00900    0.4600   -1542.0804  0.9722 
   00901    0.4475   -1539.4689  0.9702 
   00902    0.4600   -1540.2112  0.9699 
   00903    0.4850   -1539.0954  0.9678 
   00904    0.4550   -1539.1339  0.9688 
   00905    0.5050   -1535.8449  0.9661 
   00906    0.4925   -1539.2767  0.9677 
   00907    0.4975   -1538.7070  0.9691 
   00908    0.4400   -1538.4097  0.9694 
   00909    0.4650   -1544.9165  0.9717 
   00910    0.4025   -1544.9905  0.9727 
   00911    0.4725   -1543.6210  0.9719 
   00912    0.4400   -1540.4507  0.9695 
   00913    0.4725   -1540.4357  0.9707 
   00914    0.5450   -1543.8900  0.9712 
   00915    0.4450   -1544.4196  0.9704 
   00916    0.4800   -1543.9631  0.9689 
   00917    0.4775   -1541.7696  0.9654 
   00918    0.4850   -1538.4975  0.9641 
   00919    0.4850   -1538.6895  0.9650 
   00920    0.4525   -1539.2819  0.9648 
   00921    0.4800   -1541.2377  0.9656 
   00922    0.4775   -1537.3499  0.9636 
   00923    0.4950   -1538.5101  0.9638 
   00924    0.4250   -1532.2740  0.9608 
   00925    0.4625   -1534.4241  0.9633 
   00926    0.4450   -1535.8066  0.9639 
   00927    0.5000   -1535.7276  0.9637 
   00928    0.4575   -1535.9022  0.9616 
   00929    0.5150   -1534.9872  0.9599 
   00930    0.4400   -1537.4234  0.9598 
   00931    0.4625   -1541.6588  0.9599 
   00932    0.4800   -1541.3831  0.9621 
   00933    0.4550   -1537.9381  0.9625 
   00934    0.4575   -1532.3893  0.9602 
   00935    0.4925   -1528.3544  0.9583 
   00936    0.4625   -1532.6674  0.9605 
   00937    0.4625   -1530.6380  0.9593 
   00938    0.5075   -1529.5341  0.9597 
   00939    0.4600   -1527.6564  0.9561 
   00940    0.5350   -1526.4874  0.9572 
   00941    0.4300   -1532.6279  0.9594 
   00942    0.4825   -1537.7193  0.9603 
   00943    0.4825   -1540.0385  0.9610 
   00944    0.4225   -1539.8170  0.9597 
   00945    0.5100   -1536.7421  0.9610 
   00946    0.4650   -1537.7121  0.9599 
   00947    0.5175   -1537.9443  0.9601 
   00948    0.4650   -1537.9218  0.9558 
   00949    0.4875   -1535.3614  0.9563 
   00950    0.4525   -1540.7668  0.9582 
   00951    0.5175   -1541.2992  0.9595 
   00952    0.4525   -1540.7974  0.9585 
   00953    0.4725   -1539.3238  0.9570 
   00954    0.4750   -1533.4010  0.9561 
   00955    0.4650   -1531.3786  0.9556 
   00956    0.4525   -1533.9304  0.9572 
   00957    0.5250   -1534.5449  0.9601 
   00958    0.5100   -1536.9319  0.9604 
   00959    0.4750   -1533.8576  0.9599 
   00960    0.4375   -1533.7603  0.9563 
   00961    0.4900   -1535.4324  0.9594 
   00962    0.4625   -1537.7407  0.9579 
   00963    0.4825   -1535.3351  0.9558 
   00964    0.4925   -1534.1591  0.9558 
   00965    0.4625   -1535.8898  0.9563 
   00966    0.4575   -1535.4660  0.9561 
   00967    0.4725   -1536.6526  0.9585 
   00968    0.5050   -1536.0626  0.9635 
   00969    0.4425   -1541.4101  0.9649 
   00970    0.4550   -1532.0537  0.9607 
   00971    0.4925   -1531.8564  0.9617 
   00972    0.4650   -1530.1335  0.9630 
   00973    0.4700   -1530.8219  0.9631 
   00974    0.4225   -1529.2655  0.9631 
   00975    0.5150   -1538.5714  0.9665 
   00976    0.4850   -1535.6696  0.9629 
   00977    0.4325   -1535.1926  0.9602 
   00978    0.4525   -1534.0677  0.9582 
   00979    0.4450   -1535.6751  0.9625 
   00980    0.5175   -1532.9176  0.9606 
   00981    0.4425   -1536.7310  0.9606 
   00982    0.4975   -1537.4534  0.9639 
   00983    0.4700   -1539.0113  0.9633 
   00984    0.4200   -1537.9617  0.9629 
   00985    0.4850   -1539.2311  0.9633 
   00986    0.5025   -1537.5786  0.9609 
   00987    0.4875   -1537.5067  0.9590 
   00988    0.4675   -1536.6115  0.9597 
   00989    0.4600   -1534.4400  0.9582 
   00990    0.4825   -1530.1365  0.9560 
   00991    0.4850   -1529.8221  0.9576 
   00992    0.4500   -1527.0482  0.9575 
   00993    0.4900   -1533.0780  0.9581 
   00994    0.4900   -1531.0291  0.9547 
   00995    0.4725   -1530.9983  0.9533 
   00996    0.4625   -1539.6146  0.9551 
   00997    0.4725   -1543.9585  0.9571 
   00998    0.4350   -1539.3243  0.9585 
   00999    0.4600   -1541.6129  0.9603 
   01000    0.4450   -1542.7257  0.9585 
