#=====================================================
# File created:        Mon-03-Nov-2025-at-01-42-48AM
# Size of lattice:     20x20
# Number of MC steps:  1000
# Reduced temperature: 0.950
# Run time (s):        7.503024
#=====================================================
# MC step:  Ratio:     Energy:   Order:
#=====================================================
   00000    0.5000    -401.9666  0.2692 
   00001    0.6900    -618.9796  0.2674 
   00002    0.6075    -730.7357  0.2768 
   00003    0.5625    -832.5772  0.2837 
   00004    0.5150    -840.9280  0.2738 
   00005    0.5125    -882.9316  0.2945 
   00006    0.5500    -869.1008  0.2991 
   00007    0.5450    -902.1881  0.3071 
   00008    0.4725    -900.4879  0.3221 
   00009    0.5000    -914.3014  0.3113 
   00010    0.5150    -907.4155  0.2898 
   00011    0.5150    -906.1643  0.2997 
   00012    0.4700    -888.1486  0.2739 
   00013    0.5350    -871.7667  0.2957 
   00014    0.5350    -846.6063  0.3112 
   00015    0.5150    -898.5899  0.2961 
   00016    0.5225    -901.5636  0.3044 
   00017    0.4725    -929.7878  0.2983 
   00018    0.4375    -949.5661  0.2850 
   00019    0.4475    -971.9044  0.3096 
   00020    0.4975    -982.5704  0.3080 
   00021    0.4550    -983.0218  0.3231 
   00022    0.4850    -989.7016  0.3366 
   00023    0.4650    -990.2261  0.3253 
   00024    0.5025    -998.6509  0.3158 
   00025    0.4475    -996.1331  0.3136 
   00026    0.4725    -998.0425  0.3256 
   00027    0.4550    -965.9619  0.2899 
   00028    0.5025    -957.1023  0.3116 
   00029    0.4675    -958.0563  0.3001 
   00030    0.5075   -1006.8670  0.3204 
   00031    0.5075    -978.8955  0.3370 
   00032    0.4625    -986.7521  0.3228 
   00033    0.4200    -977.6839  0.2835 
   00034    0.4700    -975.7735  0.2868 
   00035    0.4900   -1020.5787  0.3110 
   00036    0.4975    -990.4995  0.3190 
   00037    0.4625    -980.3190  0.3321 
   00038    0.4550    -978.5983  0.3487 
   00039    0.4825    -935.2103  0.3294 
   00040    0.5150    -931.7563  0.3391 
   00041    0.5175    -933.0337  0.3486 
   00042    0.5100    -926.3009  0.3761 
   00043    0.4950    -956.2254  0.4018 
   00044    0.5200    -927.8057  0.3519 
   00045    0.4875    -907.3462  0.3449 
   00046    0.5425    -894.4865  0.3230 
   00047    0.5475    -903.7481  0.3287 
   00048    0.5250    -906.7438  0.3344 
   00049    0.5275    -926.5135  0.3194 
   00050    0.4875    -915.9498  0.3178 
   00051    0.4775    -911.1646  0.3292 
   00052    0.4850    -933.7068  0.3357 
   00053    0.5200    -919.2121  0.2916 
   00054    0.4700    -933.3122  0.3097 
   00055    0.5275    -905.7828  0.2859 
   00056    0.5250    -917.3523  0.2910 
   00057    0.5000    -940.0941  0.2943 
   00058    0.5400    -927.5967  0.3123 
   00059    0.4875    -904.8697  0.3311 
   00060    0.5100    -922.9959  0.3034 
   00061    0.4900    -965.8314  0.2946 
   00062    0.4925    -936.1330  0.2926 
   00063    0.5050    -922.5715  0.2831 
   00064    0.4900    -917.4134  0.3077 
   00065    0.5075    -939.9229  0.3146 
   00066    0.4575    -937.3512  0.3083 
   00067    0.5000    -984.2784  0.3223 
   00068    0.4825   -1000.3330  0.3189 
   00069    0.4275   -1008.1236  0.2912 
   00070    0.4725   -1003.6562  0.3089 
   00071    0.4625    -981.6285  0.2897 
   00072    0.4875    -976.9179  0.3111 
   00073    0.4825    -992.7249  0.3242 
   00074    0.4400    -984.9293  0.3008 
   00075    0.4275    -985.0797  0.3045 
   00076    0.4450    -990.4347  0.3108 
   00077    0.5075    -968.5349  0.2700 
   00078    0.4900    -949.2951  0.3070 
   00079    0.5025    -977.9054  0.3423 
   00080    0.4475    -970.3283  0.3470 
   00081    0.4500    -954.6208  0.3347 
   00082    0.5325    -938.2573  0.3547 
   00083    0.4675    -969.2713  0.4031 
   00084    0.4700    -969.9904  0.3787 
   00085    0.4350    -976.9430  0.3519 
   00086    0.5025   -1006.7649  0.3788 
   00087    0.5050    -979.7090  0.3767 
   00088    0.4500    -945.5992  0.3503 
   00089    0.5250    -912.4028  0.3455 
   00090    0.4600    -888.2642  0.3419 
   00091    0.5125    -908.3340  0.3269 
   00092    0.5250    -915.3646  0.3277 
   00093    0.5125    -897.4913  0.2962 
   00094    0.4900    -920.3330  0.3239 
   00095    0.5725    -917.5734  0.3394 
   00096    0.5225    -924.4799  0.3606 
   00097    0.5050    -943.6286  0.3687 
   00098    0.5150    -927.1656  0.3367 
   00099    0.5075    -939.7292  0.3313 
   00100    0.4950    -938.8623  0.3451 
   00101    0.4825    -956.8044  0.3245 
   00102    0.4700    -952.4200  0.3039 
   00103    0.4425    -967.4305  0.3085 
   00104    0.5025    -967.7676  0.3292 
   00105    0.4950    -964.3954  0.3614 
   00106    0.4775    -963.9371  0.3578 
   00107    0.5150    -934.3567  0.3935 
   00108    0.4700    -966.8223  0.3872 
   00109    0.5075    -964.0972  0.3762 
   00110    0.4975    -920.8431  0.3782 
   00111    0.4850    -968.9570  0.3918 
   00112    0.4875    -943.3964  0.3601 
   00113    0.4875    -986.6421  0.3473 
   00114    0.4650    -950.4001  0.3296 
   00115    0.4250    -961.9035  0.3450 
   00116    0.4500    -964.9182  0.3595 
   00117    0.5200    -947.8253  0.3601 
   00118    0.4675   -1000.6612  0.3910 
   00119    0.4700    -990.6384  0.3629 
   00120    0.4700    -974.7500  0.3773 
   00121    0.4725   -1000.8243  0.3768 
   00122    0.5150    -966.5758  0.3967 
   00123    0.4525    -928.5797  0.3637 
   00124    0.5225    -902.5869  0.3962 
   00125    0.5100    -930.3263  0.3870 
   00126    0.5000    -874.9239  0.3529 
   00127    0.5225    -911.8175  0.3826 
   00128    0.5025    -898.8431  0.3769 
   00129    0.5175    -936.8038  0.3809 
   00130    0.4625    -956.2046  0.4088 
   00131    0.4575    -969.2960  0.3873 
   00132    0.4825    -973.4021  0.3551 
   00133    0.5100   -1022.5462  0.3652 
   00134    0.4375    -972.4402  0.3333 
   00135    0.5175    -957.1296  0.3559 
   00136    0.5350    -952.4105  0.3709 
   00137    0.4475    -979.3371  0.3741 
   00138    0.4350    -988.4424  0.3732 
   00139    0.4625    -970.0932  0.3449 
   00140    0.4775    -981.7913  0.3374 
   00141    0.4725    -961.2074  0.3562 
   00142    0.5025    -985.0230  0.3339 
   00143    0.4800    -971.0781  0.3490 
   00144    0.4575    -973.5439  0.3536 
   00145    0.4700    -983.2403  0.3717 
   00146    0.4725    -968.3484  0.3821 
   00147    0.4725    -972.8087  0.3873 
   00148    0.4775    -973.4598  0.3949 
   00149    0.4525    -981.4837  0.3761 
   00150    0.4900   -1006.6627  0.3805 
   00151    0.4925   -1024.0596  0.3918 
   00152    0.3975   -1012.8880  0.3896 
   00153    0.4925    -996.5143  0.3641 
   00154    0.4500   -1023.0740  0.3438 
   00155    0.4875   -1011.9328  0.3663 
   00156    0.4225   -1019.2366  0.3638 
   00157    0.4500   -1061.1451  0.3745 
   00158    0.4550   -1035.8908  0.4065 
   00159    0.4225   -1039.8996  0.3928 
   00160    0.4700   -1034.6422  0.3936 
   00161    0.4450   -1010.8341  0.3676 
   00162    0.4800    -990.9078  0.3935 
   00163    0.5050    -991.7941  0.3963 
   00164    0.4800   -1005.9568  0.3843 
   00165    0.5175    -990.6864  0.3902 
   00166    0.4700    -973.2709  0.3589 
   00167    0.4550    -988.4231  0.3488 
   00168    0.4425   -1007.1819  0.3395 
   00169    0.4625   -1023.5527  0.3591 
   00170    0.4550   -1035.7648  0.3377 
   00171    0.4475   -1017.4909  0.3259 
   00172    0.4400   -1004.2836  0.3313 
   00173    0.4475   -1001.3651  0.3694 
   00174    0.4300    -967.3326  0.4004 
   00175    0.4875   -1002.4271  0.4012 
   00176    0.4775    -994.3782  0.4172 
   00177    0.4325   -1013.8493  0.4346 
   00178    0.5175   -1014.4815  0.4736 
   00179    0.4875   -1025.7799  0.4846 
   00180    0.4250   -1027.4455  0.4881 
   00181    0.4975   -1019.8389  0.4740 
   00182    0.4425   -1012.1906  0.4839 
   00183    0.4875   -1009.8726  0.4791 
   00184    0.4525    -992.2973  0.4716 
   00185    0.4600    -998.1098  0.4557 
   00186    0.4600    -966.8858  0.4466 
   00187    0.4800    -998.7423  0.4280 
   00188    0.4950    -971.4367  0.4054 
   00189    0.4950    -997.1186  0.4012 
   00190    0.4850    -970.0420  0.3824 
   00191    0.4650    -998.0096  0.3668 
   00192    0.4475    -997.0987  0.3749 
   00193    0.4975    -997.5127  0.3932 
   00194    0.4550    -966.5018  0.3731 
   00195    0.4475    -964.3009  0.3480 
   00196    0.4650    -953.5108  0.3373 
   00197    0.4475    -966.6810  0.3540 
   00198    0.5025    -981.9617  0.3619 
   00199    0.4875    -944.5563  0.3576 
   00200    0.4975    -956.6173  0.3899 
   00201    0.5075    -933.0007  0.4146 
   00202    0.5000    -919.8936  0.4190 
   00203    0.5450    -913.3731  0.3909 
   00204    0.5050    -940.2054  0.4160 
   00205    0.4825    -949.9535  0.4012 
   00206    0.4775    -947.6106  0.4026 
   00207    0.4800    -912.5127  0.4025 
   00208    0.5100    -918.1882  0.3953 
   00209    0.4900    -924.8835  0.3869 
   00210    0.4700    -918.2060  0.3932 
   00211    0.4400    -947.1951  0.4002 
   00212    0.4725    -941.8751  0.4022 
   00213    0.4850    -943.2625  0.3904 
   00214    0.5025    -926.7881  0.4088 
   00215    0.4750    -921.7388  0.4334 
   00216    0.4800    -938.7108  0.4416 
   00217    0.5300    -913.6603  0.4248 
   00218    0.4725    -976.9209  0.4488 
   00219    0.5375    -970.5110  0.4552 
   00220    0.4875    -925.9685  0.4395 
   00221    0.4900    -925.9468  0.4340 
   00222    0.4750    -950.7955  0.4756 
   00223    0.5025   -1000.8748  0.4702 
   00224    0.4425    -979.4884  0.4766 
   00225    0.4675    -941.7891  0.4578 
   00226    0.4950    -935.2143  0.4162 
   00227    0.4825    -961.0217  0.4276 
   00228    0.4650    -999.8343  0.4141 
   00229    0.4375    -960.6352  0.4192 
   00230    0.4850    -962.5876  0.4159 
   00231    0.4775    -964.4470  0.4010 
   00232    0.5175    -932.8020  0.4031 
   00233    0.4825    -934.9837  0.4094 
   00234    0.5075    -965.9266  0.4374 
   00235    0.5175   -1004.1095  0.4728 
   00236    0.4900    -969.5431  0.4524 
   00237    0.4900    -971.8366  0.4507 
   00238    0.5150    -976.8684  0.4735 
   00239    0.5025    -959.8330  0.4747 
   00240    0.4525    -962.4869  0.4866 
   00241    0.4725    -944.3546  0.4778 
   00242    0.4700   -1001.6242  0.4757 
   00243    0.4625    -989.7783  0.5010 
   00244    0.5100    -960.5524  0.4670 
   00245    0.5250    -959.6801  0.4326 
   00246    0.4950    -984.0262  0.4524 
   00247    0.5275    -968.6585  0.4608 
   00248    0.5075    -943.5347  0.4079 
   00249    0.4625    -966.8396  0.4154 
   00250    0.5150    -942.4800  0.4186 
   00251    0.4875    -984.3062  0.3987 
   00252    0.5025    -950.2192  0.4006 
   00253    0.4625    -979.7078  0.4134 
   00254    0.4950    -942.6233  0.4231 
   00255    0.5075    -968.3809  0.4156 
   00256    0.4700    -941.8119  0.4022 
   00257    0.5475    -919.5791  0.4000 
   00258    0.4600    -924.5333  0.3935 
   00259    0.5250    -910.5663  0.3889 
   00260    0.5300    -905.9214  0.3697 
   00261    0.5000    -907.2692  0.3541 
   00262    0.5000    -915.2183  0.3472 
   00263    0.4875    -945.8077  0.3601 
   00264    0.4325   -1015.6327  0.3938 
   00265    0.4350    -997.4519  0.4009 
   00266    0.4625   -1007.6100  0.4179 
   00267    0.5000    -975.1558  0.4045 
   00268    0.4975    -944.3820  0.3804 
   00269    0.4900    -906.0360  0.3858 
   00270    0.4700    -956.5819  0.3924 
   00271    0.5425    -975.4034  0.4454 
   00272    0.4975    -997.8479  0.4434 
   00273    0.4900   -1004.6337  0.4590 
   00274    0.4275    -967.8235  0.4441 
   00275    0.4400    -958.9902  0.4270 
   00276    0.4800    -967.8967  0.4265 
   00277    0.4650    -951.9774  0.4231 
   00278    0.4725    -957.6228  0.3987 
   00279    0.4725    -959.1358  0.3991 
   00280    0.4600    -977.2732  0.4067 
   00281    0.4925    -952.5265  0.4358 
   00282    0.4500    -970.7647  0.4370 
   00283    0.4925    -994.4328  0.4687 
   00284    0.5075    -990.6328  0.4677 
   00285    0.5000    -995.4299  0.4555 
   00286    0.4850    -931.9004  0.4134 
   00287    0.4925    -946.9615  0.4156 
   00288    0.4800    -973.3084  0.4188 
   00289    0.4725    -980.8208  0.4395 
   00290    0.4525    -982.0424  0.4342 
   00291    0.5050    -968.1232  0.4439 
   00292    0.4825    -953.0624  0.4233 
   00293    0.5425    -940.0192  0.4432 
   00294    0.4575    -960.6734  0.4364 
   00295    0.4675    -957.4908  0.4377 
   00296    0.4900    -983.5467  0.4340 
   00297    0.4225    -970.6494  0.4063 
   00298    0.4275    -970.7663  0.4059 
   00299    0.4800    -960.7143  0.4008 
   00300    0.5100    -945.3150  0.3764 
   00301    0.5050    -954.5097  0.3762 
   00302    0.4750    -964.0653  0.3800 
   00303    0.5150    -962.7565  0.3862 
   00304    0.4425    -944.3148  0.3974 
   00305    0.4650    -912.1555  0.3610 
   00306    0.4625    -950.8170  0.3694 
   00307    0.4875    -952.2960  0.3513 
   00308    0.4975    -961.6226  0.3408 
   00309    0.4250    -995.6598  0.3305 
   00310    0.4425    -991.5926  0.3725 
   00311    0.4475   -1015.2672  0.3816 
   00312    0.4375   -1021.0955  0.4174 
   00313    0.4350   -1017.5337  0.4093 
   00314    0.4450    -989.0118  0.4031 
   00315    0.5150    -957.9311  0.3893 
   00316    0.5100    -928.3374  0.3895 
   00317    0.5125    -957.0055  0.4117 
   00318    0.4875    -978.6141  0.3812 
   00319    0.5225    -962.3160  0.4123 
   00320    0.5200    -971.7311  0.4058 
   00321    0.5175    -951.8317  0.4022 
   00322    0.4275    -974.3503  0.3986 
   00323    0.4750    -944.2101  0.3955 
   00324    0.4825    -988.5616  0.4145 
   00325    0.4775    -975.2508  0.3940 
   00326    0.4675    -991.9866  0.4038 
   00327    0.4300    -966.7413  0.4198 
   00328    0.4525    -991.3802  0.3987 
   00329    0.4725   -1011.3637  0.3766 
   00330    0.4875    -958.8132  0.3617 
   00331    0.5550    -968.0227  0.3628 
   00332    0.5200    -963.1200  0.3576 
   00333    0.4400    -977.1033  0.3421 
   00334    0.4950    -960.4374  0.3738 
   00335    0.5200    -990.3683  0.4080 
   00336    0.5000    -973.6887  0.3994 
   00337    0.4575    -990.6306  0.3851 
   00338    0.4975    -976.3979  0.3993 
   00339    0.4250   -1007.6563  0.3679 
   00340    0.4700   -1018.1850  0.3893 
   00341    0.4900   -1040.6434  0.3482 
   00342    0.4650   -1047.7881  0.3752 
   00343    0.4100   -1035.8913  0.3730 
   00344    0.5125    -990.9494  0.3459 
   00345    0.4450    -980.6591  0.3288 
   00346    0.4325   -1013.2490  0.3177 
   00347    0.4550   -1044.4341  0.3231 
   00348    0.4150   -1057.3335  0.3173 
   00349    0.4400   -1031.0015  0.3397 
   00350    0.4700   -1013.7244  0.3388 
   00351    0.4725    -996.4643  0.3298 
   00352    0.4200   -1035.7694  0.3101 
   00353    0.4475   -1019.6555  0.3195 
   00354    0.5075   -1027.6475  0.3053 
   00355    0.4550    -993.9723  0.2972 
   00356    0.4475   -1006.4821  0.3305 
   00357    0.4675    -997.9105  0.3646 
   00358    0.4575    -957.2933  0.3341 
   00359    0.4550    -967.1776  0.3654 
   00360    0.4800    -963.9333  0.3662 
   00361    0.5125    -962.1046  0.3599 
   00362    0.4625    -993.1898  0.3394 
   00363    0.4650   -1009.0745  0.3244 
   00364    0.5125    -989.0816  0.3369 
   00365    0.4725    -981.7873  0.3192 
   00366    0.4625   -1001.0686  0.2970 
   00367    0.4375   -1010.9338  0.3161 
   00368    0.4750   -1040.2574  0.2968 
   00369    0.4625   -1034.0495  0.2753 
   00370    0.4425   -1029.8737  0.2670 
   00371    0.4400   -1020.2842  0.2731 
   00372    0.4650    -992.0438  0.2565 
   00373    0.4550    -997.9526  0.2758 
   00374    0.4650   -1019.4184  0.2585 
   00375    0.4300   -1009.2032  0.2778 
   00376    0.4450   -1007.7827  0.2658 
   00377    0.4425   -1007.5439  0.2676 
   00378    0.4650    -996.0532  0.2628 
   00379    0.4550    -994.7581  0.2638 
   00380    0.4950    -997.5687  0.2788 
   00381    0.5075    -990.4969  0.2897 
   00382    0.4275   -1038.3176  0.2878 
   00383    0.4500   -1024.2589  0.2605 
   00384    0.4850   -1001.5380  0.2829 
   00385    0.5150    -998.0917  0.2880 
   00386    0.4575    -988.5124  0.2704 
   00387    0.4825    -972.5860  0.2762 
   00388    0.4850   -1010.2178  0.2643 
   00389    0.4975   -1022.4166  0.2854 
   00390    0.4700    -997.9711  0.2685 
   00391    0.4800    -998.0807  0.2551 
   00392    0.4775    -987.7060  0.2779 
   00393    0.4750    -999.2723  0.2899 
   00394    0.4825   -1022.9503  0.3013 
   00395    0.4575    -989.5143  0.2928 
   00396    0.5000    -966.9465  0.2865 
   00397    0.4900    -906.0422  0.2790 
   00398    0.5025    -945.6493  0.2735 
   00399    0.5000    -912.2541  0.2757 
   00400    0.4850    -937.7202  0.2917 
   00401    0.5200    -956.8781  0.2875 
   00402    0.4600    -958.9421  0.2700 
   00403    0.4700    -967.7190  0.2891 
   00404    0.4825    -976.1951  0.3031 
   00405    0.4975    -986.5274  0.3142 
   00406    0.4875    -980.7867  0.3090 
   00407    0.4550   -1011.7828  0.3067 
   00408    0.4950    -960.7378  0.3086 
   00409    0.4800    -975.7913  0.2974 
   00410    0.4625    -954.3270  0.2790 
   00411    0.4775    -973.4942  0.3000 
   00412    0.4925    -946.9171  0.2639 
   00413    0.4925    -943.6371  0.2708 
   00414    0.4925    -961.2702  0.3089 
   00415    0.4675    -978.8975  0.2945 
   00416    0.4900    -957.7246  0.2815 
   00417    0.4675    -950.1025  0.2737 
   00418    0.5300    -977.0989  0.2813 
   00419    0.4375    -974.2221  0.2864 
   00420    0.5275   -1003.6933  0.2871 
   00421    0.4300   -1027.4983  0.2971 
   00422    0.4200    -998.5520  0.2863 
   00423    0.4925    -964.5274  0.2992 
   00424    0.5025    -980.5122  0.3115 
   00425    0.4525    -995.4176  0.3273 
   00426    0.4725    -986.7956  0.3501 
   00427    0.4500    -981.6869  0.3680 
   00428    0.4750    -986.2892  0.3892 
   00429    0.4675   -1005.9465  0.3985 
   00430    0.4475    -973.1230  0.3856 
   00431    0.4975    -988.3819  0.3987 
   00432    0.4975    -936.7264  0.3836 
   00433    0.5150    -926.2149  0.4027 
   00434    0.4650    -947.8166  0.3580 
   00435    0.4925    -959.8984  0.3610 
   00436    0.4900    -947.3847  0.3392 
   00437    0.4925    -952.6583  0.3579 
   00438    0.4725    -938.7016  0.3961 
   00439    0.5050    -920.9683  0.3825 
   00440    0.4925    -927.4289  0.3741 
   00441    0.4900    -921.9785  0.4051 
   00442    0.4975    -921.7057  0.4271 
   00443    0.5075    -938.2550  0.4121 
   00444    0.5325    -962.9834  0.4070 
   00445    0.5000   -1000.3455  0.4249 
   00446    0.4850    -984.6299  0.4460 
   00447    0.5250   -1007.4779  0.4656 
   00448    0.4800   -1022.4340  0.4358 
   00449    0.4175   -1011.3201  0.4525 
   00450    0.4425   -1001.3262  0.4680 
   00451    0.4750    -979.9127  0.4557 
   00452    0.4650    -964.6648  0.4330 
   00453    0.4400   -1033.1740  0.4490 
   00454    0.4650   -1008.7297  0.4556 
   00455    0.4350   -1004.5820  0.4449 
   00456    0.4950    -995.8520  0.4335 
   00457    0.4900    -976.4257  0.4237 
   00458    0.4700    -986.2015  0.4334 
   00459    0.4600    -982.3509  0.4531 
   00460    0.4625    -952.9256  0.4370 
   00461    0.4775    -968.3230  0.4514 
   00462    0.4500    -971.8397  0.4466 
   00463    0.4850   -1001.8818  0.4899 
   00464    0.4550    -994.8555  0.4768 
   00465    0.5050    -985.8145  0.4662 
   00466    0.4675    -994.1527  0.4639 
   00467    0.5575   -1012.0596  0.4717 
   00468    0.4100    -951.1164  0.4620 
   00469    0.4825    -961.0116  0.4539 
   00470    0.4650    -981.8604  0.4307 
   00471    0.4875    -958.6944  0.4344 
   00472    0.4400    -954.7772  0.4137 
   00473    0.4750    -990.5032  0.4390 
   00474    0.5225   -1004.3693  0.4487 
   00475    0.4600   -1017.8421  0.4422 
   00476    0.4625   -1017.9666  0.4866 
   00477    0.4550   -1017.5935  0.4737 
   00478    0.4175    -999.1412  0.4722 
   00479    0.4825   -1016.7815  0.4880 
   00480    0.4675   -1038.2391  0.4661 
   00481    0.4025   -1024.9907  0.4526 
   00482    0.4600   -1038.3478  0.4594 
   00483    0.4675   -1035.7634  0.4414 
   00484    0.4600   -1051.7571  0.4694 
   00485    0.4575   -1024.9101  0.4819 
   00486    0.4750   -1035.4026  0.4653 
   00487    0.4800   -1031.8811  0.4874 
   00488    0.4825   -1006.1723  0.4894 
   00489    0.5075   -1003.1487  0.4827 
   00490    0.4900    -978.5956  0.4937 
   00491    0.5125    -955.8398  0.4723 
   00492    0.5200    -958.9202  0.4827 
   00493    0.4975    -934.0616  0.4944 
   00494    0.4825    -949.1240  0.4712 
   00495    0.5000    -945.6414  0.4484 
   00496    0.4700    -911.3841  0.4397 
   00497    0.5125    -901.0053  0.3939 
   00498    0.4425    -885.5474  0.3788 
   00499    0.4700    -938.0935  0.3937 
   00500    0.4300    -963.2144  0.4008 
   00501    0.4550    -931.9808  0.4084 
   00502    0.4675    -938.9186  0.4200 
   00503    0.4900    -940.7197  0.4343 
   00504    0.4825    -916.5322  0.4333 
   00505    0.4900    -928.5457  0.4493 
   00506    0.5250    -925.9531  0.4350 
   00507    0.5025    -932.4395  0.4159 
   00508    0.4550    -956.7918  0.4275 
   00509    0.4725    -980.3211  0.4671 
   00510    0.4875    -981.7781  0.4628 
   00511    0.4525   -1000.8732  0.4605 
   00512    0.4900   -1005.6220  0.4683 
   00513    0.4975    -992.6337  0.4680 
   00514    0.4675   -1017.5051  0.4509 
   00515    0.4625   -1027.1545  0.4748 
   00516    0.4350   -1000.0358  0.4855 
   00517    0.4800    -979.7058  0.4995 
   00518    0.4775    -969.7649  0.4639 
   00519    0.5075    -943.9856  0.4534 
   00520    0.4675    -933.5142  0.4701 
   00521    0.4975    -926.6998  0.4382 
   00522    0.5150    -944.1230  0.4339 
   00523    0.4950    -978.2944  0.4421 
   00524    0.4650    -993.7548  0.4388 
   00525    0.4900    -967.1247  0.4128 
   00526    0.5200    -951.5792  0.3778 
   00527    0.5075    -992.2185  0.3470 
   00528    0.5150    -968.4167  0.3239 
   00529    0.4425    -985.1679  0.3220 
   00530    0.4575    -978.8026  0.3349 
   00531    0.4950    -966.3630  0.3367 
   00532    0.4975    -951.0512  0.3659 
   00533    0.4650    -910.6875  0.3625 
   00534    0.5075    -948.9649  0.3798 
   00535    0.5050    -924.8733  0.3585 
   00536    0.5350    -942.9390  0.3923 
   00537    0.5100    -962.4574  0.3876 
   00538    0.5025    -945.4549  0.4049 
   00539    0.4575    -927.4178  0.4209 
   00540    0.4875    -958.0138  0.4321 
   00541    0.4875    -967.7315  0.4291 
   00542    0.5050    -931.9579  0.4058 
   00543    0.4800    -936.6460  0.3969 
   00544    0.4750    -972.1189  0.3825 
   00545    0.4400    -973.0473  0.3733 
   00546    0.4225    -996.6402  0.3894 
   00547    0.4350    -970.4902  0.4000 
   00548    0.5100    -964.0710  0.4141 
   00549    0.4650    -961.1816  0.3899 
   00550    0.4625    -985.9382  0.3853 
   00551    0.4825    -967.0818  0.3764 
   00552    0.4775    -954.9454  0.3636 
   00553    0.4600    -965.8181  0.3648 
   00554    0.4800    -965.9042  0.3673 
   00555    0.4750   -1021.7507  0.3618 
   00556    0.4300   -1014.9505  0.3675 
   00557    0.4400    -997.9433  0.3443 
   00558    0.4575    -986.7266  0.3338 
   00559    0.4775    -957.2874  0.3588 
   00560    0.4800    -959.3248  0.3653 
   00561    0.5225    -942.1671  0.3478 
   00562    0.4625    -954.9766  0.3566 
   00563    0.4550    -984.0677  0.3583 
   00564    0.4450    -996.2656  0.3183 
   00565    0.4900    -970.7609  0.3327 
   00566    0.4375    -965.2983  0.3445 
   00567    0.4700    -972.4863  0.3278 
   00568    0.5025    -989.6201  0.3488 
   00569    0.4550    -967.1587  0.3315 
   00570    0.5125    -965.9843  0.3543 
   00571    0.4625    -942.0045  0.3689 
   00572    0.4875    -924.6083  0.3418 
   00573    0.4775    -934.6607  0.3348 
   00574    0.5200    -958.4213  0.3362 
   00575    0.4750    -985.3632  0.3287 
   00576    0.4675    -991.4176  0.3197 
   00577    0.4850    -952.8042  0.2939 
   00578    0.5050    -950.4010  0.2933 
   00579    0.5000    -937.7775  0.3053 
   00580    0.4975    -947.2758  0.2912 
   00581    0.5350    -943.8946  0.3173 
   00582    0.5175    -943.2685  0.2799 
   00583    0.4750    -975.0806  0.2798 
   00584    0.4975    -974.3455  0.2601 
   00585    0.4550    -993.4522  0.2856 
   00586    0.4650    -979.3598  0.3230 
   00587    0.4950    -969.6790  0.3090 
   00588    0.5100    -954.4658  0.3167 
   00589    0.4900    -957.1090  0.2961 
   00590    0.4525    -939.9843  0.3095 
   00591    0.5150    -968.6181  0.3260 
   00592    0.4925    -947.1863  0.3424 
   00593    0.5125    -910.6756  0.3528 
   00594    0.4925    -922.6569  0.3723 
   00595    0.4850    -939.1773  0.3385 
   00596    0.5050    -948.9734  0.3104 
   00597    0.4900    -939.7287  0.2892 
   00598    0.5125    -949.0048  0.2968 
   00599    0.5100    -939.5594  0.2726 
   00600    0.4925    -944.0383  0.3054 
   00601    0.5000    -937.2409  0.3150 
   00602    0.4775    -956.4355  0.3346 
   00603    0.4600    -954.1675  0.3498 
   00604    0.4825    -952.0857  0.3275 
   00605    0.5100    -951.7806  0.3430 
   00606    0.4675    -949.2287  0.3395 
   00607    0.4525    -946.2040  0.3513 
   00608    0.5550    -918.4698  0.3621 
   00609    0.4825    -923.3855  0.3861 
   00610    0.5225    -938.8256  0.3866 
   00611    0.5550    -935.3045  0.3366 
   00612    0.4925    -969.7624  0.3929 
   00613    0.4850    -978.1592  0.3855 
   00614    0.4600    -989.0080  0.3751 
   00615    0.4900    -965.7645  0.3676 
   00616    0.4575    -959.2032  0.3760 
   00617    0.4725    -990.9027  0.3470 
   00618    0.4675    -974.1105  0.3563 
   00619    0.4350    -950.0030  0.3293 
   00620    0.4500    -944.6929  0.3156 
   00621    0.4650    -972.1330  0.3038 
   00622    0.5100    -961.7598  0.3355 
   00623    0.4900    -935.5544  0.3596 
   00624    0.5225    -934.2958  0.3570 
   00625    0.5000    -952.1974  0.3396 
   00626    0.4950    -949.3333  0.3561 
   00627    0.4650    -946.6141  0.3188 
   00628    0.5275    -950.1552  0.2830 
   00629    0.4625    -978.1542  0.3151 
   00630    0.5075    -980.6722  0.3151 
   00631    0.4775   -1005.2246  0.3187 
   00632    0.4725    -948.5165  0.3416 
   00633    0.4950    -957.2478  0.3642 
   00634    0.4750    -985.8778  0.3643 
   00635    0.5075    -988.4897  0.3655 
   00636    0.4925    -936.5560  0.3735 
   00637    0.4725    -904.6387  0.3731 
   00638    0.4850    -926.8477  0.3458 
   00639    0.4550    -930.8655  0.3415 
   00640    0.4950    -977.2391  0.3219 
   00641    0.5200    -957.6482  0.3259 
   00642    0.4600    -981.0721  0.3114 
   00643    0.4925    -962.7040  0.3256 
   00644    0.5500    -969.1642  0.3318 
   00645    0.4800    -992.9668  0.3461 
   00646    0.4500    -945.9612  0.3509 
   00647    0.5025    -904.1348  0.3452 
   00648    0.5075    -873.2547  0.3243 
   00649    0.5200    -907.3376  0.3345 
   00650    0.4925    -930.5724  0.3355 
   00651    0.4975    -930.0856  0.3581 
   00652    0.4600    -962.5583  0.3862 
   00653    0.5400    -953.9421  0.3824 
   00654    0.4950    -973.2382  0.3811 
   00655    0.4950    -965.5264  0.3966 
   00656    0.5075    -941.2539  0.4199 
   00657    0.4600    -941.1857  0.4521 
   00658    0.4800    -969.9229  0.4821 
   00659    0.4800    -985.9614  0.4841 
   00660    0.4950   -1039.8693  0.4839 
   00661    0.4900   -1023.7216  0.4691 
   00662    0.4450   -1037.1899  0.4893 
   00663    0.4225   -1019.7033  0.4494 
   00664    0.4550    -989.1125  0.4488 
   00665    0.4775   -1002.0775  0.4536 
   00666    0.4950    -996.2317  0.4440 
   00667    0.4650    -998.8091  0.4645 
   00668    0.4250   -1015.2530  0.5030 
   00669    0.4600    -997.7017  0.4744 
   00670    0.4700    -991.5029  0.4685 
   00671    0.4975   -1030.9914  0.4559 
   00672    0.4575   -1012.9100  0.4488 
   00673    0.4675   -1030.3692  0.4557 
   00674    0.4850   -1004.8354  0.4443 
   00675    0.4850    -974.8717  0.4172 
   00676    0.4350    -992.9991  0.4124 
   00677    0.4450   -1011.0429  0.4097 
   00678    0.4600   -1002.7017  0.4430 
   00679    0.4500   -1018.1927  0.4596 
   00680    0.4700   -1015.3452  0.4759 
   00681    0.4875    -975.9186  0.4758 
   00682    0.5050    -946.4245  0.4735 
   00683    0.4650    -953.6546  0.4873 
   00684    0.4950    -968.4943  0.4753 
   00685    0.5500    -961.9267  0.4817 
   00686    0.4625    -916.1633  0.4638 
   00687    0.5400    -971.3231  0.4408 
   00688    0.5075    -947.3909  0.4342 
   00689    0.4725    -968.8649  0.4724 
   00690    0.4600    -976.9875  0.4761 
   00691    0.5200    -983.3026  0.4836 
   00692    0.5175    -956.4080  0.4916 
   00693    0.5075   -1008.8083  0.4667 
   00694    0.4975    -992.1794  0.4552 
   00695    0.4425    -969.7442  0.4470 
   00696    0.4425    -972.8794  0.4212 
   00697    0.5300   -1028.3990  0.4522 
   00698    0.4600    -985.4727  0.4319 
   00699    0.4575    -980.1326  0.4464 
   00700    0.4700    -938.4798  0.4134 
   00701    0.4900    -986.7617  0.4288 
   00702    0.4225   -1019.9937  0.4431 
   00703    0.4900   -1025.6203  0.4431 
   00704    0.4700   -1026.2811  0.4551 
   00705    0.4700    -996.0884  0.4338 
   00706    0.4750   -1016.8365  0.4234 
   00707    0.4975    -974.1347  0.4219 
   00708    0.5050    -947.8022  0.4159 
   00709    0.4550    -961.3015  0.4241 
   00710    0.4750    -953.2315  0.3923 
   00711    0.4875    -962.3418  0.3761 
   00712    0.4875    -949.8960  0.3644 
   00713    0.5300    -946.6350  0.4425 
   00714    0.5075    -986.5418  0.4218 
   00715    0.4950    -965.6384  0.4182 
   00716    0.4525    -938.9380  0.4195 
   00717    0.5225    -926.7851  0.4023 
   00718    0.4700    -933.1304  0.4016 
   00719    0.4850    -931.3867  0.3974 
   00720    0.5175    -904.3894  0.3683 
   00721    0.5450    -939.9106  0.3880 
   00722    0.4925    -952.1670  0.3785 
   00723    0.4625    -968.5577  0.3731 
   00724    0.4700    -968.3910  0.3561 
   00725    0.4675    -999.1043  0.3529 
   00726    0.4875    -984.6909  0.3577 
   00727    0.4950    -968.4153  0.3487 
   00728    0.5050    -990.0302  0.3304 
   00729    0.4750   -1009.7376  0.3446 
   00730    0.4475    -989.4542  0.3248 
   00731    0.4800    -978.3695  0.3217 
   00732    0.4650    -961.0678  0.3054 
   00733    0.5325    -922.1407  0.3180 
   00734    0.4925    -917.8513  0.3419 
   00735    0.4875    -935.5312  0.3103 
   00736    0.4925    -962.4421  0.3521 
   00737    0.4675    -949.5818  0.3704 
   00738    0.4550    -955.4026  0.3975 
   00739    0.5150    -954.6651  0.3891 
   00740    0.4875    -997.0703  0.3700 
   00741    0.4975    -993.1353  0.3693 
   00742    0.4675    -972.1644  0.3629 
   00743    0.4575    -946.1989  0.3379 
   00744    0.4800    -973.9234  0.3318 
   00745    0.4850    -983.6595  0.3302 
   00746    0.5125   -1026.1449  0.3225 
   00747    0.4200   -1021.9882  0.3003 
   00748    0.4250   -1015.9963  0.3060 
   00749    0.4850    -999.8819  0.2989 
   00750    0.4550    -970.8826  0.2918 
   00751    0.4675   -1036.0409  0.2879 
   00752    0.4725    -994.8334  0.2812 
   00753    0.4875   -1005.5661  0.2674 
   00754    0.5000   -1003.6433  0.3055 
   00755    0.5000    -994.2979  0.3064 
   00756    0.4925   -1009.3784  0.3137 
   00757    0.4325   -1035.4602  0.3276 
   00758    0.4325   -1018.1574  0.3419 
   00759    0.4475   -1027.2959  0.3260 
   00760    0.4475   -1018.2730  0.3430 
   00761    0.4150    -983.4492  0.3062 
   00762    0.4450    -992.0027  0.3323 
   00763    0.4325    -982.2189  0.3362 
   00764    0.4900   -1019.3555  0.3246 
   00765    0.4850   -1013.0056  0.3082 
   00766    0.4725   -1007.9884  0.3259 
   00767    0.4625   -1005.3371  0.3340 
   00768    0.4450    -989.1067  0.3481 
   00769    0.4350    -978.5272  0.3767 
   00770    0.5225    -979.9417  0.4159 
   00771    0.4525   -1012.0670  0.4382 
   00772    0.4225   -1005.9230  0.4404 
   00773    0.4625    -996.4832  0.4426 
   00774    0.4625   -1032.2489  0.4298 
   00775    0.4675   -1019.5051  0.4531 
   00776    0.4725   -1031.3094  0.4473 
   00777    0.4750   -1026.6804  0.4815 
   00778    0.4375   -1042.3129  0.4605 
   00779    0.4550   -1034.6453  0.4767 
   00780    0.4575   -1077.6692  0.4891 
   00781    0.4275   -1059.0357  0.5031 
   00782    0.4650   -1014.6422  0.4863 
   00783    0.4825   -1011.3788  0.4714 
   00784    0.4600   -1024.7626  0.4772 
   00785    0.4375   -1026.9515  0.4771 
   00786    0.4700   -1027.7251  0.5109 
   00787    0.4975   -1002.5437  0.5312 
   00788    0.4825    -976.8984  0.5000 
   00789    0.5025    -986.9263  0.5308 
   00790    0.4325   -1007.2500  0.5675 
   00791    0.4550   -1051.2207  0.5861 
   00792    0.4000   -1042.4955  0.5933 
   00793    0.4550   -1076.9170  0.6154 
   00794    0.4025   -1080.4183  0.6236 
   00795    0.3925   -1071.0688  0.6090 
   00796    0.3900   -1070.9314  0.6253 
   00797    0.4525   -1089.9926  0.6448 
   00798    0.4400   -1120.4248  0.6291 
   00799    0.4475   -1121.3999  0.6372 
   00800    0.4300   -1098.6103  0.6426 
   00801    0.3975   -1095.0220  0.6406 
   00802    0.4175   -1078.8971  0.6225 
   00803    0.4225   -1071.5478  0.6066 
   00804    0.4400   -1066.2258  0.5922 
   00805    0.4425   -1041.1513  0.5681 
   00806    0.4500   -1056.2229  0.5481 
   00807    0.4175   -1019.4848  0.5557 
   00808    0.4575   -1001.9103  0.5398 
   00809    0.4325    -977.3954  0.5087 
   00810    0.4600    -965.6033  0.5055 
   00811    0.4725    -908.9472  0.5013 
   00812    0.4750    -937.3386  0.4976 
   00813    0.5325    -963.3104  0.5348 
   00814    0.5075    -988.2724  0.5522 
   00815    0.4650    -992.1136  0.5472 
   00816    0.4625    -993.0136  0.5553 
   00817    0.4850   -1021.0645  0.5698 
   00818    0.4700   -1005.6046  0.5810 
   00819    0.4750    -990.6953  0.5729 
   00820    0.4575    -995.4888  0.5686 
   00821    0.4650    -996.6538  0.5530 
   00822    0.4475   -1017.8683  0.5346 
   00823    0.4475   -1010.8902  0.5372 
   00824    0.4850   -1028.4111  0.5290 
   00825    0.4850   -1028.3745  0.5308 
   00826    0.4675   -1035.4979  0.5363 
   00827    0.4275   -1006.8760  0.5469 
   00828    0.4450   -1036.5474  0.5340 
   00829    0.4525   -1036.7700  0.5269 
   00830    0.4500   -1040.1669  0.5113 
   00831    0.4575   -1049.4666  0.5307 
   00832    0.4575   -1065.7781  0.5287 
   00833    0.4125   -1059.5963  0.5224 
   00834    0.4225   -1054.3409  0.5063 
   00835    0.4700   -1035.5910  0.5356 
   00836    0.4450   -1032.4603  0.5038 
   00837    0.4600   -1039.8268  0.4825 
   00838    0.4700   -1041.2253  0.4744 
   00839    0.4725   -1078.6309  0.4865 
   00840    0.4350   -1089.6807  0.4656 
   00841    0.4200   -1083.8820  0.4817 
   00842    0.4700   -1099.6799  0.4755 
   00843    0.4450   -1085.9296  0.4819 
   00844    0.4000   -1080.4368  0.4964 
   00845    0.4925   -1027.0114  0.4823 
   00846    0.5175   -1027.5226  0.4560 
   00847    0.4700   -1027.6794  0.4492 
   00848    0.4575    -989.4354  0.4603 
   00849    0.4850    -956.2991  0.4292 
   00850    0.4750    -983.6198  0.4420 
   00851    0.4725    -934.5921  0.4088 
   00852    0.5175    -995.7527  0.4285 
   00853    0.4775    -976.7854  0.4155 
   00854    0.4900    -959.0906  0.3972 
   00855    0.4875    -951.6336  0.3848 
   00856    0.4725    -957.3620  0.3678 
   00857    0.4300    -974.1641  0.3753 
   00858    0.4975    -974.3269  0.3921 
   00859    0.4900    -970.8990  0.3498 
   00860    0.5075    -944.1910  0.3615 
   00861    0.4100    -960.1844  0.3679 
   00862    0.5100    -947.7000  0.3645 
   00863    0.4775    -945.5198  0.3783 
   00864    0.5000    -923.2280  0.3875 
   00865    0.4875    -954.8466  0.4132 
   00866    0.4550    -924.9027  0.3944 
   00867    0.5000    -956.7036  0.4096 
   00868    0.5025    -969.1710  0.3958 
   00869    0.4425    -931.1813  0.3809 
   00870    0.4625    -911.3404  0.3975 
   00871    0.4750    -907.5010  0.4113 
   00872    0.4975    -950.6947  0.4071 
   00873    0.4825    -960.1184  0.3776 
   00874    0.4675    -979.8730  0.3929 
   00875    0.4625   -1014.0484  0.3866 
   00876    0.4675   -1039.4569  0.3697 
   00877    0.4750   -1030.9993  0.3603 
   00878    0.4850   -1030.6630  0.3782 
   00879    0.4375   -1023.4220  0.3701 
   00880    0.5100   -1009.4607  0.3773 
   00881    0.4400   -1047.3582  0.3619 
   00882    0.4750   -1035.6954  0.3661 
   00883    0.4375   -1031.3872  0.3785 
   00884    0.4725   -1014.9977  0.4064 
   00885    0.4775   -1023.7945  0.3930 
   00886    0.4250   -1011.7595  0.4046 
   00887    0.4875    -998.9149  0.3912 
   00888    0.4625    -976.9059  0.3488 
   00889    0.4525    -969.1065  0.3522 
   00890    0.4600    -960.7983  0.3477 
   00891    0.5000    -944.9868  0.3242 
   00892    0.5200    -941.3325  0.3428 
   00893    0.5100    -901.4873  0.3345 
   00894    0.4925    -957.0872  0.3575 
   00895    0.4625    -977.7603  0.3844 
   00896    0.5025    -980.5193  0.3802 
   00897    0.5000    -971.4020  0.3743 
   00898    0.4725   -1015.6635  0.4012 
   00899    0.4525    -969.5571  0.4087 
   00900    0.4725    -985.6562  0.4158 
   00901    0.5075    -987.2347  0.4199 
   00902    0.5150    -992.8820  0.3906 
   00903    0.4850    -992.9502  0.3862 
   00904    0.4575    -989.9018  0.3669 
   00905    0.4525    -971.1472  0.3600 
   00906    0.4650    -977.2470  0.3573 
   00907    0.4625    -972.9823  0.3705 
   00908    0.5200    -974.9999  0.3519 
   00909    0.4750   -1004.7414  0.3432 
   00910    0.5400    -984.3962  0.3357 
   00911    0.5075    -982.9225  0.3485 
   00912    0.4600    -993.3342  0.3208 
   00913    0.4800    -981.0439  0.3343 
   00914    0.4700    -983.9247  0.3431 
   00915    0.4850   -1007.2095  0.3614 
   00916    0.5075   -1004.6165  0.3695 
   00917    0.4275   -1004.4375  0.3590 
   00918    0.4575   -1002.1752  0.3661 
   00919    0.4475   -1012.0555  0.3663 
   00920    0.4700    -997.2944  0.3369 
   00921    0.4975    -964.3482  0.3541 
   00922    0.5075    -959.8893  0.3676 
   00923    0.4975    -936.5997  0.3605 
   00924    0.5125    -935.4672  0.3203 
   00925    0.4850    -933.2562  0.3442 
   00926    0.5175    -898.9733  0.3303 
   00927    0.5125    -927.3654  0.3729 
   00928    0.5175    -891.1601  0.3425 
   00929    0.4950    -909.2184  0.3297 
   00930    0.4950    -910.0783  0.3596 
   00931    0.5275    -906.4920  0.3800 
   00932    0.5025    -892.9050  0.3779 
   00933    0.4900    -956.3610  0.3795 
   00934    0.5150   -1008.5778  0.3903 
   00935    0.4225   -1048.2411  0.4020 
   00936    0.4725   -1040.6010  0.4051 
   00937    0.4575   -1014.6464  0.3917 
   00938    0.4325    -980.7131  0.3836 
   00939    0.4925    -993.0594  0.3767 
   00940    0.4725    -976.1105  0.3899 
   00941    0.4825    -980.1454  0.4014 
   00942    0.5200    -981.9333  0.4095 
   00943    0.4750    -974.9019  0.4034 
   00944    0.4650   -1030.1060  0.4298 
   00945    0.4475   -1036.2396  0.4295 
   00946    0.4425   -1028.4991  0.4361 
   00947    0.4725   -1017.1910  0.4445 
   00948    0.4900   -1012.2807  0.4543 
   00949    0.4800    -990.4498  0.4862 
   00950    0.4775    -996.6872  0.4985 
   00951    0.4550    -986.1774  0.4760 
   00952    0.4300    -988.6698  0.4690 
   00953    0.4725    -940.5958  0.4316 
   00954    0.4550    -966.9507  0.4550 
   00955    0.4675    -970.5221  0.4603 
   00956    0.4575    -978.0436  0.4369 
   00957    0.4725    -981.6305  0.4115 
   00958    0.4525    -967.0238  0.4014 
   00959    0.4575    -973.2762  0.4104 
   00960    0.4800    -932.9292  0.4062 
   00961    0.4750    -937.1089  0.4134 
   00962    0.5150    -967.6158  0.3978 
   00963    0.4825    -939.9142  0.3859 
   00964    0.4925    -962.8937  0.3890 
   00965    0.4675    -942.7728  0.3894 
   00966    0.5275    -948.5855  0.3888 
   00967    0.4825    -940.5458  0.4047 
   00968    0.4775    -983.5952  0.4235 
   00969    0.5025    -971.0911  0.4203 
   00970    0.5050    -972.5868  0.4193 
   00971    0.5025    -992.8330  0.4474 
   00972    0.4325    -985.1663  0.4715 
   00973    0.4950   -1021.2651  0.4882 
   00974    0.4400    -960.6112  0.4771 
   00975    0.5150    -937.4393  0.4901 
   00976    0.5075    -975.0026  0.4998 
   00977    0.5000    -964.0041  0.4771 
   00978    0.4700    -986.9321  0.4852 
   00979    0.4825    -986.7888  0.5042 
   00980    0.4925    -988.5501  0.4867 
   00981    0.4475   -1002.5850  0.4969 
   00982    0.4675    -989.4473  0.4775 
   00983    0.5325    -965.1188  0.4624 
   00984    0.4025    -937.0079  0.4627 
   00985    0.4650    -959.4829  0.4678 
   00986    0.4975    -970.9379  0.4634 
   00987    0.4600    -962.7162  0.4399 
   00988    0.5300    -948.6812  0.4423 
   00989    0.4825    -937.8695  0.4494 
   00990    0.4700    -937.0983  0.4580 
   00991    0.4650    -953.4563  0.4376 
   00992    0.4825    -942.5063  0.3813 
   00993    0.5100    -875.3586  0.3554 
   00994    0.5200    -922.6607  0.3568 
   00995    0.4525    -890.9875  0.3617 
   00996    0.4875    -924.5670  0.3522 
   00997    0.4800    -881.2943  0.3585 
   00998    0.5075    -891.7654  0.3368 
   00999    0.5100    -919.5607  0.3457 
   01000    0.5200    -925.6918  0.3648 
