#=====================================================
# File created:        Wed-05-Nov-2025-at-05-07-36AM
# Size of lattice:     20x20
# Number of MC steps:  1000
# Reduced temperature: 1.250
# Run time (s):        0.158607
#=====================================================
# MC step:  Ratio:     Energy:   Order:
#=====================================================
   00000    0.5000    -433.0642  0.2764 
   00001    0.7100    -610.5866  0.2691 
   00002    0.6125    -684.2675  0.2581 
   00003    0.6050    -708.7862  0.3045 
   00004    0.6250    -766.1847  0.2792 
   00005    0.6075    -773.1828  0.2919 
   00006    0.6375    -789.3550  0.3046 
   00007    0.5725    -799.2465  0.3321 
   00008    0.6075    -804.6683  0.3184 
   00009    0.5825    -789.6422  0.3369 
   00010    0.5425    -793.8501  0.3393 
   00011    0.5700    -778.3518  0.3452 
   00012    0.6025    -759.7373  0.3952 
   00013    0.6000    -770.2141  0.3648 
   00014    0.5875    -784.5602  0.3943 
   00015    0.5575    -835.1167  0.3420 
   00016    0.5800    -823.2958  0.3306 
   00017    0.5375    -793.5194  0.3324 
   00018    0.5500    -856.9253  0.3447 
   00019    0.5450    -863.3495  0.3342 
   00020    0.5900    -863.9061  0.3561 
   00021    0.5725    -817.2898  0.3366 
   00022    0.5525    -821.5831  0.3629 
   00023    0.5850    -826.6121  0.3206 
   00024    0.5075    -846.0093  0.3645 
   00025    0.5750    -793.2589  0.3651 
   00026    0.6125    -831.6904  0.3662 
   00027    0.5325    -817.4164  0.3650 
   00028    0.5525    -832.5350  0.3426 
   00029    0.5625    -807.7000  0.3096 
   00030    0.5475    -810.2540  0.2708 
   00031    0.5950    -780.6912  0.2709 
   00032    0.6075    -801.6047  0.2666 
   00033    0.5800    -763.8376  0.2939 
   00034    0.6300    -795.1466  0.3137 
   00035    0.5800    -799.3179  0.3050 
   00036    0.6000    -787.3902  0.2912 
   00037    0.5800    -758.2533  0.3067 
   00038    0.5775    -782.5320  0.2868 
   00039    0.5775    -801.4034  0.2771 
   00040    0.5500    -834.7336  0.2756 
   00041    0.5525    -817.5815  0.2719 
   00042    0.5600    -800.8789  0.2662 
   00043    0.5725    -792.0674  0.2658 
   00044    0.5825    -822.9520  0.3115 
   00045    0.6075    -826.2440  0.3367 
   00046    0.5750    -829.9261  0.3234 
   00047    0.5050    -858.7253  0.3368 
   00048    0.5725    -807.6666  0.2856 
   00049    0.5225    -795.7939  0.2998 
   00050    0.5475    -777.2722  0.2742 
   00051    0.5700    -812.0123  0.2658 
   00052    0.5950    -802.8304  0.2689 
   00053    0.6375    -817.1524  0.2748 
   00054    0.5650    -814.1178  0.2712 
   00055    0.5875    -800.9813  0.2838 
   00056    0.5650    -833.4612  0.3052 
   00057    0.5500    -832.5817  0.3299 
   00058    0.5975    -836.6787  0.3317 
   00059    0.5700    -770.7123  0.2986 
   00060    0.6400    -811.9849  0.2917 
   00061    0.5650    -779.8919  0.2842 
   00062    0.6000    -759.4848  0.2616 
   00063    0.5500    -773.2330  0.2697 
   00064    0.5750    -781.1489  0.2881 
   00065    0.5725    -819.5029  0.3203 
   00066    0.6225    -799.5664  0.3318 
   00067    0.5750    -822.4674  0.3592 
   00068    0.5675    -791.4074  0.4121 
   00069    0.6100    -802.1123  0.3865 
   00070    0.5575    -796.3635  0.3601 
   00071    0.6175    -741.7831  0.3460 
   00072    0.5950    -778.3315  0.3269 
   00073    0.5900    -774.9559  0.3662 
   00074    0.6125    -745.5986  0.3422 
   00075    0.5850    -785.0267  0.3447 
   00076    0.6250    -797.8209  0.3461 
   00077    0.5925    -798.5852  0.3063 
   00078    0.6150    -799.6856  0.3064 
   00079    0.5825    -789.1192  0.2878 
   00080    0.6150    -773.8839  0.2795 
   00081    0.6000    -810.4189  0.2957 
   00082    0.5750    -793.1958  0.3046 
   00083    0.6000    -797.2066  0.3302 
   00084    0.5400    -805.8716  0.3247 
   00085    0.5575    -810.3104  0.3469 
   00086    0.6025    -810.2357  0.3203 
   00087    0.5825    -808.6229  0.2887 
   00088    0.5750    -807.5158  0.3254 
   00089    0.5725    -824.8743  0.2743 
   00090    0.5925    -790.0899  0.2727 
   00091    0.6025    -809.1280  0.2768 
   00092    0.5250    -802.9770  0.2639 
   00093    0.5900    -779.8077  0.2697 
   00094    0.5825    -743.3508  0.3031 
   00095    0.6000    -745.1926  0.3236 
   00096    0.6250    -723.8138  0.3508 
   00097    0.6025    -759.3902  0.3315 
   00098    0.5675    -783.5357  0.3330 
   00099    0.5975    -777.6308  0.3514 
   00100    0.6150    -781.4154  0.3915 
   00101    0.5800    -776.8384  0.4044 
   00102    0.6075    -853.1825  0.4143 
   00103    0.5675    -856.7433  0.3995 
   00104    0.5400    -819.4810  0.3660 
   00105    0.6125    -790.6876  0.3648 
   00106    0.6100    -772.5599  0.3376 
   00107    0.5700    -806.4814  0.3756 
   00108    0.5900    -795.7473  0.3531 
   00109    0.5875    -809.0281  0.3690 
   00110    0.5350    -853.7769  0.3490 
   00111    0.5500    -821.5899  0.3557 
   00112    0.5875    -790.6410  0.3432 
   00113    0.5875    -768.0802  0.3817 
   00114    0.5675    -764.7375  0.3612 
   00115    0.6025    -743.4850  0.3387 
   00116    0.6100    -817.8220  0.3695 
   00117    0.5625    -818.4747  0.3715 
   00118    0.6125    -799.7762  0.3748 
   00119    0.5475    -807.6534  0.3757 
   00120    0.5850    -797.9749  0.4316 
   00121    0.6075    -803.6709  0.3927 
   00122    0.6175    -799.3250  0.4178 
   00123    0.5450    -782.1308  0.4051 
   00124    0.5950    -827.9488  0.4029 
   00125    0.4975    -813.0672  0.4160 
   00126    0.5075    -847.5997  0.4245 
   00127    0.5900    -841.8179  0.4137 
   00128    0.5600    -830.4282  0.3978 
   00129    0.5625    -846.4654  0.3990 
   00130    0.5825    -847.1659  0.3713 
   00131    0.5550    -843.8250  0.3588 
   00132    0.5725    -838.6273  0.3783 
   00133    0.5475    -805.4721  0.3661 
   00134    0.5425    -809.6733  0.3756 
   00135    0.5775    -839.4460  0.3981 
   00136    0.5575    -821.5752  0.4089 
   00137    0.5900    -824.8797  0.4250 
   00138    0.5975    -800.7822  0.4074 
   00139    0.6175    -790.6648  0.3999 
   00140    0.5950    -789.4023  0.3982 
   00141    0.5875    -782.3697  0.3869 
   00142    0.5875    -814.1420  0.3656 
   00143    0.6000    -807.7693  0.3292 
   00144    0.5850    -780.0995  0.2903 
   00145    0.5625    -795.5215  0.2794 
   00146    0.5400    -778.1583  0.2959 
   00147    0.5975    -778.7782  0.2977 
   00148    0.5950    -784.5864  0.3053 
   00149    0.5625    -833.9301  0.3075 
   00150    0.5250    -847.6503  0.3219 
   00151    0.5550    -865.2581  0.3577 
   00152    0.4950    -812.5671  0.4018 
   00153    0.5550    -830.8737  0.3609 
   00154    0.5350    -803.0370  0.3152 
   00155    0.5700    -785.4225  0.3220 
   00156    0.6225    -792.5441  0.3174 
   00157    0.5500    -794.4033  0.3295 
   00158    0.6200    -811.9050  0.3112 
   00159    0.6000    -762.6071  0.3243 
   00160    0.6400    -750.3022  0.2939 
   00161    0.6350    -741.0985  0.3483 
   00162    0.5750    -744.9905  0.3315 
   00163    0.5550    -797.0295  0.3492 
   00164    0.6000    -823.7714  0.3836 
   00165    0.6225    -783.7442  0.3445 
   00166    0.5950    -805.2681  0.3437 
   00167    0.5900    -745.7103  0.3451 
   00168    0.5700    -773.4379  0.3491 
   00169    0.5675    -814.2802  0.3578 
   00170    0.5975    -731.4688  0.3357 
   00171    0.5900    -730.8737  0.2841 
   00172    0.6175    -746.8060  0.2805 
   00173    0.6075    -777.0011  0.2954 
   00174    0.5575    -759.3677  0.2896 
   00175    0.6125    -791.6846  0.3202 
   00176    0.5750    -781.3653  0.3343 
   00177    0.5700    -761.4760  0.2999 
   00178    0.6325    -760.0195  0.2657 
   00179    0.5525    -773.9699  0.2695 
   00180    0.5550    -812.8741  0.2796 
   00181    0.5425    -825.2380  0.2858 
   00182    0.5400    -856.9375  0.3631 
   00183    0.5475    -829.1264  0.3700 
   00184    0.6200    -840.2337  0.3633 
   00185    0.6025    -803.9186  0.3357 
   00186    0.5925    -781.8849  0.3128 
   00187    0.5800    -803.6650  0.3107 
   00188    0.5750    -815.8780  0.3440 
   00189    0.5425    -811.5415  0.3457 
   00190    0.5550    -808.6586  0.3145 
   00191    0.5400    -813.7962  0.3205 
   00192    0.5475    -832.7645  0.3200 
   00193    0.5750    -914.6568  0.3285 
   00194    0.5350    -909.2523  0.3470 
   00195    0.5675    -854.1465  0.3505 
   00196    0.5500    -843.4048  0.3298 
   00197    0.5875    -822.2467  0.3227 
   00198    0.5725    -784.9222  0.3035 
   00199    0.5425    -775.7654  0.3220 
   00200    0.5575    -785.8571  0.3045 
   00201    0.5950    -775.2887  0.2858 
   00202    0.5650    -770.7130  0.2917 
   00203    0.5925    -765.1908  0.3414 
   00204    0.6050    -783.8645  0.3681 
   00205    0.5875    -767.9583  0.3469 
   00206    0.5575    -778.9179  0.3459 
   00207    0.5750    -814.9186  0.3085 
   00208    0.5875    -824.6362  0.2887 
   00209    0.5350    -860.2439  0.3041 
   00210    0.5925    -840.1787  0.3119 
   00211    0.6050    -830.5624  0.3183 
   00212    0.5050    -845.1021  0.3826 
   00213    0.5350    -851.2649  0.3704 
   00214    0.5775    -838.5254  0.3758 
   00215    0.5925    -815.6462  0.3921 
   00216    0.5925    -770.2023  0.3577 
   00217    0.5825    -814.2085  0.3653 
   00218    0.5700    -795.9404  0.3381 
   00219    0.5750    -790.1689  0.3129 
   00220    0.5850    -831.6945  0.3350 
   00221    0.5375    -820.8129  0.3374 
   00222    0.5425    -835.3728  0.3699 
   00223    0.5450    -804.5251  0.3505 
   00224    0.5725    -785.9714  0.3598 
   00225    0.5600    -815.6341  0.3634 
   00226    0.5775    -802.6391  0.3625 
   00227    0.5500    -780.7519  0.3543 
   00228    0.6300    -809.6233  0.3596 
   00229    0.6150    -802.4800  0.3410 
   00230    0.6025    -862.1804  0.3535 
   00231    0.6000    -850.2563  0.3276 
   00232    0.5325    -839.7007  0.3556 
   00233    0.5600    -880.6548  0.3659 
   00234    0.4900    -858.2767  0.3454 
   00235    0.5750    -890.1425  0.3304 
   00236    0.5475    -900.9995  0.3320 
   00237    0.5575    -871.6680  0.3142 
   00238    0.5600    -844.5366  0.2944 
   00239    0.5850    -841.6142  0.3346 
   00240    0.5825    -782.1015  0.3307 
   00241    0.5800    -787.6134  0.3081 
   00242    0.5350    -815.3166  0.3570 
   00243    0.5750    -827.8963  0.3582 
   00244    0.5875    -798.3304  0.3589 
   00245    0.6025    -807.3680  0.3744 
   00246    0.5650    -780.2390  0.3710 
   00247    0.6200    -795.6412  0.3714 
   00248    0.5825    -749.7375  0.3820 
   00249    0.5725    -766.6458  0.3605 
   00250    0.5525    -797.2889  0.3604 
   00251    0.6275    -802.0433  0.3145 
   00252    0.5650    -839.3011  0.2927 
   00253    0.6075    -816.6663  0.2798 
   00254    0.5625    -807.3451  0.2745 
   00255    0.6000    -779.9173  0.2926 
   00256    0.5700    -754.1746  0.2913 
   00257    0.5500    -728.3340  0.2826 
   00258    0.5925    -802.5655  0.3033 
   00259    0.5750    -792.3338  0.3334 
   00260    0.5350    -798.5679  0.3426 
   00261    0.5850    -820.6111  0.3199 
   00262    0.5375    -780.8123  0.3146 
   00263    0.6075    -757.1848  0.3589 
   00264    0.5900    -810.2933  0.3294 
   00265    0.5225    -801.3208  0.3409 
   00266    0.6075    -823.6915  0.3552 
   00267    0.5800    -841.0803  0.3370 
   00268    0.5825    -849.5640  0.3374 
   00269    0.5625    -846.2088  0.3214 
   00270    0.5625    -823.3308  0.3151 
   00271    0.5475    -795.2103  0.3165 
   00272    0.5825    -731.9319  0.3114 
   00273    0.5900    -732.3275  0.3092 
   00274    0.6000    -759.7786  0.3222 
   00275    0.5525    -787.7445  0.3531 
   00276    0.5950    -836.9415  0.3358 
   00277    0.5475    -853.1576  0.3145 
   00278    0.5750    -834.1456  0.2763 
   00279    0.5850    -809.6923  0.2614 
   00280    0.5650    -815.7965  0.2862 
   00281    0.5950    -798.1976  0.2804 
   00282    0.5900    -757.9152  0.3226 
   00283    0.5400    -798.0019  0.3133 
   00284    0.6275    -785.9901  0.3492 
   00285    0.5900    -820.8116  0.3447 
   00286    0.5475    -823.2427  0.3538 
   00287    0.6025    -826.8453  0.3655 
   00288    0.6000    -822.8695  0.3376 
   00289    0.5675    -819.7840  0.3513 
   00290    0.5650    -809.6962  0.3855 
   00291    0.5925    -780.9523  0.3334 
   00292    0.5900    -780.1222  0.3346 
   00293    0.6175    -767.7784  0.3306 
   00294    0.6100    -763.9756  0.3153 
   00295    0.5800    -779.1267  0.3080 
   00296    0.5750    -783.9154  0.2715 
   00297    0.5725    -730.1964  0.2851 
   00298    0.6000    -787.6629  0.2666 
   00299    0.5500    -815.6507  0.2979 
   00300    0.5650    -819.0007  0.2922 
   00301    0.5800    -845.6574  0.2877 
   00302    0.5750    -847.0625  0.2780 
   00303    0.5550    -867.1310  0.3020 
   00304    0.5625    -804.9522  0.2899 
   00305    0.5550    -836.2972  0.2708 
   00306    0.5300    -860.1763  0.3007 
   00307    0.5550    -817.2568  0.3135 
   00308    0.5750    -848.6984  0.3093 
   00309    0.5875    -872.3398  0.3192 
   00310    0.5450    -803.5529  0.3126 
   00311    0.5950    -795.6137  0.3031 
   00312    0.6200    -798.3487  0.2726 
   00313    0.6000    -814.4545  0.3141 
   00314    0.5575    -858.3437  0.3478 
   00315    0.5850    -790.0213  0.3247 
   00316    0.5800    -783.6756  0.3188 
   00317    0.5750    -765.1559  0.3159 
   00318    0.5675    -789.3613  0.2679 
   00319    0.5950    -793.9516  0.2568 
   00320    0.5725    -811.9571  0.2819 
   00321    0.6000    -788.9280  0.3030 
   00322    0.5425    -801.6500  0.3280 
   00323    0.5575    -817.2992  0.2930 
   00324    0.5575    -839.6964  0.2953 
   00325    0.5450    -813.5883  0.3085 
   00326    0.5775    -748.3366  0.3245 
   00327    0.5475    -786.4159  0.2788 
   00328    0.5900    -844.8506  0.3027 
   00329    0.5675    -838.1315  0.2740 
   00330    0.5375    -800.9871  0.2613 
   00331    0.5900    -794.0379  0.2755 
   00332    0.6025    -761.7329  0.2746 
   00333    0.5950    -807.8345  0.2694 
   00334    0.5325    -796.8859  0.2601 
   00335    0.5625    -802.3088  0.2621 
   00336    0.5775    -785.8622  0.3000 
   00337    0.5875    -793.1839  0.3050 
   00338    0.5650    -781.4772  0.2965 
   00339    0.6175    -757.1667  0.2866 
   00340    0.5900    -806.0611  0.2973 
   00341    0.6175    -829.2903  0.3041 
   00342    0.5550    -843.0744  0.2817 
   00343    0.5900    -881.9420  0.2649 
   00344    0.5825    -857.1177  0.2905 
   00345    0.5375    -858.6114  0.3053 
   00346    0.5525    -862.7599  0.3572 
   00347    0.5675    -866.3600  0.3183 
   00348    0.5550    -879.3541  0.3117 
   00349    0.5525    -807.4398  0.2876 
   00350    0.5650    -765.5264  0.2925 
   00351    0.5825    -775.3510  0.2835 
   00352    0.5750    -808.1426  0.2751 
   00353    0.5700    -818.7051  0.2956 
   00354    0.6025    -861.5130  0.3406 
   00355    0.5275    -847.1664  0.3807 
   00356    0.5425    -847.3163  0.4026 
   00357    0.4950    -800.2564  0.4312 
   00358    0.5950    -791.7694  0.4071 
   00359    0.5775    -792.5157  0.3945 
   00360    0.5850    -830.1802  0.3788 
   00361    0.6350    -830.3135  0.3804 
   00362    0.5700    -850.3818  0.3966 
   00363    0.5300    -846.1070  0.4046 
   00364    0.5175    -814.0225  0.4031 
   00365    0.5900    -812.6587  0.4019 
   00366    0.5600    -802.7886  0.4070 
   00367    0.5725    -826.5724  0.4023 
   00368    0.5725    -805.4311  0.4339 
   00369    0.5800    -824.3790  0.4368 
   00370    0.5825    -804.3452  0.4284 
   00371    0.5525    -860.9994  0.4208 
   00372    0.5675    -834.1554  0.4026 
   00373    0.5500    -850.1496  0.3679 
   00374    0.5750    -814.0466  0.2981 
   00375    0.5800    -802.3173  0.2941 
   00376    0.5925    -766.7589  0.3155 
   00377    0.5600    -759.9327  0.3146 
   00378    0.5825    -756.4582  0.2869 
   00379    0.5625    -767.4551  0.3205 
   00380    0.5400    -801.4562  0.3351 
   00381    0.5750    -840.0858  0.2989 
   00382    0.5775    -833.9581  0.3130 
   00383    0.5875    -824.2980  0.3277 
   00384    0.5850    -828.1120  0.3353 
   00385    0.5625    -825.5853  0.3456 
   00386    0.5525    -869.7233  0.3372 
   00387    0.5700    -876.4145  0.3417 
   00388    0.5750    -822.3200  0.3065 
   00389    0.5525    -832.7546  0.3084 
   00390    0.6025    -787.5944  0.3099 
   00391    0.5675    -805.6710  0.3002 
   00392    0.5475    -783.2901  0.3133 
   00393    0.5650    -769.6784  0.3286 
   00394    0.6125    -723.5267  0.3550 
   00395    0.6225    -775.3279  0.3949 
   00396    0.5825    -793.0675  0.3871 
   00397    0.5825    -777.6312  0.3750 
   00398    0.6225    -792.3374  0.3750 
   00399    0.6175    -834.8999  0.3666 
   00400    0.5750    -795.1411  0.3527 
   00401    0.5750    -783.2620  0.3065 
   00402    0.5900    -808.1546  0.3278 
   00403    0.5325    -757.8024  0.3211 
   00404    0.6150    -749.1392  0.3054 
   00405    0.6000    -770.2990  0.2961 
   00406    0.6025    -816.5735  0.3097 
   00407    0.5625    -794.4104  0.3119 
   00408    0.6275    -751.3102  0.3156 
   00409    0.5775    -755.5769  0.3280 
   00410    0.6200    -772.9960  0.3442 
   00411    0.6000    -785.2937  0.3498 
   00412    0.6125    -789.6222  0.3560 
   00413    0.6050    -762.1357  0.3206 
   00414    0.5725    -753.6250  0.3309 
   00415    0.5925    -755.8917  0.3494 
   00416    0.6450    -800.4623  0.3036 
   00417    0.6050    -811.8132  0.3431 
   00418    0.5575    -791.4604  0.3102 
   00419    0.6525    -762.6719  0.3052 
   00420    0.5675    -772.7843  0.3143 
   00421    0.6275    -748.6774  0.3166 
   00422    0.5675    -743.6288  0.2871 
   00423    0.6225    -795.6589  0.2680 
   00424    0.5525    -798.6059  0.2690 
   00425    0.5275    -799.2599  0.2782 
   00426    0.5475    -767.1350  0.2832 
   00427    0.5750    -739.6322  0.2782 
   00428    0.6025    -742.6588  0.2825 
   00429    0.5900    -791.4757  0.2730 
   00430    0.5625    -821.0495  0.3052 
   00431    0.5575    -806.7549  0.3265 
   00432    0.5925    -808.8079  0.3366 
   00433    0.5350    -877.0982  0.3374 
   00434    0.5425    -841.6160  0.3828 
   00435    0.5600    -812.9698  0.3235 
   00436    0.5525    -774.7256  0.3374 
   00437    0.5600    -792.4144  0.3659 
   00438    0.5725    -785.8758  0.3534 
   00439    0.5725    -814.2176  0.3751 
   00440    0.5475    -828.3441  0.3551 
   00441    0.5875    -836.3443  0.3523 
   00442    0.5750    -772.5180  0.3516 
   00443    0.6375    -794.7397  0.3135 
   00444    0.5675    -781.9052  0.3111 
   00445    0.5950    -755.0837  0.2743 
   00446    0.6225    -739.6097  0.2655 
   00447    0.5925    -775.3947  0.3083 
   00448    0.6000    -869.5093  0.3115 
   00449    0.5250    -831.1891  0.2953 
   00450    0.6025    -798.4911  0.2750 
   00451    0.5625    -812.7280  0.2787 
   00452    0.5975    -804.9046  0.2831 
   00453    0.5450    -773.0921  0.2812 
   00454    0.5800    -807.1605  0.2874 
   00455    0.5350    -790.5163  0.3024 
   00456    0.5625    -828.2213  0.3017 
   00457    0.5500    -857.9652  0.3061 
   00458    0.5725    -839.4176  0.2728 
   00459    0.5750    -840.5417  0.2635 
   00460    0.5350    -835.9387  0.2682 
   00461    0.5400    -823.8890  0.2854 
   00462    0.5700    -804.4237  0.2938 
   00463    0.5475    -832.3585  0.2810 
   00464    0.5625    -852.7486  0.3032 
   00465    0.5400    -855.5131  0.3074 
   00466    0.5600    -832.2132  0.2972 
   00467    0.6000    -817.6814  0.2680 
   00468    0.5825    -838.0542  0.2960 
   00469    0.5525    -833.6102  0.3324 
   00470    0.6425    -805.1315  0.3671 
   00471    0.5825    -792.6561  0.3426 
   00472    0.5675    -771.0998  0.3297 
   00473    0.5525    -794.9790  0.3390 
   00474    0.5775    -813.6926  0.3443 
   00475    0.5400    -831.5758  0.3797 
   00476    0.5875    -826.1951  0.3590 
   00477    0.5600    -800.6443  0.3276 
   00478    0.5825    -806.0509  0.3170 
   00479    0.5750    -805.3786  0.3579 
   00480    0.5525    -836.7669  0.3756 
   00481    0.5475    -862.8875  0.3133 
   00482    0.5425    -860.3621  0.3202 
   00483    0.6025    -845.6266  0.3045 
   00484    0.5675    -842.2072  0.3009 
   00485    0.5550    -802.1185  0.3212 
   00486    0.5725    -759.4509  0.3139 
   00487    0.5850    -809.6362  0.3527 
   00488    0.5850    -789.3190  0.3310 
   00489    0.5750    -805.8718  0.3246 
   00490    0.5775    -772.6213  0.3328 
   00491    0.5725    -753.2664  0.3006 
   00492    0.5775    -736.7477  0.2946 
   00493    0.5925    -761.0735  0.2714 
   00494    0.6050    -769.8058  0.2960 
   00495    0.5850    -729.8340  0.2995 
   00496    0.6625    -765.0331  0.3203 
   00497    0.5450    -818.0557  0.3417 
   00498    0.5650    -806.5386  0.3339 
   00499    0.5400    -875.0209  0.3562 
   00500    0.5325    -844.4148  0.3613 
   00501    0.5300    -850.0503  0.3803 
   00502    0.5850    -821.2651  0.3536 
   00503    0.6100    -809.0533  0.3574 
   00504    0.5550    -809.9731  0.3109 
   00505    0.6000    -814.5725  0.3284 
   00506    0.5825    -816.3731  0.3429 
   00507    0.5425    -784.5283  0.3609 
   00508    0.5600    -805.6191  0.3492 
   00509    0.6025    -740.1887  0.3620 
   00510    0.6025    -772.4181  0.3534 
   00511    0.5975    -791.7650  0.3393 
   00512    0.5975    -759.6858  0.3134 
   00513    0.6550    -766.2618  0.3151 
   00514    0.5675    -785.9448  0.3095 
   00515    0.5975    -756.1213  0.3090 
   00516    0.6100    -805.8878  0.3395 
   00517    0.6075    -826.3541  0.3383 
   00518    0.5700    -817.3807  0.3645 
   00519    0.5400    -831.7900  0.3850 
   00520    0.5600    -854.7375  0.4077 
   00521    0.5625    -823.7608  0.3986 
   00522    0.5325    -784.9571  0.3919 
   00523    0.6050    -744.4534  0.3981 
   00524    0.6300    -742.2652  0.3899 
   00525    0.6125    -729.8260  0.3627 
   00526    0.6150    -742.5316  0.3378 
   00527    0.5800    -776.5087  0.3255 
   00528    0.5600    -774.6112  0.3416 
   00529    0.5950    -785.3958  0.3417 
   00530    0.5775    -759.5105  0.3583 
   00531    0.6375    -784.6739  0.3129 
   00532    0.5550    -812.1392  0.3203 
   00533    0.5650    -808.0808  0.3542 
   00534    0.5900    -805.7009  0.3209 
   00535    0.5825    -762.5803  0.3087 
   00536    0.5825    -786.8697  0.3473 
   00537    0.6125    -763.9401  0.2870 
   00538    0.5550    -778.2271  0.2616 
   00539    0.6175    -777.4183  0.3131 
   00540    0.5825    -793.6419  0.3159 
   00541    0.5525    -765.1618  0.2947 
   00542    0.5650    -781.9373  0.2791 
   00543    0.5850    -778.9854  0.2751 
   00544    0.6250    -855.2829  0.2730 
   00545    0.5300    -854.0544  0.3063 
   00546    0.5300    -797.6943  0.2704 
   00547    0.5725    -818.4664  0.2733 
   00548    0.5675    -836.1274  0.2797 
   00549    0.5900    -813.8559  0.3040 
   00550    0.5575    -830.4357  0.2950 
   00551    0.5625    -824.7659  0.3017 
   00552    0.5125    -833.2935  0.2931 
   00553    0.5350    -803.8174  0.3019 
   00554    0.5825    -828.8412  0.3058 
   00555    0.5675    -823.4786  0.3358 
   00556    0.5800    -862.2495  0.2990 
   00557    0.5375    -857.0036  0.2984 
   00558    0.5775    -836.9765  0.3279 
   00559    0.5900    -849.2173  0.3578 
   00560    0.5750    -841.6039  0.3001 
   00561    0.5775    -854.1752  0.3296 
   00562    0.5225    -850.9494  0.3194 
   00563    0.5225    -872.2326  0.3001 
   00564    0.5375    -811.1080  0.2739 
   00565    0.5575    -828.5155  0.2573 
   00566    0.6275    -785.4507  0.2744 
   00567    0.5525    -769.6759  0.2567 
   00568    0.6075    -765.4618  0.2847 
   00569    0.6100    -718.0183  0.2772 
   00570    0.6100    -765.6651  0.2870 
   00571    0.5700    -783.6096  0.3024 
   00572    0.5675    -794.8526  0.2929 
   00573    0.5725    -810.2077  0.2900 
   00574    0.5825    -828.0754  0.3084 
   00575    0.6050    -799.2717  0.3129 
   00576    0.5775    -839.8635  0.3383 
   00577    0.5450    -815.0333  0.3076 
   00578    0.5850    -745.6162  0.3427 
   00579    0.6150    -803.1406  0.3409 
   00580    0.5625    -822.8486  0.3073 
   00581    0.5275    -827.7036  0.2823 
   00582    0.5475    -787.8126  0.2828 
   00583    0.5775    -793.6326  0.3233 
   00584    0.6050    -776.8368  0.3217 
   00585    0.6400    -781.4590  0.3251 
   00586    0.5875    -763.3811  0.2593 
   00587    0.6200    -772.0685  0.2719 
   00588    0.5700    -764.6548  0.2673 
   00589    0.5925    -755.0347  0.3095 
   00590    0.6175    -757.7608  0.2915 
   00591    0.6250    -729.2574  0.2532 
   00592    0.5950    -762.9623  0.2902 
   00593    0.6100    -789.7125  0.2812 
   00594    0.5850    -811.4094  0.2716 
   00595    0.5350    -840.6577  0.2655 
   00596    0.5575    -835.6490  0.2681 
   00597    0.5275    -811.2095  0.2717 
   00598    0.5625    -828.8504  0.3140 
   00599    0.6125    -750.2147  0.3504 
   00600    0.5850    -768.8112  0.3514 
   00601    0.5700    -787.0320  0.3694 
   00602    0.5975    -813.0964  0.3829 
   00603    0.5800    -778.1394  0.3427 
   00604    0.6425    -720.9391  0.3164 
   00605    0.5900    -767.1161  0.3083 
   00606    0.5925    -830.6107  0.3097 
   00607    0.5625    -782.7186  0.2881 
   00608    0.5425    -756.2214  0.2666 
   00609    0.5900    -783.8832  0.2653 
   00610    0.5950    -756.1214  0.2929 
   00611    0.5650    -790.6848  0.2976 
   00612    0.6000    -772.0229  0.3037 
   00613    0.5475    -792.3834  0.3313 
   00614    0.5650    -808.4631  0.3040 
   00615    0.6250    -800.3868  0.2877 
   00616    0.6175    -787.1142  0.2697 
   00617    0.5725    -801.1326  0.2891 
   00618    0.5750    -764.2837  0.2923 
   00619    0.5775    -797.9949  0.3212 
   00620    0.5800    -806.6225  0.2954 
   00621    0.6000    -782.2676  0.3020 
   00622    0.6150    -811.5431  0.3258 
   00623    0.6100    -772.8152  0.3205 
   00624    0.5725    -729.3021  0.3215 
   00625    0.6250    -788.4504  0.3251 
   00626    0.6075    -821.9939  0.3638 
   00627    0.5600    -802.5271  0.3402 
   00628    0.5875    -813.5505  0.3626 
   00629    0.5775    -820.0257  0.3482 
   00630    0.5325    -787.5971  0.3682 
   00631    0.5650    -830.7383  0.3554 
   00632    0.5725    -832.3860  0.3636 
   00633    0.5475    -820.3403  0.3199 
   00634    0.6075    -810.6943  0.3376 
   00635    0.5425    -805.0325  0.3385 
   00636    0.5825    -770.4057  0.3314 
   00637    0.6000    -792.7713  0.2926 
   00638    0.6200    -774.9185  0.2946 
   00639    0.6075    -726.8463  0.3362 
   00640    0.6050    -753.8462  0.3468 
   00641    0.5475    -810.7983  0.3503 
   00642    0.5550    -835.7732  0.3713 
   00643    0.5575    -832.9189  0.3876 
   00644    0.5700    -786.6497  0.4071 
   00645    0.6075    -805.3592  0.4036 
   00646    0.5500    -800.6819  0.4361 
   00647    0.5575    -844.3837  0.4347 
   00648    0.5425    -856.4270  0.4599 
   00649    0.4975    -828.9779  0.4394 
   00650    0.5675    -845.2239  0.4162 
   00651    0.6200    -789.3479  0.3865 
   00652    0.5600    -789.6972  0.4088 
   00653    0.5400    -811.1982  0.4090 
   00654    0.5575    -832.6549  0.3980 
   00655    0.5275    -848.1324  0.4176 
   00656    0.5850    -813.9668  0.3874 
   00657    0.5700    -787.2503  0.3692 
   00658    0.6350    -832.8509  0.3694 
   00659    0.5475    -869.0725  0.3683 
   00660    0.5550    -858.2261  0.3387 
   00661    0.5825    -827.5119  0.2973 
   00662    0.5475    -856.5868  0.3327 
   00663    0.5925    -869.6705  0.3494 
   00664    0.5250    -887.1598  0.3594 
   00665    0.5475    -833.6839  0.3925 
   00666    0.5500    -817.8870  0.3943 
   00667    0.5725    -838.2843  0.4095 
   00668    0.5500    -834.6166  0.4354 
   00669    0.5800    -816.4187  0.3951 
   00670    0.6225    -795.3725  0.3776 
   00671    0.5650    -807.4233  0.3791 
   00672    0.5850    -857.6622  0.4099 
   00673    0.6025    -841.0341  0.3937 
   00674    0.5975    -816.4322  0.3648 
   00675    0.5675    -854.6054  0.3863 
   00676    0.5725    -884.7674  0.4027 
   00677    0.5850    -896.5712  0.3977 
   00678    0.5600    -898.8949  0.4027 
   00679    0.5200    -888.4765  0.3884 
   00680    0.5425    -862.1281  0.3769 
   00681    0.5525    -858.4560  0.3742 
   00682    0.5650    -848.9352  0.3899 
   00683    0.5950    -854.5226  0.3807 
   00684    0.5425    -813.6955  0.3823 
   00685    0.6125    -788.7376  0.3733 
   00686    0.5525    -760.5557  0.3656 
   00687    0.5850    -809.9194  0.3877 
   00688    0.5825    -829.7026  0.3684 
   00689    0.5150    -842.0802  0.3436 
   00690    0.5500    -795.3645  0.3424 
   00691    0.5750    -829.1714  0.3369 
   00692    0.5800    -819.3765  0.3143 
   00693    0.5750    -830.0753  0.3073 
   00694    0.5450    -825.2905  0.3010 
   00695    0.5350    -847.5462  0.3356 
   00696    0.5400    -818.8890  0.3535 
   00697    0.5575    -815.9366  0.3751 
   00698    0.5650    -812.5519  0.3593 
   00699    0.5600    -803.4326  0.3513 
   00700    0.5450    -788.8970  0.3680 
   00701    0.5725    -803.5531  0.3571 
   00702    0.5725    -833.0873  0.3608 
   00703    0.5250    -869.9792  0.3299 
   00704    0.5550    -925.9905  0.3366 
   00705    0.5000    -924.6286  0.3390 
   00706    0.5100    -907.3717  0.3086 
   00707    0.5300    -853.6903  0.2873 
   00708    0.5800    -798.3456  0.2815 
   00709    0.5900    -786.3432  0.2711 
   00710    0.6550    -787.9911  0.3134 
   00711    0.5750    -783.3377  0.3251 
   00712    0.5350    -794.5931  0.2887 
   00713    0.5550    -830.9765  0.2843 
   00714    0.5950    -817.4256  0.2780 
   00715    0.5650    -847.6940  0.2901 
   00716    0.6025    -849.5066  0.2652 
   00717    0.5300    -814.5570  0.2810 
   00718    0.5775    -842.0696  0.2645 
   00719    0.5975    -798.4958  0.2645 
   00720    0.5750    -839.5340  0.3214 
   00721    0.6025    -844.9427  0.3337 
   00722    0.5325    -829.9325  0.3073 
   00723    0.5425    -825.2626  0.3234 
   00724    0.5875    -831.9446  0.3388 
   00725    0.5675    -794.1953  0.3572 
   00726    0.5800    -799.8266  0.3244 
   00727    0.5450    -856.7489  0.3292 
   00728    0.5325    -845.0497  0.3166 
   00729    0.5625    -838.7754  0.3346 
   00730    0.5525    -814.7051  0.3460 
   00731    0.5675    -791.7826  0.3329 
   00732    0.6125    -788.1430  0.3284 
   00733    0.6050    -817.0217  0.3064 
   00734    0.6150    -806.5147  0.2570 
   00735    0.5650    -800.7635  0.2625 
   00736    0.5250    -865.5863  0.2801 
   00737    0.5825    -831.1525  0.2920 
   00738    0.5775    -784.1724  0.2916 
   00739    0.5825    -808.2868  0.2677 
   00740    0.5825    -800.4871  0.3075 
   00741    0.5625    -860.6718  0.3039 
   00742    0.5500    -889.4430  0.3047 
   00743    0.4975    -835.3704  0.2710 
   00744    0.5850    -801.0475  0.3089 
   00745    0.5350    -815.8717  0.3303 
   00746    0.5775    -808.1865  0.3151 
   00747    0.5800    -844.5666  0.3487 
   00748    0.5625    -831.3256  0.3773 
   00749    0.5925    -846.2743  0.3829 
   00750    0.5800    -828.1120  0.3831 
   00751    0.4875    -822.6952  0.3744 
   00752    0.5500    -840.4821  0.3403 
   00753    0.5675    -834.9397  0.3416 
   00754    0.5550    -814.2961  0.3442 
   00755    0.6050    -840.9372  0.3514 
   00756    0.5750    -799.9995  0.3489 
   00757    0.5425    -830.2255  0.3527 
   00758    0.5675    -831.0440  0.3610 
   00759    0.5800    -822.5725  0.3696 
   00760    0.5425    -795.9869  0.4029 
   00761    0.5525    -838.6401  0.4312 
   00762    0.5425    -878.1409  0.4641 
   00763    0.5550    -827.5239  0.4244 
   00764    0.5350    -828.9947  0.3913 
   00765    0.5550    -858.7857  0.3543 
   00766    0.5700    -872.6087  0.3679 
   00767    0.5500    -895.3120  0.3846 
   00768    0.5425    -895.1647  0.3661 
   00769    0.4825    -878.5503  0.3833 
   00770    0.5475    -854.7123  0.3647 
   00771    0.5575    -851.1734  0.3695 
   00772    0.5750    -808.9268  0.3660 
   00773    0.5350    -791.2978  0.3728 
   00774    0.5325    -826.2692  0.3414 
   00775    0.5600    -780.0597  0.3610 
   00776    0.5775    -822.9542  0.4032 
   00777    0.5675    -819.5780  0.3990 
   00778    0.5350    -811.5232  0.3849 
   00779    0.5550    -792.4550  0.3396 
   00780    0.5375    -814.0880  0.3229 
   00781    0.5425    -811.0040  0.3563 
   00782    0.5950    -779.0351  0.3666 
   00783    0.6325    -763.1380  0.3715 
   00784    0.6125    -746.0783  0.3467 
   00785    0.6050    -781.3793  0.3565 
   00786    0.5725    -808.1964  0.3707 
   00787    0.5450    -831.8609  0.3939 
   00788    0.5625    -831.3206  0.3721 
   00789    0.5725    -825.0648  0.3744 
   00790    0.5925    -807.0376  0.3856 
   00791    0.5675    -847.1532  0.3717 
   00792    0.5500    -846.5193  0.4118 
   00793    0.5275    -814.6316  0.3789 
   00794    0.5625    -849.2254  0.3527 
   00795    0.5825    -863.6484  0.3809 
   00796    0.5550    -826.9854  0.3706 
   00797    0.6000    -821.9626  0.3240 
   00798    0.5525    -814.1454  0.3277 
   00799    0.5550    -818.3337  0.3423 
   00800    0.5775    -785.5110  0.3047 
   00801    0.5825    -812.4145  0.3240 
   00802    0.5975    -815.1516  0.3277 
   00803    0.5950    -837.3961  0.3471 
   00804    0.5400    -794.1755  0.2887 
   00805    0.5500    -819.5045  0.2731 
   00806    0.5275    -880.3345  0.2709 
   00807    0.5450    -891.5218  0.2652 
   00808    0.5375    -881.0170  0.2756 
   00809    0.5300    -872.6116  0.2730 
   00810    0.5200    -869.9944  0.2855 
   00811    0.5225    -841.9209  0.3180 
   00812    0.5325    -821.1996  0.3344 
   00813    0.6025    -830.4601  0.3062 
   00814    0.5125    -811.9948  0.2958 
   00815    0.5550    -805.8191  0.2973 
   00816    0.5825    -797.7259  0.3054 
   00817    0.5700    -824.5715  0.3049 
   00818    0.5950    -815.9487  0.2986 
   00819    0.5925    -818.9332  0.2706 
   00820    0.5675    -831.7049  0.2751 
   00821    0.5500    -848.7218  0.3104 
   00822    0.5500    -819.2221  0.2952 
   00823    0.5700    -791.5171  0.3216 
   00824    0.6000    -758.5923  0.3715 
   00825    0.5350    -808.2675  0.3415 
   00826    0.5875    -798.3628  0.3193 
   00827    0.5625    -823.5764  0.3399 
   00828    0.6300    -811.6001  0.3216 
   00829    0.5625    -816.3470  0.3880 
   00830    0.5625    -832.3798  0.4148 
   00831    0.5600    -847.3231  0.4028 
   00832    0.5700    -881.4550  0.4390 
   00833    0.5600    -873.5361  0.3973 
   00834    0.5725    -812.3378  0.3980 
   00835    0.5350    -870.6352  0.3943 
   00836    0.5725    -862.7836  0.3748 
   00837    0.5225    -902.8131  0.3724 
   00838    0.5575    -875.1170  0.3659 
   00839    0.5550    -828.1653  0.3533 
   00840    0.5700    -859.6197  0.3853 
   00841    0.5375    -856.5405  0.4023 
   00842    0.5275    -836.5749  0.3962 
   00843    0.5525    -819.4750  0.3370 
   00844    0.6025    -787.1009  0.3728 
   00845    0.5850    -829.5499  0.3918 
   00846    0.5350    -837.9944  0.3604 
   00847    0.5550    -798.6706  0.3396 
   00848    0.5700    -800.0955  0.3326 
   00849    0.5425    -770.4227  0.3025 
   00850    0.5650    -811.7767  0.2989 
   00851    0.6050    -834.3097  0.2799 
   00852    0.6050    -825.5248  0.3283 
   00853    0.5825    -816.1597  0.3403 
   00854    0.5925    -812.4883  0.3199 
   00855    0.5900    -801.8584  0.3199 
   00856    0.5675    -837.5841  0.2755 
   00857    0.5775    -801.8773  0.2610 
   00858    0.5350    -808.9419  0.2834 
   00859    0.6025    -805.2837  0.2808 
   00860    0.5500    -830.9051  0.2772 
   00861    0.5525    -818.9909  0.2917 
   00862    0.5750    -833.3472  0.2986 
   00863    0.6025    -807.4380  0.2988 
   00864    0.5650    -823.1499  0.2767 
   00865    0.5950    -834.6980  0.2840 
   00866    0.5300    -837.8774  0.3063 
   00867    0.5475    -806.5562  0.3617 
   00868    0.6175    -810.3014  0.3991 
   00869    0.5925    -828.4294  0.3757 
   00870    0.5875    -799.0947  0.3811 
   00871    0.6050    -830.0405  0.3699 
   00872    0.5775    -787.5665  0.3760 
   00873    0.6025    -765.8964  0.3258 
   00874    0.6050    -776.9793  0.2843 
   00875    0.5875    -802.2268  0.2804 
   00876    0.5625    -835.4808  0.2914 
   00877    0.5625    -843.0804  0.3175 
   00878    0.5325    -865.7358  0.3405 
   00879    0.5550    -856.4051  0.3286 
   00880    0.5950    -796.4628  0.3308 
   00881    0.5650    -809.6528  0.2956 
   00882    0.5950    -770.1636  0.3071 
   00883    0.5800    -783.2320  0.3337 
   00884    0.6000    -774.0452  0.3322 
   00885    0.5600    -784.9615  0.3521 
   00886    0.5950    -776.3673  0.3592 
   00887    0.5725    -814.1098  0.3135 
   00888    0.5875    -814.5619  0.3080 
   00889    0.5700    -779.8193  0.2971 
   00890    0.5950    -783.8332  0.3130 
   00891    0.5975    -773.9370  0.3262 
   00892    0.5650    -765.6030  0.3185 
   00893    0.5775    -810.8274  0.2942 
   00894    0.5525    -838.0444  0.2880 
   00895    0.5425    -791.8087  0.3119 
   00896    0.5725    -784.3427  0.3128 
   00897    0.5900    -792.1295  0.3263 
   00898    0.5750    -770.1566  0.3237 
   00899    0.6250    -749.4895  0.3599 
   00900    0.5975    -832.1631  0.3275 
   00901    0.5525    -806.3017  0.3264 
   00902    0.5125    -825.7203  0.3346 
   00903    0.6275    -782.9352  0.3170 
   00904    0.5875    -763.8936  0.2934 
   00905    0.5450    -790.3155  0.2639 
   00906    0.6000    -771.7436  0.2677 
   00907    0.6200    -803.0316  0.2563 
   00908    0.6150    -812.2420  0.2824 
   00909    0.5975    -848.8886  0.3035 
   00910    0.5775    -819.3304  0.2975 
   00911    0.6200    -793.6691  0.3134 
   00912    0.5400    -808.5480  0.3045 
   00913    0.5825    -775.6803  0.2756 
   00914    0.5925    -791.5382  0.2887 
   00915    0.5950    -810.7010  0.2848 
   00916    0.6075    -810.3567  0.2762 
   00917    0.5450    -780.6584  0.2578 
   00918    0.5900    -789.4024  0.2820 
   00919    0.5775    -761.2044  0.2974 
   00920    0.5650    -793.2745  0.3031 
   00921    0.5875    -814.0864  0.2929 
   00922    0.5875    -760.7264  0.2894 
   00923    0.5425    -821.3899  0.2645 
   00924    0.5200    -827.5674  0.2863 
   00925    0.6100    -843.7792  0.2957 
   00926    0.5525    -829.0433  0.2660 
   00927    0.5650    -812.3912  0.2696 
   00928    0.5650    -796.4224  0.2703 
   00929    0.5775    -827.0297  0.2813 
   00930    0.5025    -831.6675  0.3009 
   00931    0.5550    -795.0114  0.3260 
   00932    0.5700    -791.0489  0.3325 
   00933    0.5750    -826.1753  0.3119 
   00934    0.5450    -849.6533  0.3042 
   00935    0.5400    -888.4272  0.2889 
   00936    0.5725    -857.9526  0.3097 
   00937    0.5400    -867.4684  0.3161 
   00938    0.5400    -840.8971  0.3312 
   00939    0.5675    -827.4966  0.3457 
   00940    0.5925    -792.1266  0.3508 
   00941    0.5325    -857.1522  0.3453 
   00942    0.5575    -849.6280  0.3419 
   00943    0.5575    -853.7634  0.3422 
   00944    0.5525    -869.2023  0.3373 
   00945    0.5450    -868.1754  0.3306 
   00946    0.5975    -830.7375  0.3239 
   00947    0.5950    -821.8052  0.3347 
   00948    0.6075    -839.0324  0.3264 
   00949    0.5725    -841.3248  0.3484 
   00950    0.5475    -853.5409  0.3293 
   00951    0.4975    -817.9225  0.3066 
   00952    0.5875    -846.5840  0.2743 
   00953    0.5725    -845.6689  0.2591 
   00954    0.5750    -794.1243  0.2867 
   00955    0.5875    -825.5724  0.3081 
   00956    0.5775    -798.2133  0.3410 
   00957    0.5950    -783.1326  0.3381 
   00958    0.5875    -762.3030  0.3131 
   00959    0.5925    -760.1167  0.3389 
   00960    0.6275    -728.7642  0.3410 
   00961    0.5900    -753.5950  0.3452 
   00962    0.6000    -792.1551  0.3208 
   00963    0.6025    -800.7559  0.3063 
   00964    0.5925    -793.5407  0.3084 
   00965    0.5900    -798.2868  0.3228 
   00966    0.6125    -792.2664  0.2888 
   00967    0.5925    -806.9590  0.2825 
   00968    0.5350    -779.6431  0.2779 
   00969    0.5950    -771.0031  0.2844 
   00970    0.6400    -799.2963  0.2770 
   00971    0.6325    -756.9769  0.2966 
   00972    0.5750    -766.5683  0.2901 
   00973    0.5675    -752.6905  0.2842 
   00974    0.5975    -770.8170  0.3048 
   00975    0.6175    -809.0526  0.3074 
   00976    0.5650    -820.9429  0.3240 
   00977    0.5400    -840.9835  0.3362 
   00978    0.5375    -863.6461  0.2954 
   00979    0.5800    -866.5229  0.2914 
   00980    0.5275    -837.1626  0.2696 
   00981    0.5975    -825.6266  0.2615 
   00982    0.6200    -824.4135  0.2849 
   00983    0.5500    -840.8960  0.2849 
   00984    0.5225    -871.7298  0.3090 
   00985    0.5125    -863.8229  0.3087 
   00986    0.4825    -867.2367  0.3042 
   00987    0.5275    -849.0350  0.2950 
   00988    0.5300    -830.8482  0.2926 
   00989    0.5550    -851.9165  0.2757 
   00990    0.5625    -830.5284  0.2585 
   00991    0.5275    -843.8592  0.2643 
   00992    0.5475    -838.7327  0.3210 
   00993    0.5975    -821.6777  0.3352 
   00994    0.5350    -791.2303  0.3368 
   00995    0.5400    -801.4423  0.3663 
   00996    0.5550    -821.0561  0.3530 
   00997    0.5625    -816.5901  0.3811 
   00998    0.5750    -832.0013  0.4041 
   00999    0.5525    -847.6729  0.3790 
   01000    0.5200    -823.4905  0.3653 
