#=====================================================
# File created:        Tue-04-Nov-2025-at-06-36-17AM
# Size of lattice:     20x20
# Number of MC steps:  1000
# Reduced temperature: 1.150
# Run time (s):        3.561231
#=====================================================
# MC step:  Ratio:     Energy:   Order:
#=====================================================
   00000    0.5000    -415.8874  0.2787 
   00001    0.7225    -530.5972  0.3546 
   00002    0.6750    -593.4702  0.3592 
   00003    0.6650    -605.5151  0.3685 
   00004    0.6700    -625.3612  0.3676 
   00005    0.6525    -652.0280  0.3746 
   00006    0.6325    -670.3114  0.3635 
   00007    0.6275    -688.3182  0.3602 
   00008    0.5950    -681.9935  0.3530 
   00009    0.5925    -685.6087  0.3650 
   00010    0.5975    -677.8174  0.3488 
   00011    0.6100    -681.3426  0.3865 
   00012    0.6275    -705.7760  0.3701 
   00013    0.5675    -744.5375  0.3688 
   00014    0.5825    -728.2247  0.3530 
   00015    0.5750    -743.1146  0.3557 
   00016    0.5800    -758.1204  0.3514 
   00017    0.5325    -774.2713  0.3536 
   00018    0.5525    -782.4580  0.3702 
   00019    0.6000    -779.4215  0.4012 
   00020    0.5775    -755.8268  0.3866 
   00021    0.5775    -754.7959  0.3881 
   00022    0.5575    -760.7611  0.3803 
   00023    0.5750    -799.7120  0.3802 
   00024    0.5925    -803.6860  0.3700 
   00025    0.5475    -803.7226  0.3920 
   00026    0.6000    -810.0586  0.4206 
   00027    0.6100    -818.7904  0.4086 
   00028    0.5575    -788.4201  0.3866 
   00029    0.5525    -786.2525  0.3721 
   00030    0.5550    -798.6412  0.3658 
   00031    0.5925    -839.9713  0.3473 
   00032    0.5750    -882.6698  0.3636 
   00033    0.5600    -874.1373  0.3553 
   00034    0.5125    -885.5162  0.3528 
   00035    0.6050    -882.7931  0.3561 
   00036    0.5725    -880.9439  0.3351 
   00037    0.5475    -896.8076  0.3283 
   00038    0.5325    -901.5711  0.3145 
   00039    0.5950    -877.3974  0.3476 
   00040    0.5225    -860.4811  0.3345 
   00041    0.5250    -838.0895  0.3300 
   00042    0.5700    -837.2507  0.3255 
   00043    0.5425    -833.8757  0.3342 
   00044    0.5250    -830.1746  0.3240 
   00045    0.5625    -847.6496  0.3199 
   00046    0.5225    -816.2361  0.3149 
   00047    0.5600    -807.9901  0.3428 
   00048    0.4900    -792.8319  0.3211 
   00049    0.5600    -784.4661  0.3331 
   00050    0.5250    -786.9207  0.3321 
   00051    0.5700    -747.3315  0.3438 
   00052    0.5875    -753.8393  0.3444 
   00053    0.5750    -743.8455  0.3512 
   00054    0.5375    -756.6950  0.3365 
   00055    0.5425    -774.0030  0.3508 
   00056    0.5200    -774.7731  0.3496 
   00057    0.5825    -764.7310  0.3510 
   00058    0.5600    -774.0504  0.3641 
   00059    0.5300    -786.5589  0.3597 
   00060    0.5700    -770.5359  0.3395 
   00061    0.5900    -761.7623  0.3529 
   00062    0.5675    -798.5394  0.3654 
   00063    0.4975    -806.7957  0.3667 
   00064    0.5125    -818.9934  0.3970 
   00065    0.5200    -853.3938  0.4010 
   00066    0.5225    -845.9757  0.3951 
   00067    0.5275    -861.5870  0.4019 
   00068    0.5200    -841.1511  0.3935 
   00069    0.5825    -863.3792  0.4024 
   00070    0.5125    -875.7083  0.4198 
   00071    0.5350    -845.9901  0.4128 
   00072    0.5425    -838.9750  0.4151 
   00073    0.5550    -838.0741  0.4189 
   00074    0.5350    -844.4638  0.4130 
   00075    0.5050    -831.1128  0.4078 
   00076    0.5800    -837.6337  0.4013 
   00077    0.5725    -823.5591  0.3938 
   00078    0.5575    -824.4918  0.4021 
   00079    0.5150    -836.9559  0.4139 
   00080    0.5125    -847.8581  0.4169 
   00081    0.5550    -831.4773  0.4178 
   00082    0.5200    -857.4339  0.4318 
   00083    0.5475    -874.6582  0.4091 
   00084    0.5550    -893.1396  0.4043 
   00085    0.5150    -874.9076  0.4185 
   00086    0.5700    -845.8534  0.4181 
   00087    0.5900    -836.5717  0.4221 
   00088    0.5675    -827.1893  0.4340 
   00089    0.5625    -804.7805  0.4137 
   00090    0.5275    -825.1907  0.4290 
   00091    0.5075    -818.4543  0.4239 
   00092    0.5475    -798.0466  0.4146 
   00093    0.5175    -810.6546  0.4345 
   00094    0.5800    -790.1889  0.4357 
   00095    0.5250    -807.9590  0.4168 
   00096    0.5650    -804.9278  0.4105 
   00097    0.5775    -845.5947  0.4281 
   00098    0.4925    -855.7095  0.4337 
   00099    0.5575    -842.9681  0.4352 
   00100    0.5325    -846.9896  0.4433 
   00101    0.5525    -857.9243  0.4238 
   00102    0.5275    -845.8001  0.4149 
   00103    0.5400    -818.9127  0.4223 
   00104    0.5750    -862.8287  0.4260 
   00105    0.5375    -886.8067  0.4318 
   00106    0.5725    -892.5498  0.4318 
   00107    0.5700    -888.6514  0.4239 
   00108    0.5400    -891.8200  0.4028 
   00109    0.5625    -889.2156  0.4034 
   00110    0.5275    -905.7739  0.4024 
   00111    0.5575    -891.1391  0.4215 
   00112    0.5300    -878.4951  0.3890 
   00113    0.5350    -863.2834  0.3922 
   00114    0.5350    -877.3818  0.3902 
   00115    0.5100    -876.9947  0.3956 
   00116    0.5675    -906.9030  0.4201 
   00117    0.4825    -930.1480  0.4236 
   00118    0.5300    -912.2694  0.4401 
   00119    0.5175    -921.7246  0.4584 
   00120    0.5450    -884.2634  0.4586 
   00121    0.5325    -883.0328  0.4639 
   00122    0.5075    -852.9139  0.4384 
   00123    0.5075    -857.2587  0.4313 
   00124    0.5850    -865.2897  0.4267 
   00125    0.5025    -840.5373  0.4280 
   00126    0.5700    -839.2602  0.4437 
   00127    0.5350    -845.4042  0.4362 
   00128    0.5650    -828.2533  0.4339 
   00129    0.5750    -813.7214  0.4376 
   00130    0.5600    -838.1269  0.4319 
   00131    0.5700    -833.9198  0.4408 
   00132    0.5850    -837.1610  0.4366 
   00133    0.5800    -818.2490  0.4300 
   00134    0.5850    -849.5829  0.4508 
   00135    0.5925    -875.3711  0.4713 
   00136    0.5550    -886.0920  0.4639 
   00137    0.5825    -857.6631  0.4429 
   00138    0.5850    -862.4167  0.4581 
   00139    0.5750    -862.8753  0.4488 
   00140    0.5450    -872.3574  0.4524 
   00141    0.5725    -858.3204  0.4324 
   00142    0.5625    -862.4345  0.4227 
   00143    0.5750    -866.1829  0.4238 
   00144    0.5675    -864.2909  0.4256 
   00145    0.5475    -870.5062  0.4160 
   00146    0.5500    -848.8112  0.4138 
   00147    0.5225    -881.3677  0.4246 
   00148    0.5725    -882.1449  0.4244 
   00149    0.5425    -882.4857  0.4131 
   00150    0.5825    -864.8363  0.4210 
   00151    0.5575    -894.0979  0.4218 
   00152    0.5450    -859.4886  0.4225 
   00153    0.5700    -872.7369  0.4201 
   00154    0.5075    -880.0015  0.4354 
   00155    0.5425    -886.7940  0.4301 
   00156    0.5775    -913.2540  0.4231 
   00157    0.5325    -903.6475  0.4308 
   00158    0.5200    -872.9930  0.4331 
   00159    0.5275    -866.9199  0.4294 
   00160    0.5625    -869.1010  0.4118 
   00161    0.5200    -891.3606  0.4480 
   00162    0.5100    -901.5976  0.4396 
   00163    0.5275    -880.3489  0.4287 
   00164    0.5250    -894.2300  0.4419 
   00165    0.5425    -918.6042  0.4546 
   00166    0.4975    -904.1325  0.4375 
   00167    0.5475    -904.5875  0.4212 
   00168    0.5450    -885.2179  0.4187 
   00169    0.5325    -857.5392  0.4286 
   00170    0.5625    -854.3932  0.4218 
   00171    0.5725    -828.1863  0.4089 
   00172    0.5550    -826.5306  0.3903 
   00173    0.5500    -825.4831  0.3687 
   00174    0.5625    -794.3826  0.3618 
   00175    0.5325    -808.1273  0.3587 
   00176    0.6075    -819.4766  0.3531 
   00177    0.5625    -812.5447  0.3483 
   00178    0.5600    -772.1929  0.3723 
   00179    0.5525    -779.6221  0.3327 
   00180    0.5575    -804.5849  0.3493 
   00181    0.5275    -806.3401  0.3419 
   00182    0.5550    -772.6182  0.3215 
   00183    0.5500    -765.6024  0.3110 
   00184    0.5175    -765.7598  0.3364 
   00185    0.5450    -791.4936  0.3258 
   00186    0.5550    -813.8260  0.3376 
   00187    0.5400    -811.1161  0.3478 
   00188    0.5225    -813.9557  0.3781 
   00189    0.5150    -814.5676  0.3728 
   00190    0.5825    -827.6051  0.3679 
   00191    0.5675    -842.3845  0.4104 
   00192    0.4950    -837.8104  0.4104 
   00193    0.5600    -838.6857  0.3863 
   00194    0.5675    -822.5421  0.3846 
   00195    0.5650    -810.0242  0.3713 
   00196    0.5825    -818.2897  0.3731 
   00197    0.5425    -811.3584  0.3614 
   00198    0.5650    -816.1179  0.3630 
   00199    0.5525    -800.2237  0.3452 
   00200    0.5800    -803.6521  0.3399 
   00201    0.5850    -809.9112  0.3604 
   00202    0.5650    -808.6077  0.3533 
   00203    0.6025    -811.6637  0.3556 
   00204    0.6025    -808.5947  0.3567 
   00205    0.5825    -817.3946  0.3479 
   00206    0.5250    -858.6282  0.3592 
   00207    0.5525    -839.3859  0.3619 
   00208    0.5775    -846.2903  0.3294 
   00209    0.5775    -858.6404  0.3510 
   00210    0.5275    -842.7910  0.3617 
   00211    0.5525    -841.0842  0.3606 
   00212    0.5300    -862.0965  0.3923 
   00213    0.5525    -867.9239  0.3803 
   00214    0.5925    -874.6624  0.3790 
   00215    0.5350    -843.9755  0.3810 
   00216    0.5400    -835.9277  0.3733 
   00217    0.5825    -834.9015  0.3532 
   00218    0.5425    -834.6396  0.3520 
   00219    0.5250    -838.4095  0.3586 
   00220    0.5500    -851.5454  0.3556 
   00221    0.5875    -843.5747  0.3512 
   00222    0.5275    -856.2456  0.3336 
   00223    0.5350    -849.1993  0.3492 
   00224    0.5850    -844.3887  0.3492 
   00225    0.6050    -838.4729  0.3321 
   00226    0.5550    -835.6903  0.3409 
   00227    0.5300    -813.1559  0.3406 
   00228    0.5725    -818.4350  0.3490 
   00229    0.5450    -820.6730  0.3520 
   00230    0.5425    -807.2874  0.3587 
   00231    0.5475    -797.9856  0.3630 
   00232    0.5775    -806.9883  0.3697 
   00233    0.5800    -804.3240  0.3507 
   00234    0.5225    -811.4924  0.3458 
   00235    0.5400    -821.6350  0.3437 
   00236    0.5250    -828.7196  0.3539 
   00237    0.5725    -824.0393  0.3407 
   00238    0.5850    -839.1676  0.3365 
   00239    0.5600    -855.2979  0.3306 
   00240    0.5500    -852.0293  0.3311 
   00241    0.5425    -818.5040  0.3514 
   00242    0.5750    -786.8376  0.3516 
   00243    0.5850    -780.1213  0.3712 
   00244    0.5950    -809.9659  0.3605 
   00245    0.5350    -812.2964  0.3643 
   00246    0.5925    -798.6918  0.3748 
   00247    0.5700    -794.5979  0.3806 
   00248    0.5525    -770.3633  0.3876 
   00249    0.5450    -804.5580  0.3877 
   00250    0.5475    -818.4089  0.3693 
   00251    0.5450    -854.4158  0.3887 
   00252    0.6125    -856.2847  0.3629 
   00253    0.5475    -849.2215  0.3603 
   00254    0.5300    -810.9669  0.3551 
   00255    0.5875    -812.4874  0.3805 
   00256    0.5525    -845.4725  0.3765 
   00257    0.5150    -839.2762  0.3932 
   00258    0.5525    -835.3172  0.4057 
   00259    0.5650    -849.5761  0.3956 
   00260    0.5425    -850.6263  0.3930 
   00261    0.5675    -856.3449  0.4011 
   00262    0.5175    -847.0189  0.4070 
   00263    0.5450    -855.5061  0.4085 
   00264    0.5325    -898.2436  0.4058 
   00265    0.5000    -898.7016  0.3887 
   00266    0.5475    -907.1813  0.3849 
   00267    0.5000    -870.6590  0.3878 
   00268    0.5875    -893.5140  0.4157 
   00269    0.5800    -901.3411  0.4160 
   00270    0.5450    -886.0211  0.4069 
   00271    0.5525    -878.5753  0.4087 
   00272    0.5700    -859.3888  0.4011 
   00273    0.5500    -846.8729  0.3906 
   00274    0.5450    -848.3617  0.3764 
   00275    0.5350    -860.0539  0.3824 
   00276    0.5925    -878.8762  0.4049 
   00277    0.5525    -876.0342  0.3947 
   00278    0.5375    -875.5276  0.3944 
   00279    0.5375    -871.8732  0.3882 
   00280    0.5725    -897.3551  0.3929 
   00281    0.5600    -898.1906  0.3934 
   00282    0.5750    -859.2808  0.3780 
   00283    0.5475    -864.5213  0.3869 
   00284    0.5175    -885.0055  0.3971 
   00285    0.5400    -876.6183  0.3966 
   00286    0.5275    -892.6384  0.4175 
   00287    0.5600    -876.4181  0.4157 
   00288    0.5950    -878.9623  0.3922 
   00289    0.5200    -895.3061  0.3875 
   00290    0.5275    -947.3470  0.3974 
   00291    0.5650    -944.3341  0.3955 
   00292    0.5100    -957.9561  0.4069 
   00293    0.5525    -929.5244  0.3819 
   00294    0.5325    -947.6900  0.3657 
   00295    0.5250    -947.0746  0.3796 
   00296    0.5400    -956.8095  0.3832 
   00297    0.5500    -952.5105  0.3866 
   00298    0.5125    -933.5339  0.3852 
   00299    0.5325    -930.8140  0.4127 
   00300    0.5525    -934.2592  0.4395 
   00301    0.5850    -930.5032  0.4309 
   00302    0.5775    -904.7610  0.4335 
   00303    0.5400    -926.0215  0.4483 
   00304    0.5975    -940.9083  0.4468 
   00305    0.5600    -949.4579  0.4405 
   00306    0.5100    -944.7084  0.4443 
   00307    0.5050    -971.4190  0.4711 
   00308    0.5750    -982.7165  0.4775 
   00309    0.5450    -964.4721  0.4728 
   00310    0.5600    -979.1659  0.4816 
   00311    0.5875    -977.8607  0.4675 
   00312    0.5900    -971.6954  0.4748 
   00313    0.5325    -979.1784  0.4732 
   00314    0.5550    -950.8879  0.4655 
   00315    0.5300    -936.6599  0.4585 
   00316    0.5500    -910.8274  0.4499 
   00317    0.5450    -905.5212  0.4367 
   00318    0.4975    -905.9007  0.4495 
   00319    0.4975    -884.8591  0.4538 
   00320    0.5900    -892.6511  0.4392 
   00321    0.5500    -894.1761  0.4296 
   00322    0.5375    -893.9027  0.4510 
   00323    0.5175    -909.5592  0.4388 
   00324    0.4925    -890.3651  0.4446 
   00325    0.5475    -946.1992  0.4468 
   00326    0.5525    -954.3684  0.4429 
   00327    0.5100    -943.9410  0.4330 
   00328    0.5500    -937.9189  0.4281 
   00329    0.4775    -969.6559  0.4389 
   00330    0.5300    -928.7004  0.4314 
   00331    0.5500    -933.9342  0.4180 
   00332    0.4925    -944.9284  0.4321 
   00333    0.5150    -915.2211  0.4228 
   00334    0.5525    -902.0412  0.4037 
   00335    0.5650    -845.7207  0.4110 
   00336    0.5500    -814.3075  0.4261 
   00337    0.5725    -818.4000  0.4069 
   00338    0.5225    -835.9103  0.4103 
   00339    0.5475    -841.8328  0.3913 
   00340    0.5125    -847.6748  0.3903 
   00341    0.5625    -858.8424  0.3637 
   00342    0.5875    -847.0479  0.3370 
   00343    0.5300    -823.4994  0.3404 
   00344    0.5650    -817.2812  0.3388 
   00345    0.5250    -840.1586  0.3452 
   00346    0.5450    -889.8207  0.3444 
   00347    0.4575    -876.5067  0.3533 
   00348    0.5000    -875.6215  0.3689 
   00349    0.5550    -868.1950  0.3852 
   00350    0.5500    -868.3132  0.3840 
   00351    0.5600    -853.4850  0.3869 
   00352    0.5675    -841.9803  0.4016 
   00353    0.5450    -844.5841  0.4101 
   00354    0.5875    -845.6196  0.4083 
   00355    0.5500    -850.6005  0.4282 
   00356    0.5250    -827.5586  0.4381 
   00357    0.5725    -845.9015  0.4494 
   00358    0.4950    -830.2727  0.4465 
   00359    0.5325    -837.9532  0.4676 
   00360    0.5300    -849.3745  0.4655 
   00361    0.5275    -861.0812  0.4336 
   00362    0.5225    -831.8666  0.4313 
   00363    0.5300    -835.3318  0.4352 
   00364    0.5175    -827.6071  0.4244 
   00365    0.5600    -839.1748  0.4107 
   00366    0.5550    -834.6973  0.4032 
   00367    0.5250    -833.1535  0.4046 
   00368    0.5400    -834.2274  0.3828 
   00369    0.5100    -852.3985  0.3621 
   00370    0.5700    -836.3495  0.3766 
   00371    0.5150    -865.8378  0.3987 
   00372    0.5325    -832.8175  0.3782 
   00373    0.5375    -828.1240  0.3817 
   00374    0.5725    -832.7275  0.4160 
   00375    0.5175    -825.3039  0.3887 
   00376    0.5575    -840.4027  0.3785 
   00377    0.5575    -836.3724  0.3589 
   00378    0.5500    -826.0037  0.3508 
   00379    0.5625    -836.2749  0.3601 
   00380    0.5725    -842.3581  0.3631 
   00381    0.5675    -870.5758  0.3765 
   00382    0.5425    -869.5073  0.3849 
   00383    0.5475    -875.9333  0.3770 
   00384    0.5525    -862.2813  0.3812 
   00385    0.5175    -858.7841  0.3773 
   00386    0.5225    -850.8558  0.4103 
   00387    0.5750    -853.0158  0.4269 
   00388    0.5550    -839.8533  0.4353 
   00389    0.5725    -837.6256  0.4346 
   00390    0.5825    -841.5249  0.4334 
   00391    0.5400    -791.0509  0.4270 
   00392    0.5175    -796.2148  0.4117 
   00393    0.5525    -750.6755  0.3849 
   00394    0.5750    -717.0340  0.3683 
   00395    0.5775    -713.7067  0.3535 
   00396    0.5650    -741.2041  0.3543 
   00397    0.5900    -782.8596  0.3653 
   00398    0.5425    -746.1838  0.3647 
   00399    0.5275    -783.4642  0.3840 
   00400    0.5150    -778.1784  0.3494 
   00401    0.5250    -792.6404  0.3426 
   00402    0.5075    -807.5075  0.3372 
   00403    0.5875    -827.7082  0.3665 
   00404    0.5925    -827.7956  0.3781 
   00405    0.5725    -820.1919  0.3660 
   00406    0.5650    -781.0978  0.3677 
   00407    0.5600    -796.7631  0.3443 
   00408    0.5325    -779.0542  0.3500 
   00409    0.5800    -802.4708  0.3464 
   00410    0.5825    -808.6934  0.3348 
   00411    0.5500    -811.9489  0.3580 
   00412    0.5975    -816.5321  0.3612 
   00413    0.5475    -806.7928  0.3695 
   00414    0.5700    -791.0266  0.3815 
   00415    0.5550    -801.3420  0.3545 
   00416    0.5500    -790.4819  0.3557 
   00417    0.5850    -824.6813  0.3262 
   00418    0.6000    -824.2992  0.3134 
   00419    0.5500    -786.7818  0.3092 
   00420    0.5625    -753.4464  0.2987 
   00421    0.5175    -765.8781  0.3057 
   00422    0.6000    -768.1428  0.3093 
   00423    0.5525    -797.6560  0.3088 
   00424    0.5500    -779.5130  0.3068 
   00425    0.5675    -800.1919  0.3269 
   00426    0.5525    -817.5288  0.3104 
   00427    0.5475    -831.2733  0.3263 
   00428    0.5525    -840.4877  0.3291 
   00429    0.5600    -856.1565  0.3364 
   00430    0.5900    -860.2818  0.3567 
   00431    0.5750    -837.4294  0.3441 
   00432    0.5100    -854.3645  0.3503 
   00433    0.6000    -845.5910  0.3331 
   00434    0.5700    -865.4431  0.3338 
   00435    0.5975    -861.4766  0.3479 
   00436    0.5400    -850.9736  0.3442 
   00437    0.5350    -840.7809  0.3395 
   00438    0.5050    -831.7704  0.3261 
   00439    0.5550    -858.8640  0.3239 
   00440    0.5675    -835.7502  0.3336 
   00441    0.5600    -841.4663  0.3455 
   00442    0.5075    -824.1625  0.3242 
   00443    0.5600    -838.3119  0.3112 
   00444    0.5725    -836.4816  0.3315 
   00445    0.5800    -828.3084  0.3420 
   00446    0.5800    -859.2951  0.3370 
   00447    0.5350    -830.2034  0.3411 
   00448    0.5375    -832.1450  0.3466 
   00449    0.5700    -845.5566  0.3426 
   00450    0.5125    -851.2342  0.3487 
   00451    0.5625    -888.4040  0.3373 
   00452    0.5175    -886.9184  0.3319 
   00453    0.5225    -848.6352  0.3332 
   00454    0.5650    -861.9008  0.3192 
   00455    0.5300    -851.5234  0.3338 
   00456    0.6075    -842.8260  0.3332 
   00457    0.5875    -865.2372  0.3204 
   00458    0.5450    -886.3103  0.3163 
   00459    0.5175    -897.1096  0.3272 
   00460    0.5450    -890.4953  0.3101 
   00461    0.4975    -885.1839  0.3097 
   00462    0.5850    -868.8339  0.3313 
   00463    0.5375    -879.8537  0.3355 
   00464    0.5650    -881.1611  0.3407 
   00465    0.5250    -857.6378  0.3472 
   00466    0.4750    -877.8193  0.3601 
   00467    0.5125    -901.9281  0.3688 
   00468    0.5650    -902.7706  0.3743 
   00469    0.5450    -933.5498  0.3663 
   00470    0.5000    -935.0298  0.3759 
   00471    0.5000    -951.2590  0.3731 
   00472    0.5575    -923.5414  0.3648 
   00473    0.5750    -926.4471  0.3705 
   00474    0.5325    -921.3071  0.3805 
   00475    0.5675    -932.8299  0.3908 
   00476    0.5525    -915.8732  0.3805 
   00477    0.5300    -886.5112  0.3782 
   00478    0.5675    -884.5361  0.3839 
   00479    0.4675    -867.0836  0.3633 
   00480    0.4825    -872.7795  0.3627 
   00481    0.5400    -875.3085  0.3595 
   00482    0.5325    -879.6442  0.3779 
   00483    0.5450    -901.1528  0.3852 
   00484    0.5250    -911.6194  0.3972 
   00485    0.5475    -905.4512  0.3924 
   00486    0.5525    -881.6794  0.4024 
   00487    0.5550    -885.6632  0.3909 
   00488    0.5475    -865.2496  0.3907 
   00489    0.5700    -847.4935  0.3949 
   00490    0.5425    -821.8483  0.3908 
   00491    0.5850    -836.1941  0.3742 
   00492    0.5525    -810.3039  0.3756 
   00493    0.5400    -813.3285  0.3784 
   00494    0.5100    -833.0743  0.3925 
   00495    0.5350    -852.5959  0.3973 
   00496    0.5450    -856.5667  0.3900 
   00497    0.5700    -846.4343  0.3883 
   00498    0.5375    -840.9152  0.3981 
   00499    0.5500    -838.4247  0.4087 
   00500    0.5675    -829.6365  0.4108 
   00501    0.5350    -840.5397  0.4409 
   00502    0.5700    -831.7486  0.4478 
   00503    0.5375    -825.5622  0.4206 
   00504    0.5250    -814.4484  0.4351 
   00505    0.6050    -818.9300  0.4379 
   00506    0.5300    -822.4861  0.4405 
   00507    0.5450    -834.0028  0.4347 
   00508    0.5225    -848.5676  0.4290 
   00509    0.6025    -851.7961  0.4147 
   00510    0.5775    -861.8405  0.4312 
   00511    0.5350    -884.1359  0.4361 
   00512    0.5525    -893.1621  0.4186 
   00513    0.4775    -890.9282  0.4028 
   00514    0.5750    -907.1676  0.3942 
   00515    0.5475    -883.6101  0.3934 
   00516    0.5525    -882.3459  0.3956 
   00517    0.5350    -888.4105  0.3989 
   00518    0.5300    -886.2628  0.3770 
   00519    0.5650    -859.6960  0.3796 
   00520    0.5375    -861.7316  0.3812 
   00521    0.5675    -880.8679  0.4186 
   00522    0.5550    -883.7057  0.4170 
   00523    0.5350    -873.2504  0.4243 
   00524    0.5500    -901.2588  0.4497 
   00525    0.5675    -872.8602  0.4287 
   00526    0.5450    -858.8118  0.4416 
   00527    0.4900    -904.4224  0.4697 
   00528    0.5025    -888.7892  0.4657 
   00529    0.4925    -879.5395  0.4649 
   00530    0.5300    -869.5483  0.4448 
   00531    0.5425    -870.8730  0.4310 
   00532    0.5450    -872.8816  0.4163 
   00533    0.5325    -857.3131  0.4084 
   00534    0.5750    -849.4879  0.4131 
   00535    0.5475    -821.6537  0.4206 
   00536    0.5425    -845.7265  0.4116 
   00537    0.5425    -850.3715  0.4165 
   00538    0.5575    -862.7530  0.4108 
   00539    0.5700    -854.1299  0.3866 
   00540    0.5350    -881.1936  0.3997 
   00541    0.5125    -861.2223  0.4024 
   00542    0.5325    -840.1069  0.4179 
   00543    0.5175    -861.2018  0.4294 
   00544    0.5450    -854.6287  0.4317 
   00545    0.5700    -873.7582  0.4443 
   00546    0.5200    -856.4651  0.4246 
   00547    0.5350    -869.6843  0.4258 
   00548    0.5675    -885.4182  0.4414 
   00549    0.5675    -872.5432  0.4263 
   00550    0.5700    -872.6276  0.4319 
   00551    0.5450    -887.5587  0.4252 
   00552    0.5125    -885.7835  0.4270 
   00553    0.5025    -870.4085  0.3887 
   00554    0.5275    -858.1632  0.3791 
   00555    0.5125    -832.4105  0.3863 
   00556    0.5000    -825.9928  0.3782 
   00557    0.5050    -813.4183  0.3635 
   00558    0.4800    -818.5132  0.3567 
   00559    0.5350    -842.7241  0.3698 
   00560    0.5325    -851.2889  0.3840 
   00561    0.5325    -861.2366  0.3690 
   00562    0.5300    -841.4747  0.3567 
   00563    0.5275    -859.3753  0.3436 
   00564    0.5400    -837.7739  0.3453 
   00565    0.5350    -824.3461  0.3352 
   00566    0.5175    -820.4871  0.3557 
   00567    0.5075    -827.5377  0.3571 
   00568    0.5250    -832.8912  0.3475 
   00569    0.5700    -836.2464  0.3542 
   00570    0.5175    -854.4981  0.3515 
   00571    0.5900    -831.6473  0.3311 
   00572    0.5600    -832.5296  0.3266 
   00573    0.5650    -851.1024  0.3197 
   00574    0.5275    -837.4730  0.3122 
   00575    0.5325    -852.6842  0.3446 
   00576    0.5675    -839.5979  0.3471 
   00577    0.5275    -857.3719  0.3416 
   00578    0.5750    -854.3519  0.3367 
   00579    0.5275    -855.7560  0.3290 
   00580    0.5550    -837.0463  0.3470 
   00581    0.5650    -846.5029  0.3546 
   00582    0.5825    -850.5409  0.3635 
   00583    0.5425    -850.2244  0.3667 
   00584    0.5500    -857.0915  0.3816 
   00585    0.5475    -860.4567  0.3930 
   00586    0.5425    -869.3145  0.4186 
   00587    0.5750    -844.7731  0.4205 
   00588    0.4950    -847.1931  0.4240 
   00589    0.5775    -870.5318  0.4202 
   00590    0.5400    -861.9472  0.3958 
   00591    0.5800    -862.9659  0.3977 
   00592    0.5225    -867.1890  0.4075 
   00593    0.5725    -867.1777  0.4151 
   00594    0.5650    -855.5994  0.4049 
   00595    0.4875    -847.9004  0.4023 
   00596    0.5750    -872.7997  0.4266 
   00597    0.5425    -846.2047  0.4119 
   00598    0.5850    -814.1979  0.4235 
   00599    0.5325    -810.9017  0.4103 
   00600    0.5525    -829.4427  0.4253 
   00601    0.5200    -813.7866  0.4271 
   00602    0.4925    -825.8093  0.4226 
   00603    0.5900    -823.9800  0.4123 
   00604    0.5550    -836.9491  0.4139 
   00605    0.5500    -840.6654  0.4176 
   00606    0.5125    -841.5124  0.4271 
   00607    0.5600    -837.7962  0.4278 
   00608    0.5700    -845.0134  0.4288 
   00609    0.5975    -876.2995  0.4446 
   00610    0.5500    -923.2263  0.4690 
   00611    0.5500    -904.2296  0.4492 
   00612    0.5200    -905.1239  0.4452 
   00613    0.5550    -926.3598  0.4608 
   00614    0.4875    -946.0460  0.4797 
   00615    0.4850    -946.1881  0.4937 
   00616    0.5100    -940.0534  0.5115 
   00617    0.5400    -954.7016  0.4991 
   00618    0.4950    -919.0218  0.4845 
   00619    0.5225    -910.8289  0.4895 
   00620    0.5600    -921.3346  0.4954 
   00621    0.5525    -951.0341  0.5118 
   00622    0.4700    -949.8460  0.5079 
   00623    0.5250    -964.2678  0.5104 
   00624    0.4950    -952.9124  0.4887 
   00625    0.5275    -942.0677  0.4688 
   00626    0.5375    -927.6273  0.4621 
   00627    0.5150    -927.9689  0.4559 
   00628    0.5050    -896.9450  0.4255 
   00629    0.5300    -870.7805  0.4147 
   00630    0.5975    -888.5922  0.4027 
   00631    0.5200    -860.2302  0.3989 
   00632    0.5650    -850.0313  0.3910 
   00633    0.5400    -828.7279  0.3880 
   00634    0.5025    -843.4748  0.3951 
   00635    0.5575    -827.4366  0.3927 
   00636    0.5500    -862.3495  0.3985 
   00637    0.5350    -854.8851  0.4235 
   00638    0.5150    -826.2617  0.4085 
   00639    0.5600    -836.2598  0.3932 
   00640    0.4975    -823.7060  0.4032 
   00641    0.5200    -826.7599  0.4199 
   00642    0.5575    -843.7489  0.4250 
   00643    0.5450    -852.4873  0.4303 
   00644    0.6050    -872.6922  0.4176 
   00645    0.5550    -852.2792  0.4217 
   00646    0.5625    -846.3971  0.4476 
   00647    0.5500    -852.4543  0.4563 
   00648    0.5175    -836.5707  0.4409 
   00649    0.5350    -847.2602  0.4509 
   00650    0.5850    -858.5972  0.4770 
   00651    0.5625    -841.0560  0.4689 
   00652    0.5350    -853.9410  0.4627 
   00653    0.5575    -844.7590  0.4698 
   00654    0.5900    -845.2570  0.4728 
   00655    0.5800    -820.3466  0.4416 
   00656    0.5375    -803.7957  0.4392 
   00657    0.5350    -814.3126  0.4244 
   00658    0.5275    -800.7559  0.4154 
   00659    0.5675    -796.0911  0.4065 
   00660    0.5875    -818.4610  0.3966 
   00661    0.5625    -816.6653  0.4022 
   00662    0.5600    -822.9261  0.3932 
   00663    0.5250    -806.8987  0.3888 
   00664    0.5800    -821.9919  0.3907 
   00665    0.5675    -840.8391  0.3782 
   00666    0.5700    -821.7032  0.3837 
   00667    0.5900    -841.9920  0.3639 
   00668    0.5600    -840.4594  0.3601 
   00669    0.5475    -830.4713  0.3547 
   00670    0.5425    -843.0671  0.3720 
   00671    0.5250    -837.4546  0.3564 
   00672    0.5300    -836.0806  0.3754 
   00673    0.5700    -829.7366  0.3902 
   00674    0.5650    -821.4873  0.4114 
   00675    0.5600    -850.8321  0.4173 
   00676    0.5250    -825.1540  0.3935 
   00677    0.5575    -839.8595  0.3906 
   00678    0.5500    -849.3687  0.3952 
   00679    0.5350    -833.2260  0.4027 
   00680    0.5550    -843.4255  0.4045 
   00681    0.5675    -849.0700  0.4103 
   00682    0.5875    -867.5417  0.4134 
   00683    0.5200    -839.9618  0.4121 
   00684    0.5150    -846.1016  0.3999 
   00685    0.5375    -833.8874  0.3901 
   00686    0.5300    -846.2985  0.3902 
   00687    0.5450    -845.7981  0.3993 
   00688    0.5350    -836.2251  0.4171 
   00689    0.5650    -828.9341  0.4195 
   00690    0.5375    -834.8447  0.4326 
   00691    0.5775    -834.3850  0.4302 
   00692    0.5275    -824.4700  0.3962 
   00693    0.5325    -828.3564  0.3889 
   00694    0.5425    -846.8856  0.3861 
   00695    0.5700    -851.4021  0.3866 
   00696    0.5175    -836.5642  0.3803 
   00697    0.5150    -856.7593  0.3750 
   00698    0.5050    -861.3649  0.3719 
   00699    0.5600    -860.1812  0.3960 
   00700    0.5650    -836.6006  0.3941 
   00701    0.5075    -843.2717  0.3899 
   00702    0.5275    -856.9469  0.4056 
   00703    0.5050    -901.3958  0.4014 
   00704    0.4875    -904.2183  0.4099 
   00705    0.5550    -885.8944  0.4038 
   00706    0.5800    -881.6892  0.3766 
   00707    0.5525    -870.4622  0.3831 
   00708    0.5275    -880.7284  0.3873 
   00709    0.5750    -862.9203  0.3887 
   00710    0.5475    -845.9461  0.3585 
   00711    0.5575    -848.8059  0.3942 
   00712    0.5800    -888.2231  0.4084 
   00713    0.5525    -887.1747  0.3841 
   00714    0.5250    -862.1186  0.3802 
   00715    0.5250    -863.1777  0.4047 
   00716    0.5325    -856.6541  0.4015 
   00717    0.5350    -844.8219  0.4015 
   00718    0.5375    -850.7369  0.4087 
   00719    0.5300    -851.2648  0.4002 
   00720    0.5150    -840.3876  0.4140 
   00721    0.5725    -836.3480  0.4200 
   00722    0.5325    -847.0667  0.3953 
   00723    0.5125    -837.3093  0.3960 
   00724    0.5200    -813.2720  0.3963 
   00725    0.5800    -815.6180  0.4026 
   00726    0.5500    -834.4664  0.4041 
   00727    0.5775    -858.2024  0.4227 
   00728    0.5500    -861.3414  0.4180 
   00729    0.5275    -866.1834  0.3928 
   00730    0.5400    -872.0871  0.4014 
   00731    0.5800    -879.5114  0.3756 
   00732    0.5400    -885.8616  0.3749 
   00733    0.5500    -851.5084  0.3854 
   00734    0.5425    -843.2045  0.3937 
   00735    0.5050    -846.7775  0.4009 
   00736    0.5450    -871.8398  0.3938 
   00737    0.5400    -868.9936  0.3990 
   00738    0.5250    -831.4742  0.4043 
   00739    0.5450    -866.4423  0.4064 
   00740    0.5650    -867.8744  0.3959 
   00741    0.5725    -873.5587  0.3907 
   00742    0.5350    -866.2649  0.3899 
   00743    0.5850    -864.4171  0.3995 
   00744    0.5025    -858.6719  0.4164 
   00745    0.5650    -861.5156  0.4312 
   00746    0.5275    -866.2499  0.4200 
   00747    0.5350    -879.3094  0.4240 
   00748    0.5225    -883.4335  0.4273 
   00749    0.5625    -893.3694  0.4188 
   00750    0.5225    -903.2755  0.4157 
   00751    0.5450    -889.5109  0.3924 
   00752    0.5500    -893.4631  0.4009 
   00753    0.5600    -876.6050  0.3963 
   00754    0.4875    -889.8040  0.4287 
   00755    0.5425    -885.4882  0.4232 
   00756    0.5625    -881.0423  0.4055 
   00757    0.5350    -846.9790  0.4015 
   00758    0.5225    -824.9729  0.4103 
   00759    0.5550    -811.2502  0.4019 
   00760    0.5325    -831.5650  0.4186 
   00761    0.5325    -820.5040  0.3977 
   00762    0.5550    -824.9123  0.3778 
   00763    0.5250    -807.2982  0.3822 
   00764    0.5100    -839.4473  0.3796 
   00765    0.5750    -825.0027  0.3819 
   00766    0.5125    -850.9046  0.3883 
   00767    0.5225    -856.1229  0.4071 
   00768    0.5625    -852.4129  0.3963 
   00769    0.5700    -876.6008  0.4128 
   00770    0.5375    -866.2021  0.4025 
   00771    0.4825    -856.2730  0.3966 
   00772    0.5075    -834.7026  0.4090 
   00773    0.5100    -848.3143  0.4131 
   00774    0.5600    -835.7296  0.4039 
   00775    0.5225    -846.1941  0.4078 
   00776    0.5325    -855.7808  0.4024 
   00777    0.5600    -825.3311  0.3685 
   00778    0.5800    -825.0293  0.3778 
   00779    0.5525    -815.6265  0.3616 
   00780    0.5375    -821.5094  0.3698 
   00781    0.5375    -823.5083  0.3295 
   00782    0.5850    -845.0768  0.3420 
   00783    0.5900    -843.9063  0.3174 
   00784    0.5550    -847.3370  0.3121 
   00785    0.5750    -863.5257  0.3042 
   00786    0.5550    -845.5414  0.2941 
   00787    0.5675    -807.9846  0.3051 
   00788    0.5875    -835.3734  0.3107 
   00789    0.5850    -821.2983  0.3276 
   00790    0.5375    -807.4888  0.3407 
   00791    0.5800    -820.4848  0.3355 
   00792    0.5850    -793.6840  0.3397 
   00793    0.6050    -818.2455  0.3562 
   00794    0.5900    -842.5267  0.3530 
   00795    0.5700    -842.8265  0.3737 
   00796    0.5250    -858.3653  0.3809 
   00797    0.5350    -869.8051  0.3891 
   00798    0.5575    -892.9975  0.3907 
   00799    0.5700    -883.8842  0.4119 
   00800    0.5525    -859.0098  0.4260 
   00801    0.5500    -890.5422  0.4483 
   00802    0.5300    -892.6025  0.4446 
   00803    0.5425    -874.4505  0.4660 
   00804    0.5375    -869.5180  0.4552 
   00805    0.5375    -869.3860  0.4582 
   00806    0.5425    -894.6235  0.4379 
   00807    0.5325    -921.2005  0.4339 
   00808    0.6050    -919.2350  0.4385 
   00809    0.5375    -933.4807  0.4354 
   00810    0.5700    -939.5370  0.4292 
   00811    0.5325    -927.0385  0.4152 
   00812    0.5750    -916.6664  0.4232 
   00813    0.5150    -905.8455  0.4397 
   00814    0.5250    -891.8578  0.4299 
   00815    0.5825    -906.1498  0.4482 
   00816    0.5375    -918.3203  0.4373 
   00817    0.5250    -919.4058  0.4366 
   00818    0.5075    -920.3809  0.4608 
   00819    0.5025    -908.8655  0.4543 
   00820    0.5750    -889.2821  0.4629 
   00821    0.5500    -884.9896  0.4705 
   00822    0.5725    -885.9069  0.4731 
   00823    0.4925    -907.6284  0.4804 
   00824    0.5525    -873.6908  0.4470 
   00825    0.5325    -860.3113  0.4278 
   00826    0.5600    -862.1745  0.4183 
   00827    0.5200    -861.5296  0.4149 
   00828    0.5550    -856.8186  0.4019 
   00829    0.6000    -850.9527  0.4112 
   00830    0.5225    -856.6642  0.4199 
   00831    0.5450    -840.4263  0.4247 
   00832    0.5175    -848.0558  0.4140 
   00833    0.5125    -857.1924  0.4230 
   00834    0.5450    -887.4526  0.4179 
   00835    0.5725    -898.6675  0.4449 
   00836    0.5125    -887.6948  0.4534 
   00837    0.5175    -893.4967  0.4478 
   00838    0.5350    -872.3080  0.4470 
   00839    0.5075    -875.2753  0.4408 
   00840    0.5300    -883.6307  0.4471 
   00841    0.5750    -932.8418  0.4594 
   00842    0.5925    -897.5968  0.4376 
   00843    0.5300    -907.1660  0.4428 
   00844    0.5475    -923.2001  0.4516 
   00845    0.5325    -904.4728  0.4560 
   00846    0.5450    -895.7190  0.4627 
   00847    0.5575    -877.7929  0.4488 
   00848    0.5575    -869.0711  0.4486 
   00849    0.5125    -869.2726  0.4417 
   00850    0.5700    -872.2404  0.4451 
   00851    0.5300    -878.9080  0.4528 
   00852    0.5800    -868.7549  0.4437 
   00853    0.5500    -865.9140  0.4544 
   00854    0.5675    -835.2705  0.4300 
   00855    0.5400    -819.5116  0.4155 
   00856    0.5550    -804.5681  0.4156 
   00857    0.5650    -803.8215  0.4064 
   00858    0.5775    -823.7579  0.4116 
   00859    0.5500    -847.6837  0.4016 
   00860    0.5850    -833.3066  0.3992 
   00861    0.5425    -813.8279  0.3871 
   00862    0.5525    -802.9484  0.3859 
   00863    0.5400    -775.6338  0.3649 
   00864    0.5675    -781.1479  0.3791 
   00865    0.5625    -762.7063  0.3756 
   00866    0.5850    -795.7127  0.3908 
   00867    0.5350    -790.0412  0.3844 
   00868    0.5625    -788.8774  0.3803 
   00869    0.5450    -788.0290  0.3790 
   00870    0.5425    -803.1960  0.4000 
   00871    0.5200    -834.2578  0.3937 
   00872    0.5225    -828.3088  0.3920 
   00873    0.5575    -821.5958  0.4085 
   00874    0.5675    -828.7500  0.4085 
   00875    0.5875    -826.1296  0.3880 
   00876    0.5750    -811.9390  0.3855 
   00877    0.5450    -781.9173  0.3766 
   00878    0.5800    -781.0551  0.3800 
   00879    0.5225    -808.6675  0.3800 
   00880    0.5725    -822.1174  0.4053 
   00881    0.5750    -825.8427  0.4101 
   00882    0.5475    -821.4516  0.4069 
   00883    0.5225    -859.9945  0.4147 
   00884    0.5750    -838.0277  0.4024 
   00885    0.5500    -813.8240  0.4030 
   00886    0.5950    -839.5263  0.4198 
   00887    0.5525    -851.7215  0.4285 
   00888    0.5675    -844.6758  0.4544 
   00889    0.5600    -846.4017  0.4537 
   00890    0.4950    -853.0701  0.4540 
   00891    0.5275    -859.9500  0.4613 
   00892    0.5125    -846.2640  0.4629 
   00893    0.5325    -853.1742  0.4728 
   00894    0.5325    -856.0020  0.4793 
   00895    0.5550    -845.5920  0.4606 
   00896    0.5300    -857.5604  0.4572 
   00897    0.5525    -852.8750  0.4472 
   00898    0.5650    -845.1930  0.4134 
   00899    0.5550    -856.7320  0.4095 
   00900    0.5900    -837.9449  0.4020 
   00901    0.5675    -863.4986  0.4052 
   00902    0.5275    -878.0325  0.4118 
   00903    0.5575    -850.3563  0.3940 
   00904    0.5275    -845.0103  0.3844 
   00905    0.5250    -838.3061  0.3816 
   00906    0.5525    -846.7775  0.3859 
   00907    0.5450    -820.5290  0.3840 
   00908    0.5725    -830.9521  0.3753 
   00909    0.5525    -825.2269  0.3574 
   00910    0.5525    -800.5805  0.3443 
   00911    0.5700    -793.3799  0.3717 
   00912    0.5100    -803.9136  0.3988 
   00913    0.5675    -797.9992  0.3996 
   00914    0.5400    -815.4632  0.3914 
   00915    0.5300    -781.1847  0.3860 
   00916    0.5875    -786.9612  0.3761 
   00917    0.5650    -787.1507  0.3861 
   00918    0.5125    -790.3382  0.3919 
   00919    0.5650    -818.5884  0.4044 
   00920    0.5600    -815.4410  0.3993 
   00921    0.5875    -811.8620  0.4029 
   00922    0.5475    -841.3153  0.4372 
   00923    0.5525    -820.1294  0.4194 
   00924    0.5625    -829.6182  0.4281 
   00925    0.5900    -840.4487  0.4508 
   00926    0.5300    -841.1338  0.4298 
   00927    0.5625    -846.1433  0.4443 
   00928    0.5350    -834.9602  0.4548 
   00929    0.4800    -813.2536  0.4412 
   00930    0.5650    -814.4374  0.4620 
   00931    0.5725    -793.7706  0.4691 
   00932    0.6025    -802.1059  0.4629 
   00933    0.5675    -814.8445  0.4852 
   00934    0.5600    -810.7078  0.4817 
   00935    0.5800    -811.1653  0.4713 
   00936    0.5750    -849.6788  0.4687 
   00937    0.5800    -855.7114  0.4721 
   00938    0.5350    -851.8609  0.4671 
   00939    0.5200    -846.4250  0.4450 
   00940    0.5700    -846.3838  0.4620 
   00941    0.5275    -827.2904  0.4544 
   00942    0.5650    -823.0200  0.4628 
   00943    0.5850    -803.7448  0.4721 
   00944    0.5725    -776.6029  0.4620 
   00945    0.5625    -808.5259  0.4636 
   00946    0.5525    -808.3218  0.4520 
   00947    0.5650    -804.2480  0.4175 
   00948    0.5425    -812.3502  0.4237 
   00949    0.5025    -855.1838  0.4315 
   00950    0.5825    -857.1063  0.4369 
   00951    0.5525    -863.6982  0.4415 
   00952    0.5700    -863.5136  0.4416 
   00953    0.6100    -872.4095  0.4276 
   00954    0.6100    -851.7851  0.4346 
   00955    0.5375    -848.2675  0.4360 
   00956    0.5975    -835.7028  0.4250 
   00957    0.5575    -811.1216  0.4293 
   00958    0.5825    -804.9737  0.4131 
   00959    0.5825    -841.6283  0.4203 
   00960    0.6025    -844.4522  0.4246 
   00961    0.5750    -833.2102  0.4218 
   00962    0.5475    -840.2557  0.4292 
   00963    0.5775    -852.5642  0.4206 
   00964    0.5550    -839.6691  0.4111 
   00965    0.5700    -843.8505  0.4034 
   00966    0.5275    -832.2135  0.4024 
   00967    0.6300    -815.5819  0.3947 
   00968    0.5750    -825.5297  0.3901 
   00969    0.5650    -842.8433  0.3954 
   00970    0.5600    -859.1060  0.3904 
   00971    0.5700    -858.2199  0.4030 
   00972    0.5950    -860.6250  0.4287 
   00973    0.5575    -850.8818  0.4392 
   00974    0.5475    -869.4211  0.4575 
   00975    0.5625    -876.9587  0.4445 
   00976    0.5275    -860.6375  0.4257 
   00977    0.5325    -841.8186  0.4296 
   00978    0.5400    -849.0979  0.4295 
   00979    0.5575    -867.7528  0.4347 
   00980    0.5525    -844.5109  0.4329 
   00981    0.5175    -860.5575  0.4400 
   00982    0.5575    -878.2514  0.4353 
   00983    0.5550    -862.2312  0.4215 
   00984    0.5150    -858.4403  0.4350 
   00985    0.5425    -861.4996  0.4506 
   00986    0.5100    -857.3436  0.4532 
   00987    0.5350    -860.9650  0.4598 
   00988    0.5400    -862.3746  0.4538 
   00989    0.5200    -841.3931  0.4410 
   00990    0.5450    -807.4258  0.4496 
   00991    0.5625    -821.1782  0.4610 
   00992    0.5375    -847.6498  0.4372 
   00993    0.5250    -850.2154  0.4305 
   00994    0.5750    -863.7578  0.4227 
   00995    0.5650    -867.2994  0.4173 
   00996    0.5575    -858.1340  0.4205 
   00997    0.5625    -878.1192  0.4234 
   00998    0.5475    -864.1533  0.4418 
   00999    0.5725    -833.6713  0.4379 
   01000    0.5500    -844.5876  0.4280 
