#=====================================================
# File created:        Tue-04-Nov-2025-at-06-35-54AM
# Size of lattice:     20x20
# Number of MC steps:  1000
# Reduced temperature: 0.800
# Run time (s):        3.044661
#=====================================================
# MC step:  Ratio:     Energy:   Order:
#=====================================================
   00000    0.5000    -445.7821  0.2831 
   00001    0.7350    -550.5958  0.3639 
   00002    0.6550    -604.3120  0.3646 
   00003    0.6325    -651.4413  0.3698 
   00004    0.6200    -686.7335  0.3706 
   00005    0.6225    -709.8894  0.3852 
   00006    0.6150    -742.2570  0.4178 
   00007    0.5650    -780.7657  0.4216 
   00008    0.5950    -802.2159  0.4168 
   00009    0.5750    -834.9333  0.4221 
   00010    0.5825    -872.0130  0.4539 
   00011    0.5550    -881.0519  0.4512 
   00012    0.5600    -903.2374  0.4585 
   00013    0.5125    -902.3595  0.4532 
   00014    0.5225    -910.7690  0.4680 
   00015    0.4825    -914.9269  0.4595 
   00016    0.5375    -931.6281  0.4786 
   00017    0.4750    -940.5695  0.4780 
   00018    0.4675    -940.6840  0.4810 
   00019    0.5725    -940.4494  0.4900 
   00020    0.4950    -953.3843  0.4991 
   00021    0.4900    -967.4898  0.4994 
   00022    0.5250    -991.5244  0.5198 
   00023    0.5100   -1011.1750  0.5274 
   00024    0.4925   -1012.2622  0.5346 
   00025    0.5100   -1017.7179  0.5491 
   00026    0.4925   -1009.8964  0.5422 
   00027    0.4625   -1014.5264  0.5605 
   00028    0.5150    -990.2918  0.5779 
   00029    0.4600   -1007.5162  0.5673 
   00030    0.4450   -1005.1218  0.5629 
   00031    0.4575   -1005.8395  0.5626 
   00032    0.5125   -1007.7584  0.5708 
   00033    0.4700   -1003.5967  0.5642 
   00034    0.4650   -1016.8420  0.5443 
   00035    0.4600   -1009.8675  0.5507 
   00036    0.5025   -1022.0862  0.5463 
   00037    0.5125   -1018.3230  0.5444 
   00038    0.4950   -1039.8186  0.5507 
   00039    0.4475   -1049.9892  0.5344 
   00040    0.4625   -1066.1521  0.5257 
   00041    0.4575   -1058.4989  0.5287 
   00042    0.4550   -1085.6446  0.5156 
   00043    0.4275   -1065.0745  0.5098 
   00044    0.4700   -1061.9432  0.5048 
   00045    0.4525   -1043.0376  0.4959 
   00046    0.4650   -1049.2893  0.5026 
   00047    0.4725   -1047.9208  0.5025 
   00048    0.4525   -1056.5919  0.5071 
   00049    0.4425   -1054.6224  0.5142 
   00050    0.4775   -1053.8315  0.5206 
   00051    0.4700   -1045.8465  0.5146 
   00052    0.4325   -1050.2793  0.5140 
   00053    0.4575   -1068.9504  0.5191 
   00054    0.4400   -1070.3096  0.5290 
   00055    0.4500   -1084.0641  0.5379 
   00056    0.5075   -1081.4921  0.5230 
   00057    0.4375   -1077.3472  0.5259 
   00058    0.4025   -1078.9355  0.5242 
   00059    0.4150   -1088.1512  0.5223 
   00060    0.4450   -1087.0510  0.5169 
   00061    0.4325   -1067.3404  0.5146 
   00062    0.4300   -1077.1878  0.5198 
   00063    0.4650   -1060.8280  0.5114 
   00064    0.4275   -1064.0067  0.4972 
   00065    0.4525   -1068.8411  0.4963 
   00066    0.4450   -1075.1786  0.4890 
   00067    0.3900   -1077.1934  0.4935 
   00068    0.4675   -1075.8307  0.5006 
   00069    0.4850   -1085.1236  0.5021 
   00070    0.4525   -1069.0780  0.4976 
   00071    0.4650   -1073.9342  0.5007 
   00072    0.4825   -1069.8855  0.4947 
   00073    0.4175   -1079.7347  0.4937 
   00074    0.4800   -1070.2041  0.4907 
   00075    0.4550   -1066.7507  0.4905 
   00076    0.4775   -1069.0676  0.4870 
   00077    0.4525   -1069.4890  0.4907 
   00078    0.4825   -1047.0591  0.4895 
   00079    0.4500   -1048.1254  0.4891 
   00080    0.4950   -1068.9767  0.4856 
   00081    0.4775   -1064.6046  0.4898 
   00082    0.4425   -1035.6155  0.4892 
   00083    0.5000   -1033.0974  0.5009 
   00084    0.4750   -1051.0242  0.5191 
   00085    0.4525   -1064.8877  0.5220 
   00086    0.4575   -1079.5788  0.5447 
   00087    0.4250   -1055.4090  0.5429 
   00088    0.4500   -1075.4007  0.5503 
   00089    0.4475   -1072.3911  0.5595 
   00090    0.4600   -1084.1591  0.5583 
   00091    0.4400   -1082.4106  0.5633 
   00092    0.4450   -1087.5411  0.5616 
   00093    0.4875   -1083.7072  0.5697 
   00094    0.4275   -1095.0520  0.5755 
   00095    0.4575   -1089.0798  0.5799 
   00096    0.4500   -1075.2096  0.5692 
   00097    0.4050   -1076.5569  0.5498 
   00098    0.4375   -1070.2856  0.5574 
   00099    0.4425   -1072.8745  0.5683 
   00100    0.4525   -1086.7300  0.5818 
   00101    0.4950   -1077.7147  0.5844 
   00102    0.4825   -1065.6683  0.5755 
   00103    0.3925   -1097.3712  0.5763 
   00104    0.4050   -1087.5911  0.5745 
   00105    0.4425   -1095.3708  0.5790 
   00106    0.4400   -1088.8524  0.5837 
   00107    0.4675   -1080.7518  0.5801 
   00108    0.4500   -1078.9547  0.5770 
   00109    0.4550   -1087.4924  0.5625 
   00110    0.4350   -1082.6812  0.5633 
   00111    0.4900   -1105.9236  0.5498 
   00112    0.4525   -1112.4191  0.5648 
   00113    0.4075   -1097.5729  0.5675 
   00114    0.4450   -1104.1481  0.5670 
   00115    0.4675   -1100.3051  0.5582 
   00116    0.4575   -1100.3711  0.5726 
   00117    0.4400   -1091.9197  0.5666 
   00118    0.4725   -1071.8244  0.5629 
   00119    0.4825   -1085.7242  0.5731 
   00120    0.4350   -1075.9131  0.5599 
   00121    0.4400   -1061.0145  0.5443 
   00122    0.4200   -1072.1511  0.5599 
   00123    0.4150   -1088.5916  0.5640 
   00124    0.4375   -1087.3864  0.5554 
   00125    0.4450   -1067.7346  0.5578 
   00126    0.4675   -1078.3960  0.5761 
   00127    0.4825   -1099.5462  0.5723 
   00128    0.4375   -1105.6963  0.5793 
   00129    0.4775   -1115.0076  0.5767 
   00130    0.4350   -1115.4564  0.5776 
   00131    0.4700   -1100.6847  0.5782 
   00132    0.4275   -1090.9720  0.5842 
   00133    0.4525   -1087.5325  0.5765 
   00134    0.4100   -1099.2606  0.5872 
   00135    0.4950   -1098.3284  0.5871 
   00136    0.5150   -1092.8365  0.5916 
   00137    0.4300   -1093.5249  0.5866 
   00138    0.4600   -1099.4737  0.5855 
   00139    0.4700   -1107.0992  0.5845 
   00140    0.4350   -1092.3726  0.5740 
   00141    0.4500   -1097.5891  0.5736 
   00142    0.4100   -1115.1219  0.5701 
   00143    0.4075   -1104.9681  0.5555 
   00144    0.4200   -1111.8208  0.5674 
   00145    0.4450   -1097.5975  0.5506 
   00146    0.4050   -1116.4611  0.5523 
   00147    0.4200   -1118.2852  0.5384 
   00148    0.3975   -1122.2102  0.5434 
   00149    0.4550   -1139.0637  0.5477 
   00150    0.4425   -1132.6426  0.5433 
   00151    0.4375   -1134.7834  0.5428 
   00152    0.4475   -1147.4275  0.5504 
   00153    0.4375   -1144.4092  0.5487 
   00154    0.4700   -1123.4353  0.5473 
   00155    0.4425   -1099.3652  0.5478 
   00156    0.4425   -1098.3558  0.5429 
   00157    0.4425   -1106.8033  0.5509 
   00158    0.3900   -1089.1625  0.5531 
   00159    0.4550   -1085.8250  0.5387 
   00160    0.4375   -1060.5427  0.5433 
   00161    0.4500   -1050.3864  0.5509 
   00162    0.4450   -1079.5081  0.5727 
   00163    0.4100   -1078.6698  0.5699 
   00164    0.4900   -1098.3757  0.5739 
   00165    0.4725   -1091.2937  0.5656 
   00166    0.4500   -1114.5213  0.5704 
   00167    0.4450   -1115.3223  0.5772 
   00168    0.4375   -1112.8270  0.5647 
   00169    0.4375   -1113.4975  0.5560 
   00170    0.4200   -1095.1708  0.5512 
   00171    0.4300   -1087.0255  0.5486 
   00172    0.4550   -1097.5776  0.5454 
   00173    0.4375   -1092.7478  0.5355 
   00174    0.4675   -1107.0861  0.5353 
   00175    0.4350   -1090.5464  0.5383 
   00176    0.5050   -1070.3878  0.5331 
   00177    0.4700   -1093.3895  0.5515 
   00178    0.4875   -1114.2650  0.5580 
   00179    0.4075   -1112.8929  0.5663 
   00180    0.4400   -1121.9324  0.5876 
   00181    0.4200   -1131.4115  0.5859 
   00182    0.4575   -1131.5613  0.5963 
   00183    0.4500   -1135.1838  0.5928 
   00184    0.4150   -1128.2774  0.5813 
   00185    0.4250   -1135.6364  0.5874 
   00186    0.4350   -1117.5654  0.5733 
   00187    0.4625   -1128.4923  0.5714 
   00188    0.4600   -1130.5909  0.5824 
   00189    0.4125   -1125.5809  0.5701 
   00190    0.3675   -1136.2672  0.5803 
   00191    0.4475   -1145.1593  0.5863 
   00192    0.4325   -1145.0203  0.5954 
   00193    0.4375   -1144.9760  0.5959 
   00194    0.4175   -1143.7711  0.5999 
   00195    0.4425   -1161.8181  0.6003 
   00196    0.4675   -1155.0085  0.5963 
   00197    0.4150   -1149.5915  0.5985 
   00198    0.4300   -1160.3449  0.5963 
   00199    0.4625   -1155.3787  0.6060 
   00200    0.4675   -1162.8486  0.6041 
   00201    0.4525   -1140.7490  0.5983 
   00202    0.4250   -1121.3453  0.5828 
   00203    0.4600   -1156.2502  0.5958 
   00204    0.3925   -1143.5957  0.5835 
   00205    0.4600   -1131.6848  0.5958 
   00206    0.4400   -1127.5395  0.6058 
   00207    0.4425   -1144.0718  0.5981 
   00208    0.4575   -1149.7658  0.5991 
   00209    0.4250   -1150.2752  0.5978 
   00210    0.4550   -1150.5426  0.6078 
   00211    0.4550   -1157.3231  0.6100 
   00212    0.4400   -1129.0187  0.5947 
   00213    0.4200   -1116.4255  0.5966 
   00214    0.4125   -1107.8249  0.5992 
   00215    0.4225   -1106.6098  0.5888 
   00216    0.4150   -1109.2757  0.5868 
   00217    0.4875   -1104.2480  0.5799 
   00218    0.4925   -1087.8058  0.5627 
   00219    0.4375   -1118.1588  0.5735 
   00220    0.4300   -1114.1944  0.5635 
   00221    0.4150   -1112.9914  0.5651 
   00222    0.4700   -1088.4668  0.5503 
   00223    0.3950   -1100.9235  0.5406 
   00224    0.4750   -1115.7826  0.5371 
   00225    0.4200   -1104.0718  0.5499 
   00226    0.4950   -1099.2627  0.5615 
   00227    0.4600   -1101.3441  0.5686 
   00228    0.4900   -1107.9436  0.5768 
   00229    0.4300   -1108.0770  0.5877 
   00230    0.4575   -1100.5985  0.5785 
   00231    0.4725   -1083.4232  0.5769 
   00232    0.4525   -1114.3192  0.5992 
   00233    0.4275   -1104.4162  0.5950 
   00234    0.4750   -1100.7034  0.5998 
   00235    0.4650   -1101.0043  0.5768 
   00236    0.4300   -1103.3017  0.5730 
   00237    0.4625   -1109.5468  0.5942 
   00238    0.4725   -1104.9139  0.5959 
   00239    0.4150   -1097.6852  0.5938 
   00240    0.4600   -1109.1896  0.6082 
   00241    0.4325   -1135.9931  0.6098 
   00242    0.4500   -1120.1062  0.6092 
   00243    0.4375   -1137.3095  0.6228 
   00244    0.3875   -1123.7444  0.6184 
   00245    0.4025   -1114.0877  0.6199 
   00246    0.4450   -1119.5661  0.6312 
   00247    0.4075   -1137.2365  0.6428 
   00248    0.4600   -1148.0754  0.6409 
   00249    0.4500   -1165.9815  0.6466 
   00250    0.4125   -1171.5455  0.6497 
   00251    0.4325   -1160.3089  0.6405 
   00252    0.4350   -1165.7262  0.6477 
   00253    0.4250   -1146.4339  0.6340 
   00254    0.3900   -1152.2078  0.6317 
   00255    0.4225   -1143.9864  0.6315 
   00256    0.4150   -1141.4805  0.6378 
   00257    0.4475   -1144.0028  0.6273 
   00258    0.4400   -1151.7546  0.6404 
   00259    0.4250   -1161.4754  0.6466 
   00260    0.4575   -1158.3738  0.6505 
   00261    0.4175   -1181.7386  0.6532 
   00262    0.4125   -1175.2590  0.6568 
   00263    0.4525   -1191.6117  0.6538 
   00264    0.4650   -1201.1735  0.6620 
   00265    0.4125   -1213.5284  0.6710 
   00266    0.4325   -1214.5843  0.6629 
   00267    0.4000   -1200.4205  0.6699 
   00268    0.4575   -1217.5823  0.6806 
   00269    0.4500   -1205.9851  0.6831 
   00270    0.4150   -1214.3531  0.6847 
   00271    0.4600   -1219.9440  0.6962 
   00272    0.4200   -1219.4767  0.6881 
   00273    0.3800   -1218.3750  0.6926 
   00274    0.3950   -1208.7254  0.6895 
   00275    0.4500   -1201.4450  0.6871 
   00276    0.4350   -1187.1929  0.6865 
   00277    0.4000   -1176.3023  0.6765 
   00278    0.4125   -1168.9883  0.6725 
   00279    0.4325   -1175.0289  0.6743 
   00280    0.4100   -1175.0915  0.6639 
   00281    0.4350   -1188.1226  0.6728 
   00282    0.4150   -1187.2153  0.6618 
   00283    0.4300   -1208.8978  0.6752 
   00284    0.4425   -1201.1029  0.6708 
   00285    0.4000   -1193.9024  0.6729 
   00286    0.4050   -1161.0500  0.6678 
   00287    0.4625   -1163.5209  0.6667 
   00288    0.4250   -1143.1478  0.6736 
   00289    0.4525   -1145.9058  0.6793 
   00290    0.4250   -1132.7716  0.6812 
   00291    0.4575   -1146.4196  0.6896 
   00292    0.4000   -1128.6814  0.6899 
   00293    0.4600   -1144.6736  0.6997 
   00294    0.4300   -1139.7507  0.7029 
   00295    0.4675   -1150.9594  0.7080 
   00296    0.4525   -1145.3414  0.7001 
   00297    0.4050   -1121.6707  0.6912 
   00298    0.4375   -1116.3219  0.6772 
   00299    0.4250   -1109.6299  0.6646 
   00300    0.4375   -1096.3379  0.6632 
   00301    0.4500   -1098.9198  0.6625 
   00302    0.4275   -1095.1769  0.6697 
   00303    0.4025   -1103.3321  0.6650 
   00304    0.4750   -1122.2742  0.6681 
   00305    0.4325   -1106.8236  0.6682 
   00306    0.4675   -1103.2043  0.6765 
   00307    0.4600   -1105.4659  0.6767 
   00308    0.4625   -1109.9648  0.6714 
   00309    0.3725   -1113.1430  0.6838 
   00310    0.4575   -1117.0519  0.6886 
   00311    0.4150   -1128.5173  0.6904 
   00312    0.4850   -1118.4176  0.6936 
   00313    0.4250   -1110.0702  0.6928 
   00314    0.4000   -1115.5431  0.6892 
   00315    0.4200   -1132.9155  0.6949 
   00316    0.4450   -1130.3271  0.6890 
   00317    0.4575   -1116.5197  0.6779 
   00318    0.4675   -1120.1581  0.6852 
   00319    0.4000   -1125.0296  0.6940 
   00320    0.4250   -1133.7451  0.6970 
   00321    0.4400   -1137.3732  0.6976 
   00322    0.4500   -1116.5697  0.6759 
   00323    0.4575   -1118.1893  0.6784 
   00324    0.4525   -1123.1785  0.6911 
   00325    0.4075   -1131.5851  0.6895 
   00326    0.4050   -1136.6356  0.6942 
   00327    0.4600   -1159.4262  0.7023 
   00328    0.4175   -1181.2313  0.7113 
   00329    0.4450   -1176.0916  0.7151 
   00330    0.4425   -1194.0034  0.7142 
   00331    0.4425   -1204.3905  0.7171 
   00332    0.3975   -1213.5768  0.7329 
   00333    0.4450   -1201.1581  0.7278 
   00334    0.4300   -1195.4146  0.7282 
   00335    0.4525   -1179.4082  0.7347 
   00336    0.3725   -1195.2931  0.7402 
   00337    0.4650   -1206.0778  0.7520 
   00338    0.4000   -1190.8842  0.7548 
   00339    0.4225   -1212.0442  0.7668 
   00340    0.4350   -1212.8614  0.7701 
   00341    0.4025   -1213.7786  0.7659 
   00342    0.4225   -1210.4562  0.7651 
   00343    0.4425   -1205.1639  0.7635 
   00344    0.4050   -1202.8238  0.7557 
   00345    0.4525   -1190.5567  0.7510 
   00346    0.4300   -1182.8166  0.7510 
   00347    0.4625   -1189.6746  0.7465 
   00348    0.4425   -1197.2378  0.7456 
   00349    0.4275   -1225.2393  0.7457 
   00350    0.4225   -1214.2439  0.7454 
   00351    0.4425   -1235.9295  0.7495 
   00352    0.3975   -1240.8339  0.7458 
   00353    0.4150   -1234.0241  0.7438 
   00354    0.4175   -1230.8337  0.7440 
   00355    0.3775   -1206.6181  0.7429 
   00356    0.4550   -1205.2876  0.7376 
   00357    0.4400   -1196.8134  0.7245 
   00358    0.4925   -1184.1000  0.7276 
   00359    0.4300   -1177.8282  0.7113 
   00360    0.4000   -1180.6875  0.7099 
   00361    0.4425   -1193.9625  0.7076 
   00362    0.4375   -1192.5511  0.7163 
   00363    0.4475   -1192.5968  0.7208 
   00364    0.4075   -1157.0137  0.7147 
   00365    0.4250   -1141.5184  0.7016 
   00366    0.4425   -1148.9692  0.7170 
   00367    0.4375   -1161.0155  0.7178 
   00368    0.4250   -1149.1644  0.7171 
   00369    0.4475   -1139.0038  0.7179 
   00370    0.4275   -1134.3163  0.7174 
   00371    0.4325   -1149.9460  0.7112 
   00372    0.4125   -1155.2658  0.7069 
   00373    0.4475   -1162.7753  0.7040 
   00374    0.4275   -1144.2786  0.6945 
   00375    0.4025   -1152.1552  0.7002 
   00376    0.4075   -1146.9495  0.6901 
   00377    0.4500   -1134.4837  0.6825 
   00378    0.4425   -1131.0625  0.6772 
   00379    0.4275   -1133.5986  0.6797 
   00380    0.4350   -1117.2131  0.6788 
   00381    0.4450   -1109.8608  0.6858 
   00382    0.4600   -1126.0006  0.6825 
   00383    0.4525   -1131.9544  0.6772 
   00384    0.4375   -1135.2855  0.6848 
   00385    0.4625   -1127.1375  0.6863 
   00386    0.4450   -1116.7772  0.6818 
   00387    0.4000   -1130.1741  0.6894 
   00388    0.3975   -1140.8075  0.7005 
   00389    0.4525   -1151.7747  0.7141 
   00390    0.4100   -1168.1422  0.7283 
   00391    0.4275   -1160.0628  0.7269 
   00392    0.4250   -1165.9569  0.7276 
   00393    0.4100   -1155.8313  0.7338 
   00394    0.4300   -1151.9332  0.7341 
   00395    0.4150   -1147.1852  0.7334 
   00396    0.4075   -1131.4280  0.7255 
   00397    0.4325   -1125.1934  0.7288 
   00398    0.4150   -1141.5152  0.7382 
   00399    0.4475   -1149.6568  0.7431 
   00400    0.4025   -1149.3040  0.7416 
   00401    0.3950   -1132.1615  0.7314 
   00402    0.4225   -1162.2107  0.7387 
   00403    0.4000   -1165.8304  0.7342 
   00404    0.4475   -1178.8359  0.7503 
   00405    0.3900   -1189.7055  0.7437 
   00406    0.4050   -1154.8366  0.7261 
   00407    0.4250   -1149.9803  0.7323 
   00408    0.4325   -1131.9348  0.7210 
   00409    0.4125   -1133.9182  0.7201 
   00410    0.4500   -1136.6006  0.7250 
   00411    0.4275   -1121.6645  0.7186 
   00412    0.4150   -1138.5348  0.7284 
   00413    0.4375   -1157.5086  0.7282 
   00414    0.3925   -1161.4848  0.7437 
   00415    0.4275   -1152.4635  0.7367 
   00416    0.4425   -1156.4882  0.7464 
   00417    0.4425   -1172.2569  0.7565 
   00418    0.4700   -1195.1516  0.7651 
   00419    0.4525   -1188.6284  0.7626 
   00420    0.3925   -1194.0459  0.7564 
   00421    0.4125   -1191.4607  0.7511 
   00422    0.4200   -1166.0228  0.7488 
   00423    0.4025   -1173.5421  0.7452 
   00424    0.4425   -1172.9397  0.7324 
   00425    0.3875   -1177.0215  0.7368 
   00426    0.4250   -1177.6952  0.7385 
   00427    0.4575   -1164.7552  0.7272 
   00428    0.4100   -1169.2701  0.7256 
   00429    0.3800   -1171.2732  0.7320 
   00430    0.4050   -1187.0853  0.7205 
   00431    0.3950   -1181.0639  0.7183 
   00432    0.3475   -1186.8701  0.7311 
   00433    0.4550   -1184.3163  0.7354 
   00434    0.3925   -1187.3256  0.7393 
   00435    0.3900   -1181.9478  0.7459 
   00436    0.4000   -1186.5699  0.7420 
   00437    0.4225   -1168.7739  0.7237 
   00438    0.3975   -1166.9229  0.7295 
   00439    0.4000   -1167.7458  0.7315 
   00440    0.4200   -1160.6166  0.7297 
   00441    0.4000   -1155.8957  0.7254 
   00442    0.4175   -1157.3443  0.7218 
   00443    0.4425   -1172.2006  0.7291 
   00444    0.3875   -1168.6646  0.7250 
   00445    0.4075   -1186.6022  0.7433 
   00446    0.4725   -1181.9082  0.7389 
   00447    0.4500   -1177.9579  0.7379 
   00448    0.4400   -1181.5041  0.7262 
   00449    0.4275   -1182.5507  0.7185 
   00450    0.4500   -1183.4518  0.7106 
   00451    0.4175   -1182.9603  0.7107 
   00452    0.4275   -1187.6936  0.7113 
   00453    0.3825   -1178.8412  0.7074 
   00454    0.4075   -1168.4891  0.6985 
   00455    0.4475   -1169.2177  0.7075 
   00456    0.4150   -1169.9268  0.7139 
   00457    0.3825   -1161.1627  0.7169 
   00458    0.4250   -1173.4834  0.7216 
   00459    0.3925   -1176.4188  0.7183 
   00460    0.4125   -1149.3623  0.7089 
   00461    0.4575   -1153.1814  0.7142 
   00462    0.4000   -1146.0512  0.7062 
   00463    0.4300   -1150.3106  0.7053 
   00464    0.3825   -1146.0109  0.7064 
   00465    0.4675   -1165.4281  0.7143 
   00466    0.4775   -1175.2560  0.7234 
   00467    0.3675   -1181.0148  0.7227 
   00468    0.3875   -1173.7930  0.7215 
   00469    0.4275   -1168.2648  0.7285 
   00470    0.3925   -1157.2964  0.7329 
   00471    0.3900   -1157.5720  0.7251 
   00472    0.4025   -1168.1334  0.7265 
   00473    0.3825   -1174.2801  0.7369 
   00474    0.4100   -1183.9080  0.7283 
   00475    0.4250   -1194.8789  0.7301 
   00476    0.3925   -1196.2757  0.7294 
   00477    0.3850   -1224.3868  0.7375 
   00478    0.4100   -1219.2755  0.7365 
   00479    0.4400   -1206.2906  0.7370 
   00480    0.3775   -1217.6198  0.7383 
   00481    0.4050   -1216.8463  0.7415 
   00482    0.4575   -1206.7173  0.7451 
   00483    0.4125   -1201.7606  0.7304 
   00484    0.3975   -1193.4964  0.7360 
   00485    0.3950   -1203.9974  0.7377 
   00486    0.4325   -1194.0659  0.7368 
   00487    0.4025   -1201.2312  0.7427 
   00488    0.3900   -1203.5970  0.7417 
   00489    0.4100   -1207.5498  0.7445 
   00490    0.3925   -1234.0102  0.7583 
   00491    0.4550   -1201.8386  0.7482 
   00492    0.3925   -1190.4385  0.7448 
   00493    0.4075   -1192.6861  0.7474 
   00494    0.4625   -1184.6900  0.7354 
   00495    0.4000   -1194.5236  0.7422 
   00496    0.3950   -1184.5508  0.7409 
   00497    0.3850   -1172.2005  0.7447 
   00498    0.4375   -1184.5117  0.7524 
   00499    0.4025   -1167.7520  0.7436 
   00500    0.4225   -1166.7980  0.7483 
   00501    0.4150   -1173.4752  0.7454 
   00502    0.3875   -1158.4691  0.7347 
   00503    0.4250   -1160.5578  0.7365 
   00504    0.4025   -1166.8420  0.7420 
   00505    0.4025   -1165.1659  0.7309 
   00506    0.4125   -1153.9148  0.7326 
   00507    0.4000   -1157.8729  0.7389 
   00508    0.4300   -1146.8470  0.7299 
   00509    0.4150   -1154.9039  0.7455 
   00510    0.3850   -1138.1211  0.7472 
   00511    0.4275   -1130.9111  0.7339 
   00512    0.4425   -1149.4747  0.7431 
   00513    0.4675   -1147.1577  0.7414 
   00514    0.4300   -1147.8104  0.7367 
   00515    0.4250   -1156.6357  0.7443 
   00516    0.4200   -1158.6223  0.7490 
   00517    0.3850   -1165.6623  0.7499 
   00518    0.4275   -1164.6691  0.7382 
   00519    0.4400   -1175.1434  0.7364 
   00520    0.3775   -1162.2243  0.7255 
   00521    0.3925   -1154.2179  0.7286 
   00522    0.4225   -1154.5450  0.7252 
   00523    0.4275   -1147.7154  0.7251 
   00524    0.4275   -1166.4734  0.7354 
   00525    0.4350   -1162.1322  0.7356 
   00526    0.4100   -1169.3483  0.7289 
   00527    0.4500   -1164.9427  0.7255 
   00528    0.4300   -1167.9516  0.7324 
   00529    0.4300   -1184.9175  0.7305 
   00530    0.4525   -1189.6642  0.7334 
   00531    0.4350   -1200.6112  0.7364 
   00532    0.3975   -1198.0250  0.7258 
   00533    0.3950   -1197.7056  0.7295 
   00534    0.4000   -1196.8186  0.7318 
   00535    0.3900   -1192.8341  0.7172 
   00536    0.4075   -1192.5701  0.7124 
   00537    0.3800   -1197.9771  0.7186 
   00538    0.3875   -1177.8126  0.7136 
   00539    0.4100   -1184.4134  0.7146 
   00540    0.4325   -1180.2426  0.7143 
   00541    0.4425   -1170.8568  0.7154 
   00542    0.4125   -1173.0801  0.7063 
   00543    0.3825   -1161.9332  0.7054 
   00544    0.3850   -1156.4554  0.7059 
   00545    0.4375   -1152.7029  0.7024 
   00546    0.4000   -1150.1726  0.6994 
   00547    0.4475   -1148.2399  0.7028 
   00548    0.4525   -1141.4229  0.6987 
   00549    0.4175   -1136.2836  0.7022 
   00550    0.3600   -1147.7123  0.7145 
   00551    0.4525   -1136.1459  0.7176 
   00552    0.4375   -1102.7807  0.6968 
   00553    0.4500   -1111.8448  0.6978 
   00554    0.3950   -1130.4190  0.7052 
   00555    0.4425   -1116.1996  0.7041 
   00556    0.4150   -1118.2874  0.7057 
   00557    0.4325   -1134.0449  0.7039 
   00558    0.3875   -1134.6305  0.6974 
   00559    0.4400   -1131.1154  0.6934 
   00560    0.4300   -1139.7931  0.6853 
   00561    0.4150   -1132.5651  0.6874 
   00562    0.3925   -1124.3010  0.6932 
   00563    0.4225   -1114.4835  0.6895 
   00564    0.4275   -1092.1477  0.6939 
   00565    0.4325   -1116.1729  0.7105 
   00566    0.3800   -1108.4346  0.7115 
   00567    0.4375   -1110.9735  0.7098 
   00568    0.4200   -1120.6993  0.7012 
   00569    0.4325   -1118.4605  0.6819 
   00570    0.4050   -1095.5491  0.6759 
   00571    0.4325   -1076.5429  0.6776 
   00572    0.4275   -1076.9334  0.6805 
   00573    0.4325   -1093.0896  0.6819 
   00574    0.4675   -1077.1197  0.6739 
   00575    0.4025   -1081.9917  0.6780 
   00576    0.4100   -1083.5760  0.6712 
   00577    0.4025   -1085.0346  0.6850 
   00578    0.4575   -1087.3360  0.6842 
   00579    0.4275   -1095.5439  0.6811 
   00580    0.4600   -1086.1399  0.6849 
   00581    0.3975   -1080.6943  0.6803 
   00582    0.4150   -1085.1907  0.6877 
   00583    0.4100   -1088.3637  0.6811 
   00584    0.4225   -1090.6929  0.6962 
   00585    0.4000   -1099.2326  0.7056 
   00586    0.4700   -1097.5266  0.7057 
   00587    0.4475   -1093.5770  0.7060 
   00588    0.4600   -1105.8741  0.7133 
   00589    0.4650   -1126.0477  0.7138 
   00590    0.4650   -1143.1571  0.7203 
   00591    0.4000   -1135.5297  0.7099 
   00592    0.3925   -1131.1621  0.7012 
   00593    0.4550   -1123.9191  0.6983 
   00594    0.4275   -1109.5621  0.6826 
   00595    0.4450   -1116.2212  0.6792 
   00596    0.4100   -1116.6904  0.6758 
   00597    0.4300   -1109.7655  0.6805 
   00598    0.4350   -1114.5108  0.6839 
   00599    0.4275   -1119.2172  0.6733 
   00600    0.4575   -1127.1486  0.6793 
   00601    0.4275   -1131.3744  0.6822 
   00602    0.4225   -1148.7323  0.6888 
   00603    0.4225   -1152.0612  0.6954 
   00604    0.4000   -1129.0767  0.6918 
   00605    0.4675   -1140.1358  0.7039 
   00606    0.4125   -1150.9256  0.6975 
   00607    0.4225   -1144.0719  0.7015 
   00608    0.4225   -1140.8776  0.7104 
   00609    0.4200   -1127.9417  0.7056 
   00610    0.4300   -1134.8149  0.7061 
   00611    0.4200   -1123.0705  0.6965 
   00612    0.4275   -1121.4815  0.6967 
   00613    0.4425   -1139.9484  0.6926 
   00614    0.4200   -1134.9742  0.6948 
   00615    0.4350   -1137.4939  0.6962 
   00616    0.4225   -1141.9008  0.7003 
   00617    0.4150   -1156.3458  0.7068 
   00618    0.4550   -1161.5056  0.7061 
   00619    0.3925   -1168.1133  0.7005 
   00620    0.3825   -1170.0727  0.6986 
   00621    0.3700   -1170.6691  0.7012 
   00622    0.4075   -1165.5423  0.6996 
   00623    0.4450   -1155.3466  0.6975 
   00624    0.4200   -1140.2751  0.6963 
   00625    0.4175   -1137.9207  0.6917 
   00626    0.4650   -1133.7015  0.7006 
   00627    0.4150   -1135.8337  0.7129 
   00628    0.4525   -1171.3492  0.7269 
   00629    0.4175   -1176.8466  0.7188 
   00630    0.4175   -1155.1095  0.7229 
   00631    0.4775   -1171.4858  0.7154 
   00632    0.4625   -1175.6030  0.7166 
   00633    0.4250   -1161.5953  0.7123 
   00634    0.4175   -1161.0508  0.7098 
   00635    0.4475   -1169.6844  0.7176 
   00636    0.3950   -1162.7912  0.7186 
   00637    0.3900   -1158.9069  0.7150 
   00638    0.4150   -1157.2086  0.7071 
   00639    0.4025   -1152.3900  0.7003 
   00640    0.4125   -1145.7946  0.7077 
   00641    0.4125   -1149.7413  0.7072 
   00642    0.4550   -1140.5353  0.7085 
   00643    0.4250   -1140.1324  0.7073 
   00644    0.3950   -1152.2783  0.7141 
   00645    0.4425   -1161.8185  0.7163 
   00646    0.3825   -1164.0474  0.7192 
   00647    0.4175   -1149.9897  0.7108 
   00648    0.4375   -1156.0674  0.7275 
   00649    0.4650   -1147.9705  0.7232 
   00650    0.4525   -1156.7756  0.7288 
   00651    0.4025   -1157.2834  0.7289 
   00652    0.4275   -1172.9771  0.7245 
   00653    0.4350   -1159.0472  0.7238 
   00654    0.4300   -1157.0493  0.7143 
   00655    0.4300   -1145.9721  0.7060 
   00656    0.4450   -1133.7508  0.6981 
   00657    0.3750   -1114.1941  0.7020 
   00658    0.4200   -1125.3471  0.7059 
   00659    0.4475   -1125.5592  0.7150 
   00660    0.4675   -1135.4161  0.7253 
   00661    0.4050   -1137.1176  0.7255 
   00662    0.4300   -1119.9078  0.7191 
   00663    0.4250   -1111.3189  0.7198 
   00664    0.4275   -1122.1817  0.7306 
   00665    0.4475   -1124.9159  0.7233 
   00666    0.4250   -1137.9940  0.7199 
   00667    0.4400   -1137.5174  0.7128 
   00668    0.4575   -1145.8748  0.7106 
   00669    0.3975   -1158.8637  0.7149 
   00670    0.4150   -1151.6778  0.7126 
   00671    0.4000   -1147.5884  0.6964 
   00672    0.4750   -1159.7837  0.6882 
   00673    0.4000   -1160.4314  0.6896 
   00674    0.4500   -1154.4307  0.6860 
   00675    0.4425   -1162.5914  0.6946 
   00676    0.4075   -1153.0697  0.7038 
   00677    0.4075   -1141.2995  0.7058 
   00678    0.3850   -1157.0191  0.6966 
   00679    0.3725   -1165.1582  0.6969 
   00680    0.4350   -1153.4294  0.6893 
   00681    0.4175   -1140.2956  0.6923 
   00682    0.4175   -1142.4592  0.6910 
   00683    0.4550   -1143.7655  0.7157 
   00684    0.3975   -1141.3786  0.7149 
   00685    0.4175   -1115.4709  0.7074 
   00686    0.3950   -1118.6412  0.7107 
   00687    0.3900   -1138.5300  0.7119 
   00688    0.4400   -1151.3881  0.7076 
   00689    0.3825   -1154.4218  0.7091 
   00690    0.4350   -1146.4932  0.7135 
   00691    0.4075   -1148.0469  0.7168 
   00692    0.4375   -1145.4916  0.7179 
   00693    0.3875   -1147.0612  0.7139 
   00694    0.4150   -1139.5945  0.7133 
   00695    0.4025   -1128.7349  0.7075 
   00696    0.3850   -1100.3455  0.7033 
   00697    0.4125   -1097.5937  0.7006 
   00698    0.4175   -1125.2509  0.7075 
   00699    0.3800   -1129.8440  0.7121 
   00700    0.4250   -1131.5688  0.7011 
   00701    0.4300   -1113.6628  0.6805 
   00702    0.4250   -1128.6017  0.6877 
   00703    0.4450   -1148.0880  0.6921 
   00704    0.4875   -1135.5995  0.6872 
   00705    0.4375   -1141.5593  0.6885 
   00706    0.4475   -1160.1836  0.6977 
   00707    0.4000   -1147.3248  0.6946 
   00708    0.4150   -1161.1110  0.6964 
   00709    0.4125   -1160.6602  0.7064 
   00710    0.4225   -1173.0765  0.7042 
   00711    0.4225   -1179.8854  0.7052 
   00712    0.3925   -1170.9125  0.6969 
   00713    0.4200   -1184.3399  0.7105 
   00714    0.4075   -1193.5737  0.7041 
   00715    0.3775   -1191.8348  0.7015 
   00716    0.3800   -1201.5635  0.7031 
   00717    0.3975   -1181.2830  0.6863 
   00718    0.4200   -1170.1441  0.6859 
   00719    0.4200   -1190.2466  0.6926 
   00720    0.3750   -1194.8801  0.6998 
   00721    0.4275   -1189.3935  0.6888 
   00722    0.3750   -1183.1367  0.6942 
   00723    0.3875   -1191.2998  0.7017 
   00724    0.4225   -1185.9874  0.6986 
   00725    0.4225   -1173.2803  0.6887 
   00726    0.4275   -1169.6756  0.6847 
   00727    0.4300   -1171.5215  0.6981 
   00728    0.3675   -1148.2010  0.6897 
   00729    0.4250   -1157.7012  0.6879 
   00730    0.4075   -1153.3800  0.6982 
   00731    0.4300   -1157.9039  0.7084 
   00732    0.4025   -1151.6575  0.7023 
   00733    0.4100   -1159.5670  0.7182 
   00734    0.4650   -1175.0040  0.7283 
   00735    0.4150   -1171.5448  0.7245 
   00736    0.4150   -1175.6601  0.7252 
   00737    0.4450   -1179.4657  0.7166 
   00738    0.4125   -1182.2278  0.7190 
   00739    0.4175   -1182.0440  0.7080 
   00740    0.3975   -1187.4473  0.7047 
   00741    0.4025   -1188.2069  0.7006 
   00742    0.4275   -1181.0336  0.7025 
   00743    0.4050   -1174.1129  0.7075 
   00744    0.4475   -1189.0775  0.7225 
   00745    0.3950   -1174.7408  0.7083 
   00746    0.3950   -1166.3873  0.7088 
   00747    0.4175   -1171.6792  0.7066 
   00748    0.4200   -1186.0211  0.7074 
   00749    0.4400   -1187.6517  0.7058 
   00750    0.4100   -1184.0071  0.7037 
   00751    0.4525   -1180.4054  0.7000 
   00752    0.4600   -1182.3691  0.6890 
   00753    0.4050   -1163.7619  0.6788 
   00754    0.4025   -1178.1337  0.6986 
   00755    0.4025   -1189.4785  0.7111 
   00756    0.3825   -1192.4354  0.7156 
   00757    0.4150   -1178.3632  0.7219 
   00758    0.4300   -1180.7280  0.7172 
   00759    0.3975   -1160.8552  0.7038 
   00760    0.4000   -1152.8026  0.7051 
   00761    0.4200   -1144.3571  0.6947 
   00762    0.4175   -1135.9685  0.6980 
   00763    0.4150   -1142.6902  0.6994 
   00764    0.3925   -1155.9301  0.7075 
   00765    0.4125   -1156.1897  0.7055 
   00766    0.4375   -1157.3546  0.7071 
   00767    0.4275   -1146.9725  0.7087 
   00768    0.4025   -1125.5736  0.6906 
   00769    0.3750   -1142.9132  0.6875 
   00770    0.4175   -1150.6764  0.6894 
   00771    0.4350   -1161.7212  0.6945 
   00772    0.3725   -1162.3686  0.6941 
   00773    0.3950   -1167.8955  0.7022 
   00774    0.3625   -1172.3068  0.7170 
   00775    0.4225   -1178.6568  0.7131 
   00776    0.3950   -1179.8901  0.7156 
   00777    0.4050   -1184.7434  0.7250 
   00778    0.3725   -1181.5226  0.7347 
   00779    0.4050   -1179.1812  0.7379 
   00780    0.3925   -1170.8672  0.7292 
   00781    0.3500   -1182.9262  0.7314 
   00782    0.3975   -1175.6722  0.7312 
   00783    0.4050   -1179.4834  0.7358 
   00784    0.4425   -1188.0814  0.7374 
   00785    0.3975   -1183.2356  0.7339 
   00786    0.4175   -1169.8465  0.7354 
   00787    0.4175   -1179.4598  0.7373 
   00788    0.3675   -1163.8280  0.7244 
   00789    0.3775   -1153.8973  0.7267 
   00790    0.4025   -1150.3427  0.7320 
   00791    0.4200   -1140.8666  0.7311 
   00792    0.4200   -1120.8210  0.7185 
   00793    0.3825   -1134.4567  0.7206 
   00794    0.4325   -1155.7888  0.7260 
   00795    0.4150   -1161.5775  0.7180 
   00796    0.3850   -1167.2276  0.7190 
   00797    0.3850   -1157.9930  0.7222 
   00798    0.3900   -1131.4429  0.6930 
   00799    0.4350   -1117.7974  0.6924 
   00800    0.4400   -1115.1205  0.6957 
   00801    0.4325   -1104.8542  0.6901 
   00802    0.4075   -1108.5484  0.7004 
   00803    0.4050   -1120.6162  0.7205 
   00804    0.4375   -1112.6927  0.7132 
   00805    0.3900   -1131.9604  0.7076 
   00806    0.3750   -1140.4982  0.7091 
   00807    0.4425   -1150.4292  0.7204 
   00808    0.4000   -1162.1743  0.7177 
   00809    0.3825   -1128.4196  0.7061 
   00810    0.4250   -1118.4479  0.6907 
   00811    0.4225   -1110.7168  0.6799 
   00812    0.4325   -1117.1413  0.6813 
   00813    0.3825   -1107.3210  0.6744 
   00814    0.4225   -1113.6711  0.6816 
   00815    0.3625   -1113.0768  0.6733 
   00816    0.4125   -1115.6739  0.6608 
   00817    0.4525   -1120.7438  0.6594 
   00818    0.4000   -1130.5176  0.6557 
   00819    0.4225   -1122.5902  0.6578 
   00820    0.4375   -1124.1538  0.6548 
   00821    0.4150   -1105.8987  0.6470 
   00822    0.4025   -1097.7682  0.6502 
   00823    0.4250   -1111.7760  0.6623 
   00824    0.4375   -1129.4579  0.6547 
   00825    0.4700   -1138.2686  0.6617 
   00826    0.4075   -1128.7717  0.6475 
   00827    0.4550   -1124.1570  0.6456 
   00828    0.4675   -1105.2160  0.6443 
   00829    0.4175   -1100.1457  0.6499 
   00830    0.4250   -1123.7906  0.6623 
   00831    0.4050   -1130.5632  0.6593 
   00832    0.3850   -1118.4867  0.6454 
   00833    0.4175   -1114.8857  0.6470 
   00834    0.4250   -1119.0010  0.6451 
   00835    0.4125   -1114.6410  0.6389 
   00836    0.3700   -1102.1085  0.6350 
   00837    0.3950   -1115.9336  0.6362 
   00838    0.3650   -1113.7061  0.6358 
   00839    0.4550   -1108.6348  0.6323 
   00840    0.4100   -1100.2827  0.6336 
   00841    0.4275   -1098.1384  0.6299 
   00842    0.3900   -1114.5663  0.6318 
   00843    0.4625   -1125.1448  0.6592 
   00844    0.4475   -1126.7924  0.6642 
   00845    0.4250   -1122.2545  0.6786 
   00846    0.4275   -1118.9417  0.6715 
   00847    0.4025   -1133.7583  0.6755 
   00848    0.4150   -1117.2088  0.6569 
   00849    0.4200   -1126.8471  0.6560 
   00850    0.4000   -1132.7193  0.6675 
   00851    0.4100   -1141.8812  0.6627 
   00852    0.4225   -1122.1278  0.6647 
   00853    0.4525   -1113.5128  0.6653 
   00854    0.4600   -1091.3438  0.6655 
   00855    0.4450   -1104.2205  0.6637 
   00856    0.4200   -1099.8162  0.6557 
   00857    0.4325   -1087.4738  0.6546 
   00858    0.3925   -1065.1580  0.6500 
   00859    0.4100   -1087.1513  0.6515 
   00860    0.4575   -1080.5396  0.6612 
   00861    0.4225   -1094.7782  0.6699 
   00862    0.4000   -1104.0994  0.6701 
   00863    0.4025   -1105.4540  0.6732 
   00864    0.4000   -1115.4976  0.6864 
   00865    0.4075   -1106.2483  0.6922 
   00866    0.4300   -1085.9517  0.6793 
   00867    0.4225   -1088.7445  0.6741 
   00868    0.4550   -1124.8441  0.6824 
   00869    0.4075   -1126.5100  0.6866 
   00870    0.3625   -1142.6698  0.6976 
   00871    0.4050   -1137.9218  0.6971 
   00872    0.4025   -1143.9609  0.7021 
   00873    0.4525   -1146.0389  0.7030 
   00874    0.4150   -1143.7893  0.7054 
   00875    0.4000   -1143.5450  0.7026 
   00876    0.4800   -1142.2247  0.7065 
   00877    0.4875   -1125.1215  0.7115 
   00878    0.4350   -1109.5876  0.7026 
   00879    0.4575   -1130.8566  0.7116 
   00880    0.4300   -1140.6023  0.7167 
   00881    0.4125   -1123.8937  0.7059 
   00882    0.4150   -1130.9380  0.7001 
   00883    0.4550   -1140.5992  0.6974 
   00884    0.4075   -1132.3394  0.7023 
   00885    0.4450   -1129.0914  0.6985 
   00886    0.3825   -1138.7463  0.6925 
   00887    0.4200   -1145.7255  0.7067 
   00888    0.3975   -1135.3424  0.6973 
   00889    0.4025   -1145.6553  0.6998 
   00890    0.4600   -1153.6803  0.7078 
   00891    0.3950   -1173.1593  0.7160 
   00892    0.3625   -1183.4929  0.7110 
   00893    0.4125   -1185.0065  0.7061 
   00894    0.4000   -1180.7093  0.6980 
   00895    0.4450   -1196.9971  0.7153 
   00896    0.4275   -1197.0295  0.7248 
   00897    0.4125   -1178.8328  0.7153 
   00898    0.4050   -1174.5708  0.7118 
   00899    0.3675   -1177.2990  0.7068 
   00900    0.3925   -1181.6289  0.7121 
   00901    0.3825   -1183.4063  0.7090 
   00902    0.3925   -1193.0608  0.7051 
   00903    0.4250   -1153.2787  0.6957 
   00904    0.4150   -1132.9445  0.6869 
   00905    0.4200   -1152.0380  0.7001 
   00906    0.4400   -1154.6845  0.6982 
   00907    0.4050   -1153.7931  0.6988 
   00908    0.4075   -1151.5935  0.7024 
   00909    0.4050   -1142.1124  0.7008 
   00910    0.4200   -1131.2914  0.6978 
   00911    0.4150   -1127.7786  0.6980 
   00912    0.4525   -1151.5562  0.7035 
   00913    0.3925   -1143.2169  0.7102 
   00914    0.4375   -1136.1673  0.7140 
   00915    0.4850   -1132.9770  0.7211 
   00916    0.4225   -1161.4595  0.7378 
   00917    0.4450   -1179.9883  0.7604 
   00918    0.4025   -1169.8765  0.7554 
   00919    0.3600   -1173.2207  0.7554 
   00920    0.4375   -1181.6077  0.7518 
   00921    0.4400   -1183.5294  0.7575 
   00922    0.4000   -1199.4745  0.7719 
   00923    0.4025   -1185.5058  0.7652 
   00924    0.4075   -1173.6971  0.7548 
   00925    0.3775   -1176.1678  0.7557 
   00926    0.4225   -1169.6236  0.7595 
   00927    0.4225   -1168.9193  0.7481 
   00928    0.4450   -1175.1188  0.7417 
   00929    0.4325   -1183.1053  0.7436 
   00930    0.4075   -1178.2156  0.7532 
   00931    0.4525   -1165.8389  0.7423 
   00932    0.3650   -1163.2096  0.7412 
   00933    0.3900   -1165.9649  0.7371 
   00934    0.4100   -1174.0018  0.7391 
   00935    0.4325   -1187.1666  0.7436 
   00936    0.4125   -1180.0234  0.7440 
   00937    0.4475   -1183.4880  0.7399 
   00938    0.4100   -1175.5330  0.7423 
   00939    0.4250   -1189.2378  0.7448 
   00940    0.4400   -1210.6405  0.7593 
   00941    0.4100   -1204.3894  0.7593 
   00942    0.4125   -1204.0227  0.7432 
   00943    0.4250   -1195.9557  0.7442 
   00944    0.4475   -1192.9394  0.7364 
   00945    0.4275   -1184.4083  0.7357 
   00946    0.3850   -1157.2371  0.7269 
   00947    0.4375   -1158.1487  0.7205 
   00948    0.4250   -1165.5168  0.7206 
   00949    0.4000   -1153.0189  0.7232 
   00950    0.4075   -1155.0863  0.7135 
   00951    0.4100   -1156.6903  0.7117 
   00952    0.3975   -1146.9059  0.7105 
   00953    0.4175   -1137.2557  0.6996 
   00954    0.3775   -1122.7735  0.6889 
   00955    0.4650   -1130.5923  0.6966 
   00956    0.4025   -1142.3452  0.7029 
   00957    0.4125   -1132.1191  0.7061 
   00958    0.3925   -1115.9892  0.7050 
   00959    0.4050   -1090.7413  0.7073 
   00960    0.3975   -1102.1136  0.7136 
   00961    0.4175   -1095.9903  0.7154 
   00962    0.4500   -1074.3282  0.7099 
   00963    0.4100   -1061.1406  0.6966 
   00964    0.4850   -1079.2489  0.7024 
   00965    0.4150   -1120.8624  0.7111 
   00966    0.3850   -1137.9681  0.7117 
   00967    0.3975   -1127.1784  0.7139 
   00968    0.3825   -1142.8834  0.7202 
   00969    0.4500   -1149.7942  0.7239 
   00970    0.4125   -1137.6652  0.7196 
   00971    0.4375   -1157.4469  0.7262 
   00972    0.3850   -1170.0159  0.7303 
   00973    0.4275   -1176.9012  0.7357 
   00974    0.3975   -1179.6034  0.7289 
   00975    0.4250   -1177.4669  0.7369 
   00976    0.4200   -1171.2244  0.7337 
   00977    0.4150   -1154.7057  0.7262 
   00978    0.4150   -1169.5199  0.7277 
   00979    0.3925   -1174.1001  0.7296 
   00980    0.4225   -1165.5631  0.7304 
   00981    0.4150   -1154.6303  0.7274 
   00982    0.4025   -1158.6986  0.7364 
   00983    0.4550   -1168.9849  0.7369 
   00984    0.4525   -1176.3263  0.7414 
   00985    0.4300   -1171.1296  0.7370 
   00986    0.4250   -1158.1031  0.7336 
   00987    0.4150   -1139.2173  0.7176 
   00988    0.4000   -1126.2614  0.7136 
   00989    0.4350   -1119.5817  0.7113 
   00990    0.4225   -1126.4406  0.7233 
   00991    0.4275   -1118.3655  0.7246 
   00992    0.4075   -1133.2921  0.7164 
   00993    0.4425   -1128.2092  0.7200 
   00994    0.4400   -1126.2023  0.7180 
   00995    0.3975   -1136.1249  0.7179 
   00996    0.4200   -1131.8203  0.7137 
   00997    0.4025   -1132.3626  0.7182 
   00998    0.4125   -1153.8993  0.7282 
   00999    0.3925   -1140.0985  0.7285 
   01000    0.4125   -1139.2417  0.7280 
