#=====================================================
# File created:        Wed-05-Nov-2025-at-05-07-34AM
# Size of lattice:     20x20
# Number of MC steps:  1000
# Reduced temperature: 0.600
# Run time (s):        0.151246
#=====================================================
# MC step:  Ratio:     Energy:   Order:
#=====================================================
   00000    0.5000    -434.6749  0.2761 
   00001    0.6400    -622.4231  0.2607 
   00002    0.6000    -775.7628  0.2752 
   00003    0.5450    -899.9310  0.2882 
   00004    0.5250    -921.3660  0.3076 
   00005    0.5650    -943.6508  0.3205 
   00006    0.4925    -969.7659  0.3386 
   00007    0.5050   -1007.1179  0.3319 
   00008    0.4925   -1057.6356  0.3486 
   00009    0.4650   -1071.4729  0.3561 
   00010    0.4825   -1066.3495  0.3858 
   00011    0.4800   -1100.8764  0.4073 
   00012    0.4950   -1106.7341  0.4005 
   00013    0.4875   -1104.2473  0.3945 
   00014    0.4475   -1099.7486  0.3777 
   00015    0.4400   -1107.3739  0.3688 
   00016    0.4500   -1125.5127  0.3752 
   00017    0.4875   -1132.4774  0.3444 
   00018    0.4425   -1155.1880  0.3430 
   00019    0.4075   -1145.8686  0.3508 
   00020    0.4400   -1139.0246  0.3692 
   00021    0.4325   -1145.7792  0.3612 
   00022    0.4700   -1150.6097  0.3661 
   00023    0.4725   -1127.0367  0.3791 
   00024    0.4625   -1134.7666  0.3850 
   00025    0.4575   -1147.1078  0.4083 
   00026    0.4350   -1178.0770  0.3802 
   00027    0.4025   -1177.5231  0.3915 
   00028    0.4375   -1150.7499  0.4052 
   00029    0.4375   -1161.8335  0.4161 
   00030    0.4650   -1130.1943  0.4068 
   00031    0.3775   -1168.9567  0.4151 
   00032    0.4650   -1158.1329  0.4285 
   00033    0.4575   -1176.5736  0.4562 
   00034    0.4550   -1158.6910  0.4523 
   00035    0.4200   -1181.6717  0.4484 
   00036    0.4000   -1169.4565  0.4699 
   00037    0.4200   -1186.8670  0.4711 
   00038    0.4400   -1186.2038  0.4534 
   00039    0.4800   -1192.6047  0.4589 
   00040    0.3875   -1198.6392  0.4766 
   00041    0.4325   -1196.5547  0.4965 
   00042    0.4100   -1203.3943  0.5087 
   00043    0.4450   -1196.0087  0.4955 
   00044    0.4350   -1190.5810  0.4858 
   00045    0.4225   -1182.7872  0.4919 
   00046    0.4300   -1188.4882  0.4832 
   00047    0.3925   -1191.8927  0.4962 
   00048    0.3925   -1211.9543  0.5074 
   00049    0.4525   -1220.7862  0.5068 
   00050    0.4650   -1207.6208  0.4870 
   00051    0.4525   -1192.8049  0.4832 
   00052    0.4425   -1206.7852  0.4787 
   00053    0.4350   -1210.8680  0.4906 
   00054    0.3850   -1222.4861  0.4916 
   00055    0.4550   -1209.8568  0.4963 
   00056    0.4400   -1221.5980  0.4902 
   00057    0.4350   -1232.7676  0.5054 
   00058    0.4525   -1240.1817  0.5078 
   00059    0.3900   -1239.4435  0.5176 
   00060    0.4475   -1251.8157  0.5256 
   00061    0.4225   -1250.0045  0.5227 
   00062    0.3925   -1246.5461  0.5348 
   00063    0.4075   -1238.8628  0.5292 
   00064    0.4350   -1229.7652  0.5220 
   00065    0.4750   -1209.2244  0.5344 
   00066    0.4050   -1216.6354  0.5346 
   00067    0.4325   -1211.2777  0.5119 
   00068    0.4400   -1225.3248  0.4969 
   00069    0.4675   -1215.1311  0.4893 
   00070    0.4025   -1224.6246  0.5017 
   00071    0.4325   -1212.4476  0.5070 
   00072    0.4225   -1194.5139  0.4914 
   00073    0.4325   -1187.0807  0.5230 
   00074    0.4325   -1214.2456  0.5460 
   00075    0.4150   -1207.5005  0.5427 
   00076    0.3725   -1237.2111  0.5417 
   00077    0.4325   -1238.9455  0.5569 
   00078    0.3900   -1224.2657  0.5632 
   00079    0.3975   -1234.1717  0.5643 
   00080    0.4575   -1228.4034  0.5587 
   00081    0.4300   -1227.1058  0.5504 
   00082    0.3925   -1221.1760  0.5261 
   00083    0.4450   -1204.8953  0.5419 
   00084    0.4450   -1200.6853  0.5532 
   00085    0.4475   -1224.5740  0.5529 
   00086    0.4375   -1183.9206  0.5155 
   00087    0.4300   -1193.7687  0.5131 
   00088    0.4250   -1219.7360  0.5099 
   00089    0.4425   -1249.9556  0.5243 
   00090    0.4050   -1236.4104  0.5341 
   00091    0.4050   -1230.5497  0.5344 
   00092    0.4075   -1211.2300  0.5543 
   00093    0.4400   -1216.1954  0.5559 
   00094    0.3825   -1220.1760  0.5421 
   00095    0.4025   -1230.1927  0.5392 
   00096    0.3850   -1227.6170  0.5488 
   00097    0.4200   -1237.3455  0.5327 
   00098    0.4400   -1233.3007  0.5393 
   00099    0.4650   -1246.3339  0.5460 
   00100    0.4600   -1238.8064  0.5558 
   00101    0.4325   -1234.5487  0.5588 
   00102    0.4400   -1247.7892  0.5780 
   00103    0.4450   -1252.0661  0.5890 
   00104    0.4175   -1245.7363  0.5884 
   00105    0.4050   -1257.9739  0.5907 
   00106    0.4300   -1265.7495  0.5976 
   00107    0.4600   -1287.8723  0.5835 
   00108    0.4450   -1286.0750  0.5758 
   00109    0.4200   -1293.1515  0.5867 
   00110    0.4025   -1264.9769  0.5906 
   00111    0.4150   -1277.9530  0.6075 
   00112    0.4325   -1262.2138  0.6270 
   00113    0.3825   -1256.0196  0.6131 
   00114    0.4250   -1241.3225  0.6070 
   00115    0.4075   -1245.9638  0.6200 
   00116    0.4700   -1247.0255  0.6272 
   00117    0.4325   -1217.4442  0.6173 
   00118    0.4325   -1245.0205  0.6091 
   00119    0.4225   -1240.0061  0.6301 
   00120    0.3550   -1236.8117  0.6274 
   00121    0.3775   -1245.3281  0.6304 
   00122    0.4050   -1252.7542  0.6401 
   00123    0.4000   -1260.8027  0.6382 
   00124    0.3725   -1282.3023  0.6543 
   00125    0.4150   -1291.2756  0.6580 
   00126    0.4400   -1280.5640  0.6694 
   00127    0.4375   -1279.8745  0.6841 
   00128    0.4075   -1288.3238  0.6922 
   00129    0.4250   -1297.5492  0.6996 
   00130    0.4050   -1285.7864  0.6932 
   00131    0.4125   -1294.5321  0.6892 
   00132    0.3825   -1299.0661  0.6976 
   00133    0.4150   -1293.1676  0.6882 
   00134    0.4325   -1282.9857  0.6932 
   00135    0.3925   -1269.9774  0.6991 
   00136    0.4900   -1270.4685  0.7038 
   00137    0.4550   -1292.3242  0.7215 
   00138    0.4450   -1295.0526  0.7187 
   00139    0.3900   -1291.4913  0.7071 
   00140    0.3800   -1297.8587  0.7055 
   00141    0.4200   -1296.6691  0.6991 
   00142    0.4175   -1288.8292  0.6852 
   00143    0.3875   -1274.2434  0.6833 
   00144    0.3900   -1281.8286  0.6899 
   00145    0.4175   -1318.1597  0.6973 
   00146    0.3825   -1310.3151  0.6897 
   00147    0.3925   -1283.8137  0.6780 
   00148    0.4150   -1283.5417  0.6945 
   00149    0.4300   -1290.9927  0.6741 
   00150    0.3950   -1294.9549  0.6854 
   00151    0.4000   -1314.8092  0.6814 
   00152    0.3975   -1299.0017  0.6674 
   00153    0.3800   -1302.9414  0.6836 
   00154    0.4200   -1296.8752  0.6639 
   00155    0.4250   -1298.6654  0.6614 
   00156    0.3775   -1319.7856  0.6528 
   00157    0.4300   -1311.4029  0.6554 
   00158    0.3925   -1316.0058  0.6654 
   00159    0.3775   -1307.9148  0.6475 
   00160    0.3475   -1310.8909  0.6525 
   00161    0.4150   -1307.0260  0.6528 
   00162    0.3975   -1301.3675  0.6751 
   00163    0.3600   -1300.3876  0.6809 
   00164    0.4175   -1281.7003  0.6623 
   00165    0.4075   -1295.7006  0.6719 
   00166    0.4200   -1273.5500  0.6587 
   00167    0.4250   -1291.8715  0.6505 
   00168    0.4125   -1267.7436  0.6606 
   00169    0.4000   -1279.2629  0.6633 
   00170    0.3800   -1275.9694  0.6590 
   00171    0.3725   -1289.5143  0.6638 
   00172    0.3800   -1270.0617  0.6552 
   00173    0.4175   -1276.1146  0.6532 
   00174    0.4150   -1265.0683  0.6422 
   00175    0.4500   -1273.6992  0.6523 
   00176    0.3975   -1269.2203  0.6495 
   00177    0.4000   -1300.0968  0.6651 
   00178    0.4100   -1305.4745  0.6667 
   00179    0.4125   -1303.2584  0.6675 
   00180    0.4400   -1308.3208  0.6719 
   00181    0.3850   -1308.2009  0.6678 
   00182    0.4300   -1309.2112  0.6662 
   00183    0.4475   -1320.7775  0.6793 
   00184    0.4300   -1305.7388  0.6744 
   00185    0.3850   -1296.2057  0.6679 
   00186    0.3600   -1318.7176  0.6757 
   00187    0.4100   -1306.6146  0.6708 
   00188    0.3575   -1303.7924  0.6728 
   00189    0.4300   -1305.1057  0.6757 
   00190    0.3750   -1307.4690  0.6672 
   00191    0.3875   -1286.1305  0.6576 
   00192    0.4300   -1256.0262  0.6525 
   00193    0.4350   -1248.0264  0.6636 
   00194    0.3975   -1245.2438  0.6593 
   00195    0.3850   -1237.7343  0.6395 
   00196    0.4600   -1275.4161  0.6559 
   00197    0.4100   -1249.8578  0.6410 
   00198    0.4175   -1253.4675  0.6413 
   00199    0.3800   -1279.6841  0.6613 
   00200    0.4025   -1274.1945  0.6501 
   00201    0.3925   -1275.6208  0.6555 
   00202    0.4400   -1263.2506  0.6526 
   00203    0.4500   -1256.2130  0.6555 
   00204    0.3950   -1263.0285  0.6714 
   00205    0.4075   -1286.4527  0.6842 
   00206    0.4300   -1281.1199  0.6824 
   00207    0.3750   -1293.0384  0.6860 
   00208    0.3900   -1290.5756  0.7006 
   00209    0.4100   -1301.3396  0.7078 
   00210    0.4150   -1315.0676  0.7093 
   00211    0.4075   -1282.3314  0.6955 
   00212    0.4675   -1281.5757  0.7025 
   00213    0.4350   -1281.3349  0.7088 
   00214    0.3875   -1261.1845  0.7186 
   00215    0.3900   -1270.6834  0.7382 
   00216    0.3675   -1264.7118  0.7432 
   00217    0.3850   -1285.3854  0.7601 
   00218    0.3750   -1306.1944  0.7701 
   00219    0.4025   -1311.5995  0.7762 
   00220    0.3625   -1300.9352  0.7855 
   00221    0.3875   -1306.2758  0.7916 
   00222    0.4100   -1312.3155  0.8071 
   00223    0.3975   -1311.7605  0.8024 
   00224    0.4000   -1307.0128  0.7988 
   00225    0.4050   -1286.9190  0.8051 
   00226    0.4175   -1247.4755  0.7895 
   00227    0.4250   -1262.5970  0.7821 
   00228    0.4125   -1270.5468  0.7773 
   00229    0.3925   -1259.8540  0.7625 
   00230    0.4325   -1268.7277  0.7569 
   00231    0.3950   -1275.7537  0.7528 
   00232    0.4025   -1277.7305  0.7537 
   00233    0.4100   -1261.7371  0.7501 
   00234    0.4100   -1283.9589  0.7725 
   00235    0.3775   -1274.1060  0.7659 
   00236    0.4100   -1289.7001  0.7789 
   00237    0.3650   -1297.7956  0.7965 
   00238    0.4050   -1296.5082  0.7924 
   00239    0.3850   -1301.6692  0.7918 
   00240    0.4050   -1304.5574  0.7871 
   00241    0.3825   -1293.6157  0.7988 
   00242    0.3900   -1297.4975  0.8039 
   00243    0.3800   -1320.5862  0.8157 
   00244    0.4275   -1314.1481  0.8106 
   00245    0.3725   -1334.0192  0.8137 
   00246    0.3675   -1337.8810  0.8190 
   00247    0.3575   -1350.3536  0.8189 
   00248    0.3900   -1331.8609  0.8161 
   00249    0.3925   -1335.2157  0.8258 
   00250    0.4225   -1341.7828  0.8209 
   00251    0.4350   -1346.3152  0.8192 
   00252    0.3825   -1334.8343  0.8205 
   00253    0.4000   -1331.5451  0.8170 
   00254    0.4000   -1353.5187  0.8277 
   00255    0.4075   -1338.2068  0.8263 
   00256    0.3575   -1335.3858  0.8200 
   00257    0.4175   -1334.9363  0.8117 
   00258    0.4300   -1324.3882  0.7971 
   00259    0.3875   -1334.0293  0.7925 
   00260    0.4025   -1304.0195  0.7830 
   00261    0.3900   -1298.0449  0.7936 
   00262    0.3775   -1290.1762  0.7935 
   00263    0.4525   -1321.3193  0.7988 
   00264    0.3925   -1325.9448  0.8002 
   00265    0.4350   -1304.4394  0.7841 
   00266    0.4050   -1308.8081  0.7749 
   00267    0.4425   -1313.5824  0.7928 
   00268    0.4100   -1281.2690  0.7806 
   00269    0.4075   -1306.0564  0.7909 
   00270    0.3925   -1311.2480  0.8002 
   00271    0.3775   -1287.3073  0.7843 
   00272    0.3900   -1286.5793  0.7819 
   00273    0.4250   -1291.8507  0.7827 
   00274    0.3675   -1310.5244  0.7841 
   00275    0.4200   -1314.9592  0.7762 
   00276    0.4025   -1291.8454  0.7712 
   00277    0.4250   -1319.2570  0.7916 
   00278    0.4075   -1317.6238  0.7932 
   00279    0.3975   -1320.6763  0.7904 
   00280    0.3725   -1314.4908  0.7899 
   00281    0.4050   -1328.3368  0.7858 
   00282    0.4200   -1303.0977  0.7818 
   00283    0.4000   -1285.8763  0.7805 
   00284    0.4425   -1288.2119  0.7788 
   00285    0.4550   -1313.1357  0.8045 
   00286    0.3625   -1306.5417  0.8083 
   00287    0.4075   -1309.2612  0.8010 
   00288    0.4300   -1303.2664  0.8038 
   00289    0.4225   -1309.6710  0.8126 
   00290    0.4075   -1301.3543  0.8151 
   00291    0.3825   -1285.3759  0.8162 
   00292    0.4200   -1290.8933  0.8106 
   00293    0.4525   -1269.8966  0.7941 
   00294    0.4300   -1311.5372  0.8142 
   00295    0.3650   -1314.0080  0.8124 
   00296    0.4000   -1313.1252  0.8052 
   00297    0.3800   -1304.1054  0.8059 
   00298    0.4000   -1294.8200  0.7995 
   00299    0.4250   -1305.7771  0.8001 
   00300    0.4200   -1332.1638  0.8121 
   00301    0.4275   -1326.0367  0.8244 
   00302    0.3625   -1325.5198  0.8162 
   00303    0.4150   -1319.8072  0.8114 
   00304    0.4450   -1307.4860  0.8050 
   00305    0.4050   -1290.0496  0.7975 
   00306    0.3875   -1283.7333  0.7991 
   00307    0.3975   -1279.3193  0.7962 
   00308    0.4225   -1299.0602  0.7991 
   00309    0.4175   -1307.3135  0.8027 
   00310    0.3975   -1304.5858  0.8108 
   00311    0.3950   -1335.6139  0.8266 
   00312    0.3925   -1315.7650  0.8220 
   00313    0.4275   -1307.8888  0.8172 
   00314    0.3825   -1306.2010  0.8195 
   00315    0.4300   -1307.4701  0.8245 
   00316    0.3625   -1320.7141  0.8287 
   00317    0.4000   -1319.3782  0.8195 
   00318    0.4350   -1328.9652  0.8210 
   00319    0.4000   -1317.0403  0.8092 
   00320    0.3800   -1315.0826  0.8005 
   00321    0.4075   -1308.9081  0.7901 
   00322    0.4000   -1307.4826  0.7903 
   00323    0.4050   -1307.3073  0.7853 
   00324    0.3900   -1283.2575  0.7764 
   00325    0.4000   -1295.1497  0.7834 
   00326    0.3775   -1295.5996  0.7920 
   00327    0.3575   -1309.1839  0.8097 
   00328    0.4175   -1303.0776  0.8121 
   00329    0.4125   -1317.7574  0.8242 
   00330    0.3875   -1318.4323  0.8206 
   00331    0.3875   -1313.1172  0.8093 
   00332    0.4300   -1303.3611  0.8152 
   00333    0.4000   -1290.3870  0.8179 
   00334    0.3725   -1308.5254  0.8288 
   00335    0.4200   -1305.5931  0.8173 
   00336    0.4175   -1316.5164  0.8151 
   00337    0.3650   -1316.9772  0.8159 
   00338    0.4125   -1311.2812  0.8188 
   00339    0.3600   -1304.7889  0.8177 
   00340    0.3825   -1320.7085  0.8374 
   00341    0.3600   -1335.0749  0.8442 
   00342    0.3800   -1351.8886  0.8465 
   00343    0.3750   -1349.2646  0.8359 
   00344    0.3975   -1351.6368  0.8319 
   00345    0.3875   -1345.7697  0.8301 
   00346    0.3575   -1347.3572  0.8300 
   00347    0.3850   -1341.4570  0.8352 
   00348    0.4125   -1327.5361  0.8296 
   00349    0.3200   -1337.5934  0.8413 
   00350    0.4150   -1350.7813  0.8435 
   00351    0.4150   -1349.8733  0.8451 
   00352    0.3875   -1357.2212  0.8467 
   00353    0.4075   -1351.6908  0.8410 
   00354    0.3975   -1364.8700  0.8476 
   00355    0.4275   -1346.5519  0.8356 
   00356    0.3975   -1326.7369  0.8245 
   00357    0.4275   -1323.3933  0.8220 
   00358    0.4000   -1329.5297  0.8154 
   00359    0.3975   -1323.9373  0.8073 
   00360    0.4100   -1331.9229  0.8126 
   00361    0.3875   -1339.9187  0.8169 
   00362    0.4575   -1338.9612  0.8240 
   00363    0.4000   -1355.7023  0.8255 
   00364    0.4100   -1355.6522  0.8242 
   00365    0.4050   -1362.2140  0.8223 
   00366    0.4050   -1359.4940  0.8196 
   00367    0.4075   -1340.6689  0.8222 
   00368    0.3950   -1334.8124  0.8149 
   00369    0.4225   -1307.3321  0.8105 
   00370    0.4150   -1291.8299  0.8081 
   00371    0.3925   -1286.2567  0.8012 
   00372    0.3925   -1301.6254  0.7907 
   00373    0.4075   -1310.6456  0.7910 
   00374    0.3750   -1306.0218  0.7857 
   00375    0.3800   -1267.0780  0.7705 
   00376    0.3950   -1270.6101  0.7727 
   00377    0.4125   -1263.7472  0.7533 
   00378    0.3800   -1269.1527  0.7516 
   00379    0.3975   -1286.2530  0.7605 
   00380    0.4300   -1293.9740  0.7646 
   00381    0.3850   -1286.9903  0.7659 
   00382    0.3975   -1304.9932  0.7816 
   00383    0.4425   -1306.4301  0.7710 
   00384    0.4350   -1315.1274  0.7758 
   00385    0.4025   -1325.8717  0.7791 
   00386    0.3750   -1321.6207  0.7826 
   00387    0.3950   -1324.6440  0.7864 
   00388    0.3900   -1305.2834  0.7816 
   00389    0.4525   -1315.0336  0.7914 
   00390    0.3950   -1324.4970  0.7966 
   00391    0.3725   -1335.1139  0.7997 
   00392    0.4375   -1307.9239  0.8024 
   00393    0.3950   -1287.0925  0.8007 
   00394    0.3875   -1283.1911  0.7990 
   00395    0.4100   -1310.6273  0.8015 
   00396    0.3875   -1303.9993  0.8062 
   00397    0.4150   -1294.4466  0.8077 
   00398    0.4050   -1298.2419  0.8043 
   00399    0.4050   -1300.3934  0.8126 
   00400    0.4275   -1295.9390  0.8020 
   00401    0.4400   -1303.8376  0.7998 
   00402    0.4350   -1317.4866  0.7975 
   00403    0.4000   -1323.9803  0.8077 
   00404    0.4000   -1326.7090  0.8103 
   00405    0.4000   -1339.7465  0.8087 
   00406    0.3800   -1330.6723  0.8055 
   00407    0.3625   -1320.5480  0.8098 
   00408    0.3775   -1322.2117  0.8152 
   00409    0.3675   -1327.7280  0.8066 
   00410    0.3900   -1315.2907  0.8019 
   00411    0.3825   -1332.7314  0.7984 
   00412    0.3425   -1317.5956  0.8175 
   00413    0.3875   -1330.3586  0.8284 
   00414    0.4025   -1332.5786  0.8352 
   00415    0.4100   -1315.6891  0.8340 
   00416    0.4100   -1335.5407  0.8395 
   00417    0.3800   -1333.7720  0.8337 
   00418    0.3400   -1302.7046  0.8262 
   00419    0.4025   -1283.2216  0.8156 
   00420    0.4050   -1289.5969  0.8208 
   00421    0.4125   -1297.3830  0.8152 
   00422    0.4150   -1267.8539  0.8072 
   00423    0.3950   -1305.0352  0.8211 
   00424    0.4050   -1301.6712  0.8211 
   00425    0.4225   -1296.7258  0.8169 
   00426    0.3850   -1293.0561  0.8171 
   00427    0.4000   -1291.4455  0.8198 
   00428    0.4150   -1287.2244  0.8118 
   00429    0.3875   -1276.2076  0.8008 
   00430    0.4000   -1284.6754  0.7978 
   00431    0.3975   -1288.4218  0.7950 
   00432    0.3625   -1303.2696  0.7970 
   00433    0.4000   -1294.6282  0.7936 
   00434    0.4000   -1306.3736  0.8013 
   00435    0.3900   -1286.9377  0.8039 
   00436    0.3950   -1304.7825  0.8025 
   00437    0.4075   -1305.8599  0.8053 
   00438    0.4450   -1307.9877  0.7898 
   00439    0.3900   -1283.0676  0.7847 
   00440    0.3925   -1302.0740  0.7931 
   00441    0.4000   -1309.4351  0.7903 
   00442    0.4175   -1330.1034  0.8050 
   00443    0.3850   -1354.3789  0.8158 
   00444    0.3800   -1338.9694  0.8202 
   00445    0.3750   -1335.0287  0.8250 
   00446    0.4250   -1334.0448  0.8161 
   00447    0.4075   -1341.6266  0.8152 
   00448    0.3900   -1316.4862  0.8222 
   00449    0.4250   -1320.4628  0.8263 
   00450    0.3825   -1355.1901  0.8364 
   00451    0.3850   -1348.7598  0.8337 
   00452    0.3925   -1328.3655  0.8147 
   00453    0.3950   -1305.2097  0.8064 
   00454    0.4375   -1301.1572  0.8052 
   00455    0.3550   -1311.4115  0.8072 
   00456    0.3925   -1320.9572  0.8142 
   00457    0.4000   -1301.0688  0.8107 
   00458    0.3700   -1312.4900  0.8092 
   00459    0.3950   -1313.1003  0.8135 
   00460    0.3875   -1286.1249  0.8148 
   00461    0.4100   -1306.9231  0.8161 
   00462    0.3575   -1293.2259  0.8142 
   00463    0.4050   -1286.5224  0.8163 
   00464    0.4175   -1313.2286  0.8186 
   00465    0.3950   -1292.0631  0.8007 
   00466    0.3700   -1302.6985  0.8090 
   00467    0.3800   -1297.5259  0.8021 
   00468    0.4375   -1334.9465  0.8154 
   00469    0.3925   -1338.8684  0.8199 
   00470    0.3875   -1318.8176  0.8177 
   00471    0.3575   -1323.3863  0.8179 
   00472    0.3700   -1313.3367  0.8177 
   00473    0.3625   -1301.5299  0.8067 
   00474    0.3800   -1307.3622  0.8055 
   00475    0.4425   -1305.0106  0.7966 
   00476    0.3750   -1309.3965  0.8073 
   00477    0.4075   -1328.1175  0.8191 
   00478    0.4175   -1311.8870  0.8244 
   00479    0.3825   -1317.1427  0.8200 
   00480    0.4075   -1305.7689  0.8151 
   00481    0.3550   -1305.2309  0.8119 
   00482    0.3850   -1312.5358  0.8092 
   00483    0.3650   -1287.4337  0.7917 
   00484    0.4150   -1282.8520  0.7957 
   00485    0.3975   -1294.7377  0.8039 
   00486    0.4125   -1294.6483  0.8050 
   00487    0.4000   -1311.8679  0.8048 
   00488    0.4100   -1305.5771  0.8060 
   00489    0.3925   -1320.4097  0.8134 
   00490    0.4000   -1306.6780  0.8102 
   00491    0.4350   -1314.1126  0.8235 
   00492    0.3650   -1314.6251  0.8113 
   00493    0.3800   -1306.2725  0.8137 
   00494    0.4075   -1308.7482  0.8195 
   00495    0.4050   -1313.0274  0.8165 
   00496    0.3925   -1305.6882  0.8044 
   00497    0.4350   -1301.7891  0.8091 
   00498    0.4025   -1293.7510  0.8056 
   00499    0.3900   -1298.8055  0.7938 
   00500    0.4050   -1311.8551  0.7975 
   00501    0.4325   -1317.0947  0.8046 
   00502    0.4275   -1322.9243  0.8161 
   00503    0.4300   -1301.7496  0.8044 
   00504    0.4200   -1303.4807  0.8022 
   00505    0.3875   -1293.4428  0.8121 
   00506    0.4275   -1308.0437  0.8108 
   00507    0.4100   -1289.4621  0.8115 
   00508    0.4075   -1285.7382  0.8053 
   00509    0.4225   -1284.5831  0.7927 
   00510    0.3525   -1284.7687  0.7799 
   00511    0.3700   -1316.0537  0.7990 
   00512    0.3925   -1309.6829  0.7985 
   00513    0.3900   -1312.9558  0.7971 
   00514    0.3800   -1310.8705  0.8108 
   00515    0.4100   -1319.2933  0.8221 
   00516    0.3800   -1302.2152  0.8102 
   00517    0.3850   -1308.0767  0.8020 
   00518    0.4050   -1324.4583  0.8129 
   00519    0.3800   -1321.9785  0.8140 
   00520    0.4000   -1323.7684  0.8095 
   00521    0.4125   -1325.4201  0.8095 
   00522    0.3800   -1321.6402  0.8096 
   00523    0.3575   -1331.2695  0.8137 
   00524    0.4050   -1333.5912  0.8167 
   00525    0.3925   -1339.6437  0.8247 
   00526    0.3950   -1339.7578  0.8281 
   00527    0.4100   -1307.2271  0.8163 
   00528    0.3925   -1290.5360  0.8047 
   00529    0.4000   -1307.6530  0.8062 
   00530    0.4025   -1292.7761  0.7965 
   00531    0.3575   -1303.9199  0.7983 
   00532    0.4425   -1324.6423  0.8149 
   00533    0.3925   -1307.3587  0.8078 
   00534    0.4375   -1306.8880  0.8018 
   00535    0.4225   -1300.6677  0.8070 
   00536    0.3825   -1289.7437  0.7907 
   00537    0.3925   -1299.3813  0.7845 
   00538    0.4150   -1309.0709  0.7938 
   00539    0.4275   -1317.4594  0.7989 
   00540    0.4100   -1316.4749  0.7943 
   00541    0.3700   -1314.1229  0.7981 
   00542    0.4025   -1296.2079  0.7946 
   00543    0.3700   -1318.3335  0.8030 
   00544    0.4400   -1323.1196  0.8026 
   00545    0.4075   -1285.2816  0.7930 
   00546    0.3900   -1274.4502  0.7772 
   00547    0.4000   -1287.0965  0.7933 
   00548    0.4150   -1293.3353  0.7983 
   00549    0.3875   -1301.1394  0.8114 
   00550    0.3700   -1287.7576  0.7993 
   00551    0.3650   -1289.2224  0.8016 
   00552    0.4150   -1298.6476  0.8072 
   00553    0.4175   -1308.2948  0.8226 
   00554    0.3850   -1321.0528  0.8293 
   00555    0.4025   -1322.8247  0.8251 
   00556    0.3700   -1299.3386  0.8201 
   00557    0.3750   -1302.5427  0.8232 
   00558    0.3950   -1295.3892  0.8237 
   00559    0.4450   -1319.7587  0.8308 
   00560    0.4200   -1339.6143  0.8431 
   00561    0.4350   -1312.0930  0.8352 
   00562    0.3775   -1324.6678  0.8399 
   00563    0.3850   -1330.1666  0.8345 
   00564    0.3750   -1337.0342  0.8424 
   00565    0.3850   -1341.0758  0.8407 
   00566    0.4450   -1340.9580  0.8356 
   00567    0.3900   -1324.5617  0.8328 
   00568    0.4050   -1312.9807  0.8287 
   00569    0.4025   -1341.4764  0.8235 
   00570    0.4225   -1340.6123  0.8183 
   00571    0.3800   -1335.9091  0.8208 
   00572    0.4025   -1354.0363  0.8252 
   00573    0.4050   -1351.1872  0.8382 
   00574    0.3925   -1339.1996  0.8360 
   00575    0.4075   -1328.4599  0.8391 
   00576    0.3625   -1320.1170  0.8338 
   00577    0.4250   -1323.7124  0.8319 
   00578    0.3475   -1320.6988  0.8319 
   00579    0.4000   -1316.8745  0.8349 
   00580    0.4425   -1316.7055  0.8396 
   00581    0.4275   -1318.3050  0.8401 
   00582    0.3775   -1335.4903  0.8460 
   00583    0.3800   -1333.4664  0.8441 
   00584    0.3500   -1327.0315  0.8458 
   00585    0.3700   -1317.6802  0.8362 
   00586    0.4300   -1308.3715  0.8340 
   00587    0.3975   -1294.2746  0.8313 
   00588    0.3975   -1286.3437  0.8259 
   00589    0.4150   -1300.7323  0.8307 
   00590    0.3950   -1309.0617  0.8343 
   00591    0.4000   -1314.9847  0.8341 
   00592    0.4000   -1318.6234  0.8375 
   00593    0.3975   -1316.3020  0.8271 
   00594    0.4025   -1300.9674  0.8146 
   00595    0.3875   -1316.5244  0.8144 
   00596    0.3850   -1340.3153  0.8298 
   00597    0.4075   -1327.4110  0.8165 
   00598    0.3875   -1325.9112  0.8138 
   00599    0.4000   -1316.1411  0.8024 
   00600    0.4375   -1285.0964  0.7798 
   00601    0.3850   -1301.9935  0.7793 
   00602    0.3925   -1299.2954  0.7896 
   00603    0.4100   -1299.2822  0.7809 
   00604    0.3600   -1311.5655  0.7929 
   00605    0.3700   -1320.3851  0.8037 
   00606    0.3925   -1316.8872  0.8091 
   00607    0.3825   -1319.1860  0.8128 
   00608    0.4000   -1336.6910  0.8143 
   00609    0.4300   -1330.3930  0.8029 
   00610    0.3700   -1328.1747  0.8003 
   00611    0.4200   -1336.5850  0.8173 
   00612    0.3850   -1318.5572  0.8164 
   00613    0.4025   -1312.3037  0.8272 
   00614    0.3375   -1327.5892  0.8279 
   00615    0.4500   -1307.1482  0.8212 
   00616    0.3975   -1280.3327  0.8078 
   00617    0.3575   -1268.2289  0.7912 
   00618    0.4250   -1271.2850  0.7924 
   00619    0.3925   -1295.1650  0.7942 
   00620    0.4375   -1290.0715  0.8003 
   00621    0.3875   -1294.5963  0.8004 
   00622    0.3950   -1310.0211  0.8075 
   00623    0.4175   -1286.1160  0.7983 
   00624    0.3850   -1305.5487  0.8051 
   00625    0.3525   -1292.3474  0.8009 
   00626    0.3650   -1271.4812  0.8010 
   00627    0.4075   -1276.3876  0.7906 
   00628    0.4400   -1270.8427  0.7911 
   00629    0.3800   -1286.3547  0.7952 
   00630    0.4325   -1294.4421  0.7923 
   00631    0.4200   -1301.4388  0.7975 
   00632    0.3700   -1316.3963  0.8009 
   00633    0.4150   -1279.8812  0.7861 
   00634    0.3975   -1273.2172  0.7878 
   00635    0.4100   -1297.4696  0.7939 
   00636    0.3525   -1325.3180  0.8105 
   00637    0.4325   -1325.5383  0.7983 
   00638    0.4325   -1324.7513  0.8006 
   00639    0.4000   -1333.4416  0.8007 
   00640    0.4000   -1304.8418  0.7906 
   00641    0.4175   -1310.3148  0.7833 
   00642    0.4575   -1302.9577  0.7943 
   00643    0.3750   -1311.2543  0.7971 
   00644    0.3500   -1315.0601  0.7958 
   00645    0.3525   -1312.1955  0.7914 
   00646    0.4375   -1317.1829  0.7871 
   00647    0.3725   -1316.1879  0.7854 
   00648    0.4050   -1312.0940  0.7775 
   00649    0.4175   -1319.6266  0.7774 
   00650    0.3850   -1303.4418  0.7628 
   00651    0.3725   -1278.4690  0.7625 
   00652    0.4075   -1278.9690  0.7611 
   00653    0.3925   -1263.6492  0.7602 
   00654    0.4500   -1252.4899  0.7569 
   00655    0.4500   -1276.2578  0.7633 
   00656    0.3975   -1286.2719  0.7758 
   00657    0.4025   -1277.8025  0.7608 
   00658    0.3900   -1297.7459  0.7723 
   00659    0.3725   -1295.7589  0.7672 
   00660    0.3950   -1310.1644  0.7669 
   00661    0.3825   -1329.3993  0.7745 
   00662    0.4100   -1325.4685  0.7779 
   00663    0.4175   -1335.5018  0.7715 
   00664    0.4100   -1327.6905  0.7600 
   00665    0.3925   -1344.9841  0.7548 
   00666    0.3750   -1345.2236  0.7586 
   00667    0.4225   -1321.8311  0.7659 
   00668    0.3925   -1331.8544  0.7720 
   00669    0.4125   -1341.1152  0.7774 
   00670    0.4050   -1341.3659  0.7586 
   00671    0.4000   -1340.0339  0.7588 
   00672    0.3750   -1323.6104  0.7687 
   00673    0.4275   -1326.0671  0.7740 
   00674    0.4450   -1323.8692  0.7641 
   00675    0.3925   -1334.3052  0.7565 
   00676    0.3675   -1348.6979  0.7712 
   00677    0.4000   -1330.9006  0.7747 
   00678    0.4025   -1338.7743  0.7682 
   00679    0.4350   -1341.0369  0.7863 
   00680    0.3725   -1325.3991  0.7785 
   00681    0.4450   -1308.4409  0.7718 
   00682    0.4075   -1309.0791  0.7701 
   00683    0.4200   -1301.0330  0.7669 
   00684    0.4125   -1304.1437  0.7549 
   00685    0.4200   -1297.3724  0.7501 
   00686    0.4150   -1314.9199  0.7615 
   00687    0.4350   -1294.8553  0.7366 
   00688    0.4125   -1289.8147  0.7330 
   00689    0.4125   -1298.6566  0.7433 
   00690    0.3950   -1308.8713  0.7480 
   00691    0.4050   -1310.9542  0.7573 
   00692    0.3825   -1293.3589  0.7503 
   00693    0.4050   -1294.1784  0.7443 
   00694    0.4000   -1306.9361  0.7466 
   00695    0.3975   -1312.7296  0.7527 
   00696    0.3850   -1298.5205  0.7657 
   00697    0.4325   -1306.0374  0.7591 
   00698    0.4100   -1312.8764  0.7605 
   00699    0.3850   -1309.0565  0.7460 
   00700    0.4300   -1299.8342  0.7343 
   00701    0.3925   -1305.4983  0.7595 
   00702    0.4250   -1324.2856  0.7769 
   00703    0.3850   -1340.4046  0.7681 
   00704    0.3725   -1346.2903  0.7710 
   00705    0.4050   -1333.1325  0.7701 
   00706    0.3600   -1344.2784  0.7864 
   00707    0.3925   -1332.5810  0.7869 
   00708    0.3750   -1307.5867  0.7841 
   00709    0.3600   -1314.5606  0.7992 
   00710    0.4200   -1315.5530  0.7956 
   00711    0.3675   -1304.1603  0.7893 
   00712    0.4250   -1306.2829  0.7838 
   00713    0.3725   -1328.4964  0.7845 
   00714    0.4300   -1334.9104  0.7865 
   00715    0.4475   -1340.7334  0.7945 
   00716    0.3700   -1336.2457  0.7920 
   00717    0.3850   -1324.1468  0.7892 
   00718    0.3900   -1340.1116  0.7856 
   00719    0.3800   -1335.8040  0.7893 
   00720    0.3700   -1343.5600  0.8041 
   00721    0.4150   -1355.2468  0.8144 
   00722    0.4000   -1342.7010  0.8033 
   00723    0.4125   -1322.0216  0.7907 
   00724    0.3700   -1333.7805  0.7914 
   00725    0.4475   -1344.1537  0.7854 
   00726    0.3600   -1356.2015  0.8048 
   00727    0.3500   -1339.0417  0.7951 
   00728    0.3750   -1307.2730  0.7813 
   00729    0.3850   -1299.4876  0.7875 
   00730    0.3725   -1308.1964  0.7839 
   00731    0.3550   -1324.2742  0.7972 
   00732    0.3425   -1307.8172  0.7890 
   00733    0.3975   -1315.2535  0.7849 
   00734    0.3750   -1296.0691  0.7837 
   00735    0.3850   -1308.8077  0.7939 
   00736    0.4225   -1314.8112  0.7882 
   00737    0.4025   -1328.6136  0.7732 
   00738    0.3800   -1329.0008  0.7682 
   00739    0.4050   -1325.9796  0.7722 
   00740    0.4025   -1330.3472  0.7697 
   00741    0.4025   -1349.9085  0.7911 
   00742    0.4100   -1336.5031  0.7925 
   00743    0.4125   -1324.0909  0.7818 
   00744    0.3750   -1320.0440  0.7847 
   00745    0.3800   -1317.7507  0.7729 
   00746    0.3925   -1320.9539  0.7741 
   00747    0.4275   -1333.3255  0.7893 
   00748    0.4100   -1319.9350  0.7889 
   00749    0.4150   -1300.7368  0.7761 
   00750    0.3950   -1296.9965  0.7713 
   00751    0.4475   -1300.3854  0.7779 
   00752    0.3325   -1315.8271  0.7901 
   00753    0.3900   -1326.5198  0.8021 
   00754    0.4125   -1329.3194  0.8015 
   00755    0.4125   -1323.0139  0.8031 
   00756    0.4250   -1310.6652  0.8022 
   00757    0.3750   -1301.4670  0.8049 
   00758    0.3950   -1301.2046  0.7925 
   00759    0.3725   -1305.3324  0.8027 
   00760    0.3900   -1325.4098  0.8021 
   00761    0.4175   -1316.1996  0.7995 
   00762    0.4050   -1338.5475  0.7856 
   00763    0.4250   -1302.4075  0.7713 
   00764    0.3900   -1304.1198  0.7775 
   00765    0.3925   -1310.4718  0.7788 
   00766    0.4250   -1307.7780  0.7927 
   00767    0.3800   -1309.7482  0.7912 
   00768    0.3800   -1300.6494  0.7996 
   00769    0.4075   -1328.5622  0.8112 
   00770    0.4450   -1324.5350  0.8005 
   00771    0.4250   -1340.3005  0.8053 
   00772    0.4225   -1337.3520  0.8109 
   00773    0.3900   -1306.5651  0.8118 
   00774    0.4300   -1321.5778  0.8259 
   00775    0.3875   -1348.6704  0.8359 
   00776    0.3675   -1355.8437  0.8300 
   00777    0.4175   -1338.7382  0.8251 
   00778    0.3900   -1343.9958  0.8253 
   00779    0.4125   -1364.5313  0.8422 
   00780    0.3400   -1375.6975  0.8486 
   00781    0.3950   -1369.3380  0.8347 
   00782    0.3900   -1344.3876  0.8258 
   00783    0.3725   -1363.0912  0.8342 
   00784    0.3975   -1362.8360  0.8350 
   00785    0.4325   -1354.9339  0.8366 
   00786    0.4025   -1349.2087  0.8337 
   00787    0.3900   -1326.9400  0.8249 
   00788    0.4225   -1319.7888  0.8169 
   00789    0.3950   -1339.3349  0.8175 
   00790    0.4000   -1324.2731  0.8075 
   00791    0.3750   -1299.1357  0.8050 
   00792    0.3675   -1308.0634  0.8054 
   00793    0.4325   -1290.8011  0.8055 
   00794    0.4275   -1312.8760  0.8097 
   00795    0.3950   -1333.5645  0.8145 
   00796    0.4000   -1319.6357  0.8052 
   00797    0.4100   -1319.5381  0.8123 
   00798    0.4175   -1321.2513  0.8170 
   00799    0.3925   -1321.2620  0.8133 
   00800    0.4100   -1315.2214  0.8088 
   00801    0.3800   -1340.2194  0.8099 
   00802    0.3625   -1336.9293  0.8007 
   00803    0.4125   -1336.3569  0.8029 
   00804    0.4150   -1334.2079  0.8085 
   00805    0.3850   -1322.1954  0.8136 
   00806    0.4025   -1339.9086  0.8147 
   00807    0.4075   -1340.2827  0.8104 
   00808    0.3875   -1355.4622  0.8290 
   00809    0.3650   -1351.9080  0.8283 
   00810    0.3650   -1339.6093  0.8134 
   00811    0.3950   -1330.0683  0.8084 
   00812    0.4125   -1289.3066  0.7945 
   00813    0.4125   -1290.6852  0.8025 
   00814    0.3775   -1302.3134  0.8148 
   00815    0.4100   -1321.0304  0.8224 
   00816    0.3775   -1326.6443  0.8172 
   00817    0.4400   -1329.3425  0.8293 
   00818    0.3850   -1337.7375  0.8235 
   00819    0.3950   -1327.2873  0.8163 
   00820    0.3475   -1326.3321  0.8113 
   00821    0.3825   -1320.8175  0.8072 
   00822    0.3825   -1308.2249  0.8067 
   00823    0.4425   -1323.3213  0.8094 
   00824    0.3725   -1326.9831  0.8123 
   00825    0.4100   -1321.8899  0.8108 
   00826    0.4400   -1335.2205  0.8290 
   00827    0.3925   -1332.1453  0.8293 
   00828    0.3825   -1334.0143  0.8301 
   00829    0.4325   -1338.9341  0.8318 
   00830    0.4150   -1336.3566  0.8403 
   00831    0.4300   -1343.2073  0.8372 
   00832    0.4000   -1335.8878  0.8322 
   00833    0.3950   -1342.3919  0.8261 
   00834    0.4050   -1339.4323  0.8286 
   00835    0.4175   -1349.6713  0.8317 
   00836    0.3900   -1357.3624  0.8351 
   00837    0.3400   -1343.9323  0.8374 
   00838    0.4075   -1320.9038  0.8384 
   00839    0.3700   -1321.9695  0.8392 
   00840    0.4325   -1336.8628  0.8393 
   00841    0.4000   -1323.4782  0.8355 
   00842    0.4150   -1337.4851  0.8436 
   00843    0.3800   -1316.7323  0.8406 
   00844    0.3900   -1310.5975  0.8346 
   00845    0.4025   -1319.0801  0.8423 
   00846    0.4000   -1299.4592  0.8309 
   00847    0.4250   -1327.9149  0.8395 
   00848    0.4450   -1323.2726  0.8385 
   00849    0.3825   -1292.7394  0.8312 
   00850    0.3900   -1314.6960  0.8310 
   00851    0.3850   -1319.4351  0.8385 
   00852    0.4300   -1309.5135  0.8350 
   00853    0.4325   -1306.7987  0.8424 
   00854    0.3800   -1311.4079  0.8319 
   00855    0.3825   -1329.7196  0.8370 
   00856    0.4275   -1315.5005  0.8442 
   00857    0.4000   -1319.3408  0.8328 
   00858    0.3500   -1329.4525  0.8419 
   00859    0.3825   -1322.7367  0.8374 
   00860    0.4375   -1290.5651  0.8201 
   00861    0.4450   -1301.8500  0.8264 
   00862    0.4125   -1287.6923  0.8045 
   00863    0.3975   -1305.1710  0.8096 
   00864    0.4150   -1303.2842  0.8271 
   00865    0.3700   -1282.2151  0.8080 
   00866    0.4175   -1305.7532  0.8140 
   00867    0.4150   -1313.2506  0.8059 
   00868    0.4225   -1291.6071  0.8056 
   00869    0.4150   -1299.1229  0.8026 
   00870    0.3900   -1302.7623  0.8106 
   00871    0.4175   -1304.3601  0.8095 
   00872    0.4000   -1304.1181  0.8046 
   00873    0.4425   -1300.9753  0.8104 
   00874    0.3525   -1293.7832  0.8077 
   00875    0.4125   -1293.6208  0.7966 
   00876    0.4350   -1319.3752  0.8125 
   00877    0.4025   -1325.7862  0.8249 
   00878    0.3950   -1304.8451  0.8196 
   00879    0.4050   -1296.6302  0.8033 
   00880    0.3875   -1280.4412  0.7879 
   00881    0.3900   -1312.5668  0.8050 
   00882    0.4125   -1304.2186  0.7987 
   00883    0.4325   -1293.3707  0.7969 
   00884    0.3825   -1318.1598  0.8053 
   00885    0.4250   -1322.7601  0.8142 
   00886    0.4000   -1331.8528  0.8161 
   00887    0.4125   -1324.3793  0.8200 
   00888    0.4075   -1319.7738  0.8165 
   00889    0.4050   -1312.2546  0.8100 
   00890    0.4025   -1279.5101  0.8000 
   00891    0.4175   -1277.1179  0.8025 
   00892    0.3925   -1311.6703  0.8201 
   00893    0.4275   -1318.4355  0.8191 
   00894    0.3650   -1311.5073  0.8103 
   00895    0.3800   -1321.2955  0.8082 
   00896    0.3950   -1334.3032  0.8035 
   00897    0.3875   -1343.6288  0.8081 
   00898    0.4000   -1330.4826  0.8083 
   00899    0.3675   -1311.5249  0.7991 
   00900    0.4300   -1291.2027  0.8014 
   00901    0.3825   -1316.3798  0.8238 
   00902    0.4025   -1306.2556  0.8248 
   00903    0.3900   -1307.2513  0.8291 
   00904    0.4325   -1331.0703  0.8327 
   00905    0.3750   -1330.4905  0.8307 
   00906    0.4075   -1321.4963  0.8139 
   00907    0.3550   -1307.1752  0.7997 
   00908    0.4200   -1311.6670  0.7987 
   00909    0.4325   -1314.7653  0.8097 
   00910    0.4200   -1310.7179  0.8015 
   00911    0.4250   -1287.4000  0.7977 
   00912    0.3975   -1306.8942  0.8037 
   00913    0.3975   -1317.1312  0.8121 
   00914    0.3650   -1318.1984  0.7971 
   00915    0.4125   -1324.7390  0.7988 
   00916    0.4150   -1328.3624  0.7977 
   00917    0.3850   -1320.1690  0.7994 
   00918    0.3875   -1305.1218  0.8140 
   00919    0.4200   -1329.1647  0.8177 
   00920    0.4100   -1310.2307  0.8175 
   00921    0.4175   -1310.2309  0.8143 
   00922    0.3850   -1311.8155  0.8010 
   00923    0.3900   -1315.1605  0.8041 
   00924    0.4400   -1302.1426  0.8020 
   00925    0.3850   -1306.4828  0.7918 
   00926    0.4225   -1314.8194  0.8014 
   00927    0.4150   -1323.8786  0.8076 
   00928    0.3775   -1322.4810  0.8036 
   00929    0.3775   -1341.0753  0.8187 
   00930    0.3725   -1361.4564  0.8270 
   00931    0.3775   -1359.8277  0.8210 
   00932    0.3950   -1367.0239  0.8255 
   00933    0.3975   -1364.3786  0.8220 
   00934    0.4150   -1336.9859  0.8189 
   00935    0.4325   -1339.8148  0.8270 
   00936    0.3925   -1332.1474  0.8349 
   00937    0.3875   -1339.3329  0.8429 
   00938    0.3775   -1333.1811  0.8384 
   00939    0.3750   -1315.9043  0.8294 
   00940    0.4275   -1326.2383  0.8296 
   00941    0.4075   -1311.2548  0.8171 
   00942    0.4350   -1310.8505  0.8152 
   00943    0.3875   -1322.0165  0.8207 
   00944    0.3450   -1331.7148  0.8211 
   00945    0.3625   -1358.6653  0.8283 
   00946    0.3950   -1327.5814  0.8148 
   00947    0.4025   -1321.7017  0.8162 
   00948    0.4100   -1305.0047  0.8103 
   00949    0.4300   -1314.5037  0.8043 
   00950    0.4025   -1320.2879  0.7986 
   00951    0.3975   -1319.2063  0.8000 
   00952    0.4350   -1334.3491  0.8018 
   00953    0.4200   -1319.2494  0.8024 
   00954    0.3850   -1323.9551  0.7944 
   00955    0.4175   -1324.6818  0.7940 
   00956    0.3975   -1319.4160  0.7950 
   00957    0.4200   -1323.7191  0.7860 
   00958    0.4300   -1321.4315  0.7842 
   00959    0.3775   -1327.3611  0.7792 
   00960    0.3775   -1331.4142  0.7809 
   00961    0.4125   -1356.3429  0.7952 
   00962    0.3900   -1350.8144  0.7924 
   00963    0.3700   -1347.4274  0.7896 
   00964    0.4275   -1300.4124  0.7814 
   00965    0.3800   -1302.1420  0.7673 
   00966    0.3850   -1292.2455  0.7708 
   00967    0.4125   -1300.1561  0.7807 
   00968    0.3750   -1310.7970  0.7744 
   00969    0.4475   -1333.6358  0.7797 
   00970    0.4175   -1347.0555  0.7899 
   00971    0.3575   -1330.5446  0.7788 
   00972    0.3925   -1322.4498  0.7680 
   00973    0.3875   -1309.0632  0.7601 
   00974    0.3675   -1298.0894  0.7686 
   00975    0.4025   -1299.2141  0.7637 
   00976    0.3950   -1284.0787  0.7503 
   00977    0.3975   -1312.6142  0.7768 
   00978    0.3950   -1319.1483  0.7819 
   00979    0.4200   -1317.4100  0.7830 
   00980    0.3725   -1324.3730  0.7937 
   00981    0.4050   -1323.8168  0.7967 
   00982    0.4575   -1335.0089  0.8138 
   00983    0.3975   -1332.4520  0.7963 
   00984    0.3725   -1318.2071  0.7999 
   00985    0.3575   -1311.5810  0.7987 
   00986    0.3525   -1302.9548  0.8058 
   00987    0.4350   -1303.1060  0.7977 
   00988    0.4300   -1323.1453  0.8081 
   00989    0.3825   -1324.7999  0.8139 
   00990    0.4125   -1324.6348  0.8036 
   00991    0.3825   -1296.5200  0.8027 
   00992    0.4275   -1315.5868  0.8217 
   00993    0.4050   -1330.6152  0.8355 
   00994    0.3700   -1315.0381  0.8318 
   00995    0.4100   -1315.8954  0.8365 
   00996    0.4075   -1304.6132  0.8337 
   00997    0.3825   -1304.4104  0.8388 
   00998    0.4225   -1302.4608  0.8310 
   00999    0.4000   -1295.0518  0.8278 
   01000    0.4175   -1291.9740  0.8280 
