#=====================================================
# File created:        Tue-04-Nov-2025-at-02-15-27AM
# Size of lattice:     20x20
# Number of MC steps:  1000
# Reduced temperature: 1.000
# Run time (s):        2.965024
#=====================================================
# MC step:  Ratio:     Energy:   Order:
#=====================================================
   00000    0.5000    -410.8720  0.3934 
   00001    0.6950    -526.9719  0.3170 
   00002    0.6925    -583.8540  0.3243 
   00003    0.7000    -614.4682  0.3283 
   00004    0.6900    -617.7266  0.3423 
   00005    0.6450    -671.3108  0.3496 
   00006    0.5825    -715.3885  0.3483 
   00007    0.6050    -733.6737  0.3630 
   00008    0.5775    -745.0744  0.3468 
   00009    0.5650    -772.3460  0.3590 
   00010    0.6075    -773.0832  0.3410 
   00011    0.5850    -778.3306  0.3500 
   00012    0.5500    -781.7420  0.3482 
   00013    0.5450    -770.9315  0.3321 
   00014    0.5900    -754.8229  0.3440 
   00015    0.5775    -777.6019  0.3558 
   00016    0.5525    -777.4616  0.3451 
   00017    0.4950    -786.5822  0.3509 
   00018    0.5575    -786.8939  0.3630 
   00019    0.5075    -824.2189  0.3749 
   00020    0.5250    -848.7582  0.3726 
   00021    0.5175    -873.3311  0.3729 
   00022    0.4650    -869.6386  0.3596 
   00023    0.4950    -870.8015  0.3609 
   00024    0.5050    -904.7577  0.3751 
   00025    0.5300    -899.4382  0.3702 
   00026    0.5025    -887.8656  0.3892 
   00027    0.4900    -919.0955  0.3936 
   00028    0.5700    -926.0613  0.4033 
   00029    0.5275    -921.5522  0.3928 
   00030    0.4575    -933.0234  0.3958 
   00031    0.5275    -932.1102  0.3932 
   00032    0.5075    -906.7210  0.3805 
   00033    0.5200    -915.0536  0.3625 
   00034    0.5100    -928.4936  0.3345 
   00035    0.5150    -908.1869  0.3209 
   00036    0.5025    -918.5922  0.3345 
   00037    0.5400    -914.4831  0.3474 
   00038    0.4775    -927.0889  0.3259 
   00039    0.5025    -924.0179  0.3390 
   00040    0.5375    -921.6155  0.3423 
   00041    0.4900    -935.7967  0.3437 
   00042    0.5525    -941.2997  0.3349 
   00043    0.5400    -930.5665  0.3187 
   00044    0.5025    -941.9520  0.3206 
   00045    0.5075    -934.0273  0.3264 
   00046    0.5100    -939.5359  0.3292 
   00047    0.5175    -944.0501  0.3079 
   00048    0.5750    -911.3006  0.3020 
   00049    0.5075    -894.7287  0.3104 
   00050    0.5075    -919.6762  0.3279 
   00051    0.4500    -941.7887  0.3289 
   00052    0.4650    -931.3759  0.3559 
   00053    0.5025    -945.1156  0.3486 
   00054    0.5075    -956.3671  0.3561 
   00055    0.4600    -944.0544  0.3770 
   00056    0.4900    -950.0694  0.3691 
   00057    0.5125    -924.0952  0.3624 
   00058    0.5075    -933.9769  0.3742 
   00059    0.4525    -935.4080  0.3692 
   00060    0.5125    -964.0533  0.3737 
   00061    0.5300    -953.9323  0.3771 
   00062    0.5250    -932.5343  0.3692 
   00063    0.5100    -911.3505  0.3644 
   00064    0.5075    -903.3407  0.3584 
   00065    0.4875    -904.1741  0.3727 
   00066    0.4675    -918.5168  0.3826 
   00067    0.5275    -936.1933  0.3959 
   00068    0.5250    -947.0452  0.3899 
   00069    0.5175    -926.5519  0.3852 
   00070    0.5125    -903.1092  0.3813 
   00071    0.5100    -925.1923  0.3715 
   00072    0.5100    -929.4858  0.3778 
   00073    0.4975    -923.5638  0.3756 
   00074    0.5400    -908.9104  0.3636 
   00075    0.5425    -899.7249  0.3634 
   00076    0.5150    -894.3109  0.3617 
   00077    0.5125    -884.4942  0.3625 
   00078    0.5050    -866.8614  0.3374 
   00079    0.5050    -873.3329  0.3472 
   00080    0.5450    -872.5894  0.3400 
   00081    0.4825    -907.9664  0.3513 
   00082    0.4875    -894.0620  0.3558 
   00083    0.5225    -900.2077  0.3542 
   00084    0.5100    -916.8041  0.3643 
   00085    0.5275    -904.1621  0.3756 
   00086    0.5300    -884.4090  0.3580 
   00087    0.4650    -876.5434  0.3653 
   00088    0.5050    -875.0046  0.3766 
   00089    0.4850    -867.0181  0.3679 
   00090    0.5375    -876.8296  0.3857 
   00091    0.5000    -872.3825  0.3737 
   00092    0.5425    -867.4366  0.3789 
   00093    0.5275    -886.3077  0.3912 
   00094    0.5075    -867.7543  0.3891 
   00095    0.5350    -859.7950  0.3854 
   00096    0.4975    -839.5922  0.3834 
   00097    0.5100    -847.9331  0.3835 
   00098    0.5025    -850.0086  0.3685 
   00099    0.5125    -876.4421  0.3867 
   00100    0.4825    -885.2739  0.3962 
   00101    0.4925    -882.3418  0.3971 
   00102    0.5500    -857.8292  0.3836 
   00103    0.4975    -866.2103  0.3819 
   00104    0.4875    -872.6748  0.3734 
   00105    0.5075    -873.7086  0.3844 
   00106    0.5125    -883.1528  0.3830 
   00107    0.5250    -884.3278  0.3838 
   00108    0.5000    -891.5167  0.3843 
   00109    0.5375    -860.7624  0.3914 
   00110    0.5275    -871.7469  0.3935 
   00111    0.5175    -863.3048  0.4083 
   00112    0.5100    -853.3263  0.4076 
   00113    0.5375    -868.6478  0.4054 
   00114    0.5150    -871.8176  0.4335 
   00115    0.5275    -888.1740  0.4346 
   00116    0.4925    -896.9335  0.4174 
   00117    0.4650    -908.4269  0.4141 
   00118    0.5200    -942.1014  0.4299 
   00119    0.4950    -933.1870  0.4219 
   00120    0.4750    -902.5551  0.4223 
   00121    0.5300    -903.8970  0.4250 
   00122    0.5050    -910.3642  0.4274 
   00123    0.5075    -926.2513  0.4290 
   00124    0.5025    -943.1763  0.4367 
   00125    0.5100    -955.4767  0.4367 
   00126    0.5050    -959.1597  0.4478 
   00127    0.5275    -958.7226  0.4498 
   00128    0.4575    -972.3408  0.4629 
   00129    0.4825    -958.5849  0.4431 
   00130    0.4800    -981.6008  0.4565 
   00131    0.5150    -973.5673  0.4416 
   00132    0.4900    -960.3215  0.4577 
   00133    0.5000    -949.9215  0.4477 
   00134    0.4725    -966.9605  0.4441 
   00135    0.5025    -950.8262  0.4422 
   00136    0.5025    -966.9874  0.4327 
   00137    0.4550    -952.5580  0.4440 
   00138    0.5100    -964.3120  0.4527 
   00139    0.4875    -970.9507  0.4655 
   00140    0.5025    -963.3981  0.4641 
   00141    0.5100    -969.4269  0.4867 
   00142    0.4700    -974.1446  0.4746 
   00143    0.5000    -959.4586  0.4756 
   00144    0.4625    -978.1730  0.4865 
   00145    0.4600    -980.8603  0.4847 
   00146    0.4875    -958.0983  0.4747 
   00147    0.5700    -956.9354  0.4706 
   00148    0.5075    -954.0152  0.4686 
   00149    0.5025    -943.8707  0.4606 
   00150    0.4825    -952.7435  0.4667 
   00151    0.5050    -948.0038  0.4633 
   00152    0.4875    -931.7202  0.4681 
   00153    0.5225    -940.7284  0.4792 
   00154    0.5525    -977.6767  0.4756 
   00155    0.5000    -967.0831  0.4589 
   00156    0.4650    -960.7874  0.4415 
   00157    0.5275    -963.8895  0.4466 
   00158    0.4900    -957.6661  0.4469 
   00159    0.4950    -937.5335  0.4496 
   00160    0.4875    -951.6889  0.4517 
   00161    0.4650    -963.0444  0.4609 
   00162    0.4875    -935.0282  0.4434 
   00163    0.5050    -961.7446  0.4759 
   00164    0.4625    -947.6598  0.4727 
   00165    0.5075    -960.8896  0.4536 
   00166    0.4825    -938.2440  0.4462 
   00167    0.5300    -929.3108  0.4517 
   00168    0.4950    -919.9974  0.4568 
   00169    0.4600    -945.5298  0.4625 
   00170    0.5125    -950.4335  0.4585 
   00171    0.4950    -960.6681  0.4612 
   00172    0.4950    -989.3326  0.4726 
   00173    0.4800    -977.0764  0.4933 
   00174    0.4700    -960.9805  0.5018 
   00175    0.4700    -979.3418  0.5101 
   00176    0.4675   -1000.5544  0.5175 
   00177    0.5175    -979.4909  0.4924 
   00178    0.4775    -990.9561  0.5024 
   00179    0.5100    -984.4761  0.4930 
   00180    0.5025   -1002.8227  0.5089 
   00181    0.4550    -989.2630  0.4881 
   00182    0.4400    -990.7510  0.4807 
   00183    0.4600    -995.4812  0.4771 
   00184    0.4500    -995.3177  0.4747 
   00185    0.5025   -1001.4618  0.4780 
   00186    0.5150    -989.7353  0.4754 
   00187    0.4850    -988.5928  0.4724 
   00188    0.5350    -992.9793  0.4815 
   00189    0.4850    -974.1005  0.4878 
   00190    0.4975    -981.3568  0.4754 
   00191    0.4975    -956.9260  0.4619 
   00192    0.4975    -953.5476  0.4715 
   00193    0.5025    -968.9952  0.4658 
   00194    0.4950    -956.0801  0.4477 
   00195    0.4975    -955.4894  0.4425 
   00196    0.4925    -973.1903  0.4311 
   00197    0.4825    -961.1240  0.4134 
   00198    0.5125    -961.0039  0.3851 
   00199    0.4875    -934.7905  0.3841 
   00200    0.5075    -924.0290  0.3863 
   00201    0.5250    -886.8965  0.4016 
   00202    0.5425    -920.5030  0.4333 
   00203    0.5325    -935.6458  0.4262 
   00204    0.5450    -938.6654  0.4021 
   00205    0.5175    -935.3324  0.3691 
   00206    0.5650    -907.0821  0.3646 
   00207    0.5300    -905.1331  0.3858 
   00208    0.5375    -926.6645  0.4037 
   00209    0.4775    -937.5775  0.4078 
   00210    0.5200    -937.3055  0.3873 
   00211    0.5250    -932.3758  0.3787 
   00212    0.4850    -929.9395  0.3771 
   00213    0.5175    -953.0359  0.3994 
   00214    0.4800    -968.4653  0.3942 
   00215    0.5250    -956.3270  0.3757 
   00216    0.4875    -936.3214  0.3726 
   00217    0.5075    -928.2176  0.3796 
   00218    0.5200    -957.9670  0.3769 
   00219    0.5100    -969.0330  0.3781 
   00220    0.4850    -989.6027  0.3745 
   00221    0.4800    -989.3750  0.3749 
   00222    0.5125    -980.6474  0.4008 
   00223    0.4825    -971.9678  0.3943 
   00224    0.5275    -984.4095  0.4006 
   00225    0.4625    -974.8082  0.3915 
   00226    0.4650    -945.3159  0.3887 
   00227    0.4650    -935.2483  0.3807 
   00228    0.4700    -918.5668  0.3597 
   00229    0.5500    -915.8771  0.3563 
   00230    0.5150    -921.5835  0.3627 
   00231    0.4625    -922.8575  0.3396 
   00232    0.4950    -915.2281  0.3536 
   00233    0.5025    -909.4378  0.3511 
   00234    0.5100    -917.5368  0.3306 
   00235    0.5300    -882.9093  0.3271 
   00236    0.5475    -889.7653  0.3194 
   00237    0.5475    -878.4557  0.3195 
   00238    0.5450    -894.1626  0.3411 
   00239    0.5075    -909.1402  0.3341 
   00240    0.5325    -914.6740  0.3361 
   00241    0.5275    -925.3278  0.3397 
   00242    0.4950    -927.8886  0.3488 
   00243    0.5450    -914.6690  0.3465 
   00244    0.5225    -940.1740  0.3556 
   00245    0.5025    -957.7549  0.3600 
   00246    0.5100    -929.7935  0.3427 
   00247    0.4850    -927.0740  0.3368 
   00248    0.4775    -924.6963  0.3211 
   00249    0.5200    -901.4947  0.3073 
   00250    0.4900    -902.5614  0.3011 
   00251    0.5100    -917.1102  0.3065 
   00252    0.5150    -937.6927  0.2921 
   00253    0.5200    -942.6594  0.2825 
   00254    0.5175    -931.3915  0.2947 
   00255    0.5425    -942.2661  0.3090 
   00256    0.5075    -917.6347  0.2851 
   00257    0.4650    -920.2710  0.2926 
   00258    0.5275    -942.0606  0.2915 
   00259    0.4750    -934.8377  0.2938 
   00260    0.4925    -924.2707  0.2908 
   00261    0.4950    -938.8894  0.3006 
   00262    0.5000    -930.6509  0.2917 
   00263    0.5025    -936.2826  0.2876 
   00264    0.4950    -931.1011  0.3107 
   00265    0.4825    -925.6845  0.3105 
   00266    0.4675    -929.7545  0.3076 
   00267    0.4900    -919.3755  0.3085 
   00268    0.5125    -930.0967  0.3090 
   00269    0.4800    -918.2511  0.2945 
   00270    0.4650    -942.2035  0.2949 
   00271    0.5025    -943.1002  0.3266 
   00272    0.5275    -943.5751  0.3155 
   00273    0.5000    -948.8594  0.3265 
   00274    0.5075    -941.9701  0.3188 
   00275    0.4825    -938.2549  0.3181 
   00276    0.5075    -924.1366  0.3400 
   00277    0.5000    -962.5994  0.3401 
   00278    0.5075    -969.9657  0.3414 
   00279    0.4775    -945.9339  0.3624 
   00280    0.5000    -944.1240  0.3642 
   00281    0.5175    -942.5519  0.3311 
   00282    0.4825    -943.0794  0.3431 
   00283    0.4850    -930.0073  0.3490 
   00284    0.5100    -911.2007  0.3590 
   00285    0.5100    -889.9734  0.3813 
   00286    0.4775    -886.9049  0.3508 
   00287    0.5300    -879.3153  0.3536 
   00288    0.5575    -877.8856  0.3549 
   00289    0.4850    -895.9999  0.3622 
   00290    0.4975    -894.9841  0.3771 
   00291    0.4925    -912.9140  0.3903 
   00292    0.4975    -913.2999  0.3860 
   00293    0.5650    -904.4429  0.3931 
   00294    0.5000    -909.7848  0.4081 
   00295    0.4825    -901.4360  0.4098 
   00296    0.5025    -907.2303  0.4025 
   00297    0.5175    -916.4340  0.3882 
   00298    0.4800    -911.8626  0.3866 
   00299    0.4550    -924.4971  0.3746 
   00300    0.5650    -918.3920  0.3839 
   00301    0.4725    -938.2417  0.3706 
   00302    0.4975    -971.6921  0.3558 
   00303    0.5050    -979.7275  0.3539 
   00304    0.4575    -974.0006  0.3528 
   00305    0.5150    -947.2545  0.3553 
   00306    0.5150    -946.9966  0.3415 
   00307    0.4900    -932.3041  0.3533 
   00308    0.4675    -955.8007  0.3494 
   00309    0.4950    -937.2803  0.3407 
   00310    0.5000    -934.8261  0.3526 
   00311    0.5075    -921.4681  0.3592 
   00312    0.4925    -919.3752  0.3474 
   00313    0.5175    -969.2229  0.3662 
   00314    0.5425    -934.2671  0.3768 
   00315    0.5300    -917.7930  0.3967 
   00316    0.4475    -907.3666  0.3645 
   00317    0.4775    -917.4441  0.3624 
   00318    0.4775    -916.3928  0.3526 
   00319    0.5250    -894.6526  0.3382 
   00320    0.5000    -905.1581  0.3546 
   00321    0.5050    -930.5949  0.3479 
   00322    0.4800    -933.0469  0.3615 
   00323    0.4525    -915.5527  0.3755 
   00324    0.4625    -952.1459  0.3710 
   00325    0.4925    -947.9418  0.3738 
   00326    0.5100    -939.1304  0.3691 
   00327    0.4975    -940.7630  0.3818 
   00328    0.4975    -951.0404  0.3884 
   00329    0.5100    -957.4427  0.3902 
   00330    0.5250    -952.8147  0.3625 
   00331    0.5650    -943.0744  0.3603 
   00332    0.4550    -943.3579  0.3577 
   00333    0.5075    -939.2292  0.3584 
   00334    0.4675    -929.8884  0.3573 
   00335    0.5400    -936.5731  0.3639 
   00336    0.4825    -930.2158  0.3640 
   00337    0.4825    -931.7712  0.3677 
   00338    0.4800    -923.7616  0.3755 
   00339    0.5300    -911.5779  0.3912 
   00340    0.4650    -919.6299  0.3937 
   00341    0.5125    -919.4891  0.3950 
   00342    0.4950    -911.4133  0.3863 
   00343    0.5175    -898.9605  0.3856 
   00344    0.5450    -922.1631  0.3930 
   00345    0.4850    -939.8232  0.3882 
   00346    0.5325    -932.4910  0.3949 
   00347    0.5575    -945.0046  0.4018 
   00348    0.5100    -940.7379  0.4056 
   00349    0.5150    -947.1041  0.4116 
   00350    0.5175    -968.8955  0.4066 
   00351    0.4700    -956.7980  0.3962 
   00352    0.5100    -961.6258  0.3981 
   00353    0.4925    -953.5755  0.4023 
   00354    0.5050    -977.0803  0.4082 
   00355    0.4650    -974.8567  0.4322 
   00356    0.4975   -1010.9650  0.4429 
   00357    0.4625   -1026.5716  0.4499 
   00358    0.4975   -1004.7487  0.4530 
   00359    0.4750   -1007.8897  0.4426 
   00360    0.4800   -1011.5497  0.4477 
   00361    0.4275   -1003.5136  0.4535 
   00362    0.4700    -999.5523  0.4651 
   00363    0.4450   -1019.6135  0.4649 
   00364    0.4925   -1037.9236  0.4579 
   00365    0.5100   -1009.5532  0.4573 
   00366    0.4925   -1006.4176  0.4511 
   00367    0.4825   -1017.4866  0.4570 
   00368    0.4700   -1008.4194  0.4612 
   00369    0.4700   -1037.9634  0.4617 
   00370    0.5250   -1073.0269  0.4651 
   00371    0.4625   -1070.5200  0.4570 
   00372    0.4475   -1065.0318  0.4611 
   00373    0.4775   -1049.9788  0.4651 
   00374    0.4500   -1046.0434  0.4467 
   00375    0.4700   -1042.3385  0.4391 
   00376    0.5050   -1046.5822  0.4548 
   00377    0.4825   -1055.4871  0.4521 
   00378    0.4350   -1038.1026  0.4356 
   00379    0.4775   -1008.6494  0.4415 
   00380    0.4925   -1021.2930  0.4398 
   00381    0.5000   -1040.0298  0.4547 
   00382    0.4950   -1044.3269  0.4614 
   00383    0.5100   -1055.6016  0.4775 
   00384    0.4800   -1045.2200  0.4783 
   00385    0.4850   -1041.0820  0.4664 
   00386    0.4800   -1044.5627  0.4559 
   00387    0.4725   -1027.8761  0.4607 
   00388    0.4875   -1025.5374  0.4396 
   00389    0.4800   -1046.8936  0.4468 
   00390    0.5075   -1048.7845  0.4494 
   00391    0.4900   -1029.8400  0.4457 
   00392    0.4725   -1041.8625  0.4482 
   00393    0.5000    -987.5637  0.4234 
   00394    0.5150    -987.6961  0.4276 
   00395    0.4775    -987.4095  0.4497 
   00396    0.4500    -969.4866  0.4572 
   00397    0.4850    -993.7599  0.4616 
   00398    0.5100    -986.9588  0.4540 
   00399    0.4700    -998.4587  0.4615 
   00400    0.5125   -1013.1122  0.4553 
   00401    0.5000    -987.6074  0.4598 
   00402    0.5100    -959.3175  0.4596 
   00403    0.5050    -966.3762  0.4708 
   00404    0.4925    -957.8883  0.4313 
   00405    0.4675    -960.1639  0.4280 
   00406    0.4600    -940.9101  0.4294 
   00407    0.4850    -937.3339  0.4383 
   00408    0.5525    -956.1137  0.4560 
   00409    0.5000    -957.3432  0.4586 
   00410    0.5025    -947.9278  0.4536 
   00411    0.4775    -963.4453  0.4479 
   00412    0.4875    -965.4996  0.4545 
   00413    0.4675    -996.1452  0.4729 
   00414    0.4700   -1017.2584  0.4816 
   00415    0.4975   -1029.8631  0.4790 
   00416    0.4200   -1032.0486  0.4689 
   00417    0.4550   -1018.9471  0.4613 
   00418    0.5125    -998.2936  0.4459 
   00419    0.5000   -1016.5869  0.4523 
   00420    0.4450   -1018.7473  0.4467 
   00421    0.4775    -984.1000  0.4390 
   00422    0.4900   -1004.1223  0.4480 
   00423    0.5150   -1016.4804  0.4509 
   00424    0.5150    -991.5416  0.4520 
   00425    0.4800    -999.4661  0.4537 
   00426    0.4800    -981.0120  0.4619 
   00427    0.5000    -983.4129  0.4741 
   00428    0.5150    -973.0909  0.4713 
   00429    0.4675    -959.7365  0.4771 
   00430    0.5050    -953.6631  0.4844 
   00431    0.5200    -961.8632  0.4945 
   00432    0.5025    -956.5006  0.4900 
   00433    0.5225    -957.9876  0.4855 
   00434    0.5025    -987.4506  0.4940 
   00435    0.4600    -999.2053  0.5117 
   00436    0.4900   -1018.5404  0.4932 
   00437    0.4750    -999.0790  0.4773 
   00438    0.4850    -986.4012  0.4727 
   00439    0.4925   -1002.1394  0.4789 
   00440    0.4950   -1036.0032  0.5233 
   00441    0.5175   -1036.8567  0.5230 
   00442    0.5325   -1020.2243  0.5158 
   00443    0.4400   -1014.9021  0.5063 
   00444    0.4950   -1014.4305  0.4846 
   00445    0.4650   -1003.3329  0.4770 
   00446    0.5400    -983.0446  0.4762 
   00447    0.4525    -953.8577  0.4654 
   00448    0.4975    -943.5231  0.4579 
   00449    0.4700    -944.5497  0.4613 
   00450    0.4925    -960.1533  0.4746 
   00451    0.4900    -940.3694  0.4566 
   00452    0.5175    -980.5217  0.4881 
   00453    0.4525    -985.2136  0.4913 
   00454    0.4825    -982.2208  0.5118 
   00455    0.4900   -1001.6420  0.5024 
   00456    0.4950   -1008.4035  0.4898 
   00457    0.5375   -1004.0588  0.4790 
   00458    0.4825    -986.7616  0.4810 
   00459    0.5100    -964.7464  0.4644 
   00460    0.5000    -968.7000  0.4550 
   00461    0.5025    -951.8961  0.4701 
   00462    0.4350    -950.5660  0.4854 
   00463    0.5000    -958.0890  0.4874 
   00464    0.4775    -944.8883  0.4825 
   00465    0.5000    -936.7109  0.4806 
   00466    0.4925    -933.5995  0.4735 
   00467    0.4350    -916.2110  0.4692 
   00468    0.4850    -913.0259  0.4771 
   00469    0.4975    -912.7500  0.4830 
   00470    0.4925    -915.4052  0.5050 
   00471    0.5100    -900.3532  0.4855 
   00472    0.4550    -892.7786  0.4847 
   00473    0.5275    -915.1210  0.4950 
   00474    0.5425    -905.9053  0.4731 
   00475    0.5175    -932.5821  0.4852 
   00476    0.5050    -952.8897  0.4977 
   00477    0.4575    -975.2833  0.5071 
   00478    0.4900    -986.9007  0.5006 
   00479    0.4875   -1020.1143  0.5048 
   00480    0.5100   -1013.9965  0.5173 
   00481    0.5150   -1043.1419  0.5300 
   00482    0.4725   -1052.6800  0.5298 
   00483    0.5025   -1028.3992  0.5270 
   00484    0.5300   -1040.6338  0.5185 
   00485    0.5050   -1040.0409  0.5121 
   00486    0.4900   -1024.9244  0.5112 
   00487    0.4925   -1025.1876  0.5202 
   00488    0.4350   -1049.8975  0.5332 
   00489    0.4850   -1056.2814  0.5290 
   00490    0.4850   -1053.4924  0.5265 
   00491    0.4775   -1044.8987  0.5258 
   00492    0.4800   -1048.1213  0.5216 
   00493    0.4650   -1036.3400  0.5021 
   00494    0.4650   -1038.5370  0.5216 
   00495    0.4450   -1016.4778  0.5105 
   00496    0.4950   -1001.1165  0.5213 
   00497    0.4800   -1014.8737  0.5184 
   00498    0.4750   -1012.2044  0.5055 
   00499    0.4650   -1002.1404  0.5259 
   00500    0.4825    -996.0520  0.5076 
   00501    0.4975    -977.2540  0.5026 
   00502    0.4950    -977.4009  0.5043 
   00503    0.4500    -985.3185  0.5015 
   00504    0.4675    -980.3907  0.4807 
   00505    0.4925    -969.9284  0.4710 
   00506    0.5425    -938.2494  0.4510 
   00507    0.5050    -913.4897  0.4398 
   00508    0.4750    -893.7027  0.4139 
   00509    0.5125    -908.2998  0.4186 
   00510    0.5150    -914.2848  0.4029 
   00511    0.5100    -895.9000  0.4026 
   00512    0.5050    -887.0648  0.3883 
   00513    0.5325    -883.7273  0.3895 
   00514    0.5250    -891.9781  0.3812 
   00515    0.4750    -887.4355  0.3917 
   00516    0.4825    -880.8199  0.3761 
   00517    0.4700    -906.8651  0.3587 
   00518    0.5175    -901.6284  0.3686 
   00519    0.5125    -897.2656  0.3662 
   00520    0.4875    -901.8135  0.3502 
   00521    0.5075    -901.7686  0.3445 
   00522    0.5125    -905.6129  0.3467 
   00523    0.5025    -914.5134  0.3421 
   00524    0.5375    -906.1027  0.3434 
   00525    0.4875    -919.0166  0.3333 
   00526    0.4925    -931.7303  0.3312 
   00527    0.5225    -932.0189  0.3268 
   00528    0.4775    -958.7223  0.3455 
   00529    0.4825    -950.0057  0.3567 
   00530    0.4475    -946.1873  0.3571 
   00531    0.4875    -966.0184  0.3509 
   00532    0.4425    -965.1899  0.3538 
   00533    0.5150    -956.9429  0.3632 
   00534    0.5200    -980.6937  0.3498 
   00535    0.4750    -954.9305  0.3490 
   00536    0.4850    -952.9958  0.3422 
   00537    0.5075    -952.8184  0.3452 
   00538    0.5300    -938.5403  0.3526 
   00539    0.5050    -954.8709  0.3741 
   00540    0.5175    -928.9952  0.3696 
   00541    0.4525    -920.6757  0.3681 
   00542    0.4575    -922.3563  0.3515 
   00543    0.5000    -938.0782  0.3686 
   00544    0.5075    -947.5054  0.3659 
   00545    0.5500    -956.0274  0.3924 
   00546    0.5275    -960.6985  0.3911 
   00547    0.4825    -964.0011  0.3871 
   00548    0.5200    -978.9679  0.4031 
   00549    0.5175    -977.0968  0.3974 
   00550    0.5450    -980.6352  0.3720 
   00551    0.4675    -983.4718  0.3749 
   00552    0.4250    -986.4107  0.3877 
   00553    0.5200    -983.2091  0.3872 
   00554    0.5050    -995.1178  0.3854 
   00555    0.5000    -993.3237  0.3875 
   00556    0.4775    -992.7840  0.3890 
   00557    0.5050    -989.5700  0.3829 
   00558    0.4875    -983.2084  0.3742 
   00559    0.4625    -972.5550  0.3653 
   00560    0.5325    -977.0071  0.3533 
   00561    0.4800    -961.0889  0.3371 
   00562    0.4450    -954.9919  0.3269 
   00563    0.5225    -935.7639  0.3168 
   00564    0.4925    -935.8745  0.3277 
   00565    0.5075    -924.0724  0.3392 
   00566    0.4900    -933.7848  0.3378 
   00567    0.4850    -934.4182  0.3215 
   00568    0.5250    -924.1608  0.3376 
   00569    0.5150    -934.5488  0.3355 
   00570    0.5125    -935.1997  0.3482 
   00571    0.5275    -945.0195  0.3427 
   00572    0.5025    -938.4159  0.3405 
   00573    0.5350    -946.4920  0.3409 
   00574    0.5075    -961.1556  0.3495 
   00575    0.5300    -973.3306  0.3531 
   00576    0.5375    -948.2651  0.3706 
   00577    0.5375    -936.9527  0.3634 
   00578    0.5275    -937.4608  0.3642 
   00579    0.5450    -884.6132  0.3643 
   00580    0.5025    -891.8120  0.3432 
   00581    0.5250    -893.0876  0.3460 
   00582    0.5375    -908.4412  0.3505 
   00583    0.5000    -898.1860  0.3577 
   00584    0.5375    -894.1689  0.3724 
   00585    0.5350    -895.7743  0.3558 
   00586    0.4600    -899.2935  0.3567 
   00587    0.4550    -925.2728  0.3519 
   00588    0.5050    -928.4658  0.3672 
   00589    0.4975    -927.5308  0.3971 
   00590    0.5375    -928.8903  0.3831 
   00591    0.5250    -927.3136  0.3858 
   00592    0.4900    -882.3584  0.3709 
   00593    0.5425    -881.5869  0.3658 
   00594    0.5100    -919.5970  0.3609 
   00595    0.5050    -932.7250  0.3575 
   00596    0.4825    -920.5017  0.3467 
   00597    0.5150    -927.9518  0.3396 
   00598    0.5500    -927.7517  0.3570 
   00599    0.4775    -935.2108  0.3578 
   00600    0.5525    -931.2190  0.3510 
   00601    0.5250    -944.4749  0.3440 
   00602    0.4775    -930.0038  0.3495 
   00603    0.5375    -896.4780  0.3492 
   00604    0.5400    -871.3685  0.3575 
   00605    0.5350    -887.4911  0.3661 
   00606    0.4950    -898.2866  0.3610 
   00607    0.5500    -899.9915  0.3492 
   00608    0.5200    -911.2916  0.3392 
   00609    0.5050    -910.9939  0.3497 
   00610    0.4875    -920.9869  0.3481 
   00611    0.5150    -937.5509  0.3465 
   00612    0.5300    -929.3195  0.3515 
   00613    0.5400    -925.6578  0.3544 
   00614    0.5425    -902.6220  0.3599 
   00615    0.4950    -902.4359  0.3193 
   00616    0.5050    -884.3396  0.3380 
   00617    0.5000    -896.4539  0.3328 
   00618    0.4950    -895.2843  0.3635 
   00619    0.4950    -887.2636  0.3622 
   00620    0.5375    -905.2425  0.3346 
   00621    0.5350    -923.5540  0.3290 
   00622    0.5050    -934.5626  0.3314 
   00623    0.5600    -962.8394  0.3583 
   00624    0.5025    -958.1833  0.3496 
   00625    0.5100    -969.2189  0.3321 
   00626    0.4650    -977.6372  0.3538 
   00627    0.5025    -972.6720  0.3620 
   00628    0.4725    -964.0671  0.3679 
   00629    0.5100    -965.2814  0.3767 
   00630    0.5000    -996.0032  0.3577 
   00631    0.4800    -997.0986  0.3595 
   00632    0.5025   -1011.7223  0.3678 
   00633    0.4675    -994.9575  0.3616 
   00634    0.4600   -1004.1494  0.3562 
   00635    0.4725    -980.3359  0.3628 
   00636    0.5025    -981.7488  0.3652 
   00637    0.5125    -971.5074  0.3730 
   00638    0.4975    -979.0228  0.3681 
   00639    0.4900    -991.2939  0.3780 
   00640    0.5075    -988.3652  0.3898 
   00641    0.4725    -990.2940  0.3931 
   00642    0.5400    -955.5044  0.3770 
   00643    0.4900    -970.2540  0.3851 
   00644    0.4875    -940.9841  0.3811 
   00645    0.4650    -936.8840  0.3790 
   00646    0.5225    -952.1775  0.3900 
   00647    0.4875    -945.7010  0.3791 
   00648    0.4800    -961.6440  0.3487 
   00649    0.4850    -989.3555  0.3368 
   00650    0.4750    -998.9283  0.3585 
   00651    0.4975    -979.9407  0.3454 
   00652    0.5075    -949.0644  0.3532 
   00653    0.5050    -939.3143  0.3536 
   00654    0.4875    -958.8617  0.3755 
   00655    0.5025    -955.5523  0.3793 
   00656    0.5100    -937.0652  0.3777 
   00657    0.4875    -941.6496  0.4034 
   00658    0.5250    -969.6322  0.4098 
   00659    0.4500    -993.6263  0.4134 
   00660    0.4850    -987.2094  0.4019 
   00661    0.5350    -988.9842  0.4185 
   00662    0.4800    -994.2934  0.4311 
   00663    0.5050    -978.2452  0.4324 
   00664    0.5525    -984.4955  0.4369 
   00665    0.4900    -982.6788  0.4403 
   00666    0.4900    -951.0711  0.4465 
   00667    0.4900    -963.4746  0.4665 
   00668    0.4625    -943.5840  0.4684 
   00669    0.5200    -969.6400  0.4873 
   00670    0.5125    -934.0906  0.4683 
   00671    0.4275    -957.4746  0.4715 
   00672    0.5025    -975.4321  0.4913 
   00673    0.4600    -962.0169  0.5022 
   00674    0.5125    -976.3611  0.4973 
   00675    0.5050    -986.0835  0.4921 
   00676    0.4875    -951.4736  0.4661 
   00677    0.4875    -965.7362  0.4631 
   00678    0.5200    -959.8794  0.4541 
   00679    0.4850    -964.2576  0.4579 
   00680    0.5225    -969.3052  0.4535 
   00681    0.4950    -957.8376  0.4653 
   00682    0.4800    -959.9090  0.4592 
   00683    0.5025    -948.4152  0.4611 
   00684    0.4850    -948.2970  0.4562 
   00685    0.4500    -975.6121  0.4469 
   00686    0.4625    -980.2357  0.4590 
   00687    0.5025    -968.4895  0.4441 
   00688    0.5050    -950.7248  0.4363 
   00689    0.5025    -959.7844  0.4501 
   00690    0.4475    -978.5066  0.4636 
   00691    0.5150    -968.2986  0.4569 
   00692    0.5250    -984.1291  0.4814 
   00693    0.5050    -998.1849  0.4873 
   00694    0.4900    -990.1918  0.4834 
   00695    0.5050   -1001.3806  0.4917 
   00696    0.4475    -975.0854  0.4850 
   00697    0.5025    -999.7300  0.4852 
   00698    0.4875   -1023.9543  0.4940 
   00699    0.4950   -1012.1173  0.4827 
   00700    0.4850   -1017.8226  0.4787 
   00701    0.4600   -1012.6666  0.4822 
   00702    0.4925   -1037.3514  0.4908 
   00703    0.4800   -1035.3061  0.4874 
   00704    0.4850   -1031.8191  0.4951 
   00705    0.4575   -1024.9218  0.4912 
   00706    0.4475   -1000.3716  0.4958 
   00707    0.4900   -1002.3126  0.4977 
   00708    0.4400   -1000.3038  0.4961 
   00709    0.4775   -1002.8691  0.4933 
   00710    0.4700    -997.1720  0.4809 
   00711    0.4875    -998.1926  0.4689 
   00712    0.5325    -985.3548  0.4646 
   00713    0.4650   -1000.8354  0.4588 
   00714    0.4825    -986.8039  0.4447 
   00715    0.5100   -1026.5270  0.4759 
   00716    0.4850   -1017.9494  0.4707 
   00717    0.4500   -1014.9455  0.4748 
   00718    0.5275   -1026.1381  0.4647 
   00719    0.5000   -1009.9223  0.4595 
   00720    0.4900   -1009.4790  0.4607 
   00721    0.4825   -1002.0412  0.4548 
   00722    0.4975    -984.7002  0.4435 
   00723    0.5050    -973.1901  0.4262 
   00724    0.5125    -976.4512  0.4267 
   00725    0.4825    -983.7836  0.4250 
   00726    0.4950    -985.3053  0.4318 
   00727    0.4975    -991.1596  0.4159 
   00728    0.4600    -975.8921  0.3987 
   00729    0.5150    -967.6296  0.3788 
   00730    0.5100    -955.8023  0.3833 
   00731    0.4800    -961.8929  0.3808 
   00732    0.5075    -943.5215  0.3663 
   00733    0.5000    -952.8638  0.3639 
   00734    0.5100    -946.1288  0.3627 
   00735    0.5050    -940.4048  0.3535 
   00736    0.4675    -945.6338  0.3603 
   00737    0.4725    -959.4981  0.3634 
   00738    0.5000    -957.1411  0.3579 
   00739    0.5025    -943.9746  0.3660 
   00740    0.5200    -926.0461  0.3468 
   00741    0.5125    -896.0458  0.3334 
   00742    0.5475    -900.4425  0.3123 
   00743    0.5425    -910.0933  0.3138 
   00744    0.5400    -938.1619  0.3053 
   00745    0.5300    -949.3153  0.3170 
   00746    0.5075    -938.5659  0.3161 
   00747    0.5350    -962.1337  0.3149 
   00748    0.5025    -974.7495  0.3161 
   00749    0.4800    -953.0361  0.3012 
   00750    0.4825    -942.2421  0.3127 
   00751    0.5050    -939.8539  0.3202 
   00752    0.5375    -949.2466  0.3104 
   00753    0.4400    -955.3227  0.3202 
   00754    0.5325    -975.5525  0.3386 
   00755    0.5150    -955.9904  0.3431 
   00756    0.4825    -952.2395  0.3404 
   00757    0.4925    -936.1427  0.3438 
   00758    0.5325    -932.9445  0.3644 
   00759    0.5075    -925.1421  0.3459 
   00760    0.5250    -956.2425  0.3406 
   00761    0.5300    -943.2134  0.3349 
   00762    0.4100    -931.8049  0.3397 
   00763    0.5325    -916.2069  0.3461 
   00764    0.5175    -910.0030  0.3161 
   00765    0.5425    -895.4281  0.3239 
   00766    0.5075    -906.9963  0.3279 
   00767    0.4950    -903.0530  0.3385 
   00768    0.5150    -920.6874  0.3355 
   00769    0.5125    -936.8337  0.3239 
   00770    0.5425    -921.4495  0.3358 
   00771    0.5375    -906.3272  0.3131 
   00772    0.5525    -858.1524  0.2802 
   00773    0.5300    -885.8091  0.2847 
   00774    0.5200    -895.3198  0.2754 
   00775    0.4775    -907.0554  0.2891 
   00776    0.5075    -921.0684  0.2907 
   00777    0.5000    -924.0600  0.3137 
   00778    0.5250    -913.4929  0.3265 
   00779    0.5100    -922.7294  0.3007 
   00780    0.5100    -929.9984  0.3235 
   00781    0.5225    -936.1641  0.3298 
   00782    0.5350    -917.5211  0.3205 
   00783    0.5150    -938.4954  0.3241 
   00784    0.4700    -929.3596  0.3117 
   00785    0.5000    -925.2964  0.3187 
   00786    0.4950    -907.1830  0.3064 
   00787    0.5225    -902.5274  0.3014 
   00788    0.4950    -903.4179  0.3079 
   00789    0.5125    -914.9007  0.3025 
   00790    0.4900    -909.5931  0.3021 
   00791    0.5250    -910.7657  0.3000 
   00792    0.5100    -895.2835  0.2913 
   00793    0.5625    -907.2232  0.2967 
   00794    0.5375    -910.4006  0.2856 
   00795    0.4975    -916.3024  0.2890 
   00796    0.5275    -938.7444  0.2916 
   00797    0.4700    -958.9663  0.3047 
   00798    0.5125    -977.3226  0.2856 
   00799    0.4800    -973.0770  0.2798 
   00800    0.5125    -967.7670  0.2986 
   00801    0.4700    -950.0886  0.2850 
   00802    0.5300    -951.1843  0.2809 
   00803    0.4900    -955.8633  0.2737 
   00804    0.5175    -948.3415  0.2877 
   00805    0.4825    -953.5432  0.3003 
   00806    0.4700    -955.0680  0.2835 
   00807    0.4500    -974.1577  0.2808 
   00808    0.4900    -959.0019  0.2757 
   00809    0.4725    -966.1830  0.2864 
   00810    0.4275    -974.5002  0.2917 
   00811    0.4475    -996.1152  0.2789 
   00812    0.4525    -960.9433  0.2889 
   00813    0.5025    -968.1787  0.2929 
   00814    0.4975    -993.7968  0.2964 
   00815    0.5000    -988.1559  0.2969 
   00816    0.5100   -1017.8101  0.3118 
   00817    0.4850   -1015.2616  0.3110 
   00818    0.4525   -1015.0995  0.2916 
   00819    0.4575   -1026.5297  0.2773 
   00820    0.5000   -1016.6757  0.2811 
   00821    0.5275   -1049.1243  0.2788 
   00822    0.4600   -1042.3247  0.2808 
   00823    0.4925   -1027.7459  0.2663 
   00824    0.4925   -1025.9246  0.2733 
   00825    0.5300   -1008.6417  0.2671 
   00826    0.5200    -998.9222  0.2785 
   00827    0.5250    -988.6131  0.2785 
   00828    0.4975    -975.8370  0.2954 
   00829    0.5300    -997.7307  0.3058 
   00830    0.5525    -996.4536  0.3051 
   00831    0.5050   -1006.6461  0.3031 
   00832    0.4825    -983.4201  0.2929 
   00833    0.4600    -974.3765  0.2986 
   00834    0.4575    -961.9009  0.2877 
   00835    0.5475    -962.1845  0.2810 
   00836    0.4875    -950.8795  0.2817 
   00837    0.5125    -902.6505  0.2811 
   00838    0.5175    -913.1772  0.3034 
   00839    0.4500    -920.3007  0.3177 
   00840    0.5050    -922.4744  0.3079 
   00841    0.4775    -926.6734  0.3038 
   00842    0.4875    -934.9287  0.2972 
   00843    0.4625    -937.8985  0.3039 
   00844    0.5000    -928.8575  0.2820 
   00845    0.4975    -938.2468  0.2910 
   00846    0.4850    -935.2652  0.2922 
   00847    0.4975    -934.9263  0.2862 
   00848    0.4750    -950.3562  0.2892 
   00849    0.4625    -960.5603  0.2932 
   00850    0.5275    -956.6648  0.2972 
   00851    0.4875    -957.9323  0.3083 
   00852    0.4925    -964.1042  0.3074 
   00853    0.5050    -982.0279  0.3139 
   00854    0.4500    -997.4169  0.3156 
   00855    0.4650    -984.5508  0.2985 
   00856    0.4600    -979.5693  0.3095 
   00857    0.5100    -976.1974  0.3189 
   00858    0.4925    -972.7844  0.3120 
   00859    0.4775    -960.1643  0.3198 
   00860    0.4550    -958.9891  0.3126 
   00861    0.5125    -958.7714  0.3190 
   00862    0.4500    -950.3994  0.3361 
   00863    0.4900    -963.4437  0.3239 
   00864    0.5075    -962.2327  0.3314 
   00865    0.4325    -944.7911  0.3310 
   00866    0.4700    -916.0555  0.3472 
   00867    0.5025    -910.1873  0.3590 
   00868    0.4700    -912.6054  0.3517 
   00869    0.5275    -935.9834  0.3328 
   00870    0.4600    -931.3158  0.3524 
   00871    0.4800    -945.8137  0.3710 
   00872    0.4325    -925.9964  0.3547 
   00873    0.4975    -937.6930  0.3539 
   00874    0.5175    -947.6061  0.3538 
   00875    0.4675    -948.2993  0.3572 
   00876    0.4725    -940.4371  0.3625 
   00877    0.4900    -927.8899  0.3588 
   00878    0.4525    -929.7945  0.3633 
   00879    0.4500    -949.6748  0.3835 
   00880    0.5100    -957.2493  0.3699 
   00881    0.5050    -964.0490  0.3637 
   00882    0.5125    -956.2441  0.3467 
   00883    0.4875    -959.0130  0.3267 
   00884    0.4850    -966.4008  0.3060 
   00885    0.5000    -992.0998  0.3082 
   00886    0.4450    -987.7816  0.3232 
   00887    0.4450    -999.5393  0.3476 
   00888    0.4950    -989.4119  0.3448 
   00889    0.4975   -1012.8393  0.3471 
   00890    0.4825    -989.6658  0.3508 
   00891    0.4925    -958.6342  0.3540 
   00892    0.4550    -961.0294  0.3646 
   00893    0.4950    -955.9473  0.3595 
   00894    0.5275    -956.3782  0.3683 
   00895    0.4575    -958.2952  0.3763 
   00896    0.5075    -940.8131  0.3562 
   00897    0.4700    -937.2667  0.3412 
   00898    0.4650    -935.8898  0.3493 
   00899    0.5425    -913.7694  0.3507 
   00900    0.4825    -922.1677  0.3392 
   00901    0.4375    -928.7652  0.3403 
   00902    0.4775    -908.6419  0.3392 
   00903    0.4800    -924.0548  0.3278 
   00904    0.5225    -936.5632  0.3363 
   00905    0.5075    -940.1184  0.3311 
   00906    0.4800    -933.2149  0.3346 
   00907    0.4950    -924.1457  0.3354 
   00908    0.4800    -943.6300  0.3475 
   00909    0.5225    -944.5885  0.3603 
   00910    0.4900    -943.1703  0.3647 
   00911    0.4900    -926.9857  0.3753 
   00912    0.4975    -913.4113  0.3759 
   00913    0.5175    -930.8993  0.3694 
   00914    0.4700    -908.9373  0.3570 
   00915    0.4625    -894.1812  0.3497 
   00916    0.4875    -873.5081  0.3365 
   00917    0.5225    -893.8256  0.3543 
   00918    0.4825    -935.2025  0.3451 
   00919    0.4975    -933.1354  0.3511 
   00920    0.5000    -946.5157  0.3569 
   00921    0.5325    -919.1435  0.3743 
   00922    0.5125    -948.0209  0.3896 
   00923    0.5025    -958.4946  0.3919 
   00924    0.4800    -953.0821  0.3844 
   00925    0.4550    -957.4457  0.3933 
   00926    0.4975    -947.2137  0.4014 
   00927    0.4850    -953.0046  0.4146 
   00928    0.4925    -932.7443  0.4260 
   00929    0.5475    -943.8916  0.4386 
   00930    0.4900    -940.1969  0.4480 
   00931    0.5050    -940.0270  0.4342 
   00932    0.4775    -936.2064  0.4127 
   00933    0.5100    -948.5019  0.4088 
   00934    0.4825    -944.0071  0.3967 
   00935    0.5475    -945.5998  0.4068 
   00936    0.4700    -979.0747  0.4310 
   00937    0.5100    -991.6917  0.4492 
   00938    0.5125    -975.3827  0.4392 
   00939    0.5000    -987.1062  0.4589 
   00940    0.5250    -983.9018  0.4536 
   00941    0.4425    -981.8656  0.4592 
   00942    0.4925    -982.2522  0.4530 
   00943    0.4650    -971.9506  0.4433 
   00944    0.4575    -965.8043  0.4395 
   00945    0.5225    -941.7943  0.4196 
   00946    0.4950    -931.2853  0.3954 
   00947    0.5375    -924.3087  0.3946 
   00948    0.5125    -922.1379  0.4076 
   00949    0.5125    -892.8502  0.3867 
   00950    0.4875    -922.2660  0.3796 
   00951    0.5100    -925.2305  0.3952 
   00952    0.5150    -940.6142  0.3860 
   00953    0.5150    -921.0507  0.3908 
   00954    0.5025    -939.4116  0.3955 
   00955    0.5050    -920.1974  0.3923 
   00956    0.5175    -949.8143  0.3886 
   00957    0.5000    -930.3370  0.3810 
   00958    0.5025    -935.2825  0.3821 
   00959    0.4800    -939.2235  0.3771 
   00960    0.5300    -945.4353  0.3860 
   00961    0.5175    -965.5635  0.3859 
   00962    0.5100    -971.7295  0.3866 
   00963    0.4525    -977.1278  0.3666 
   00964    0.5325    -963.3565  0.3676 
   00965    0.5250    -955.2494  0.3638 
   00966    0.5125    -944.8666  0.3381 
   00967    0.5325    -975.5138  0.3383 
   00968    0.5025    -949.3327  0.3222 
   00969    0.5175    -919.0562  0.3189 
   00970    0.4900    -913.1936  0.3108 
   00971    0.4850    -914.6210  0.3321 
   00972    0.4700    -929.8459  0.3210 
   00973    0.4975    -938.1256  0.3379 
   00974    0.4725    -929.5920  0.3197 
   00975    0.4600    -895.9600  0.3172 
   00976    0.5475    -908.5599  0.3216 
   00977    0.4925    -927.0847  0.3375 
   00978    0.5350    -917.8867  0.3371 
   00979    0.5075    -912.9190  0.3463 
   00980    0.5275    -934.8454  0.3319 
   00981    0.5075    -963.2142  0.3429 
   00982    0.5025    -938.5979  0.3329 
   00983    0.5025    -925.6536  0.3164 
   00984    0.5275    -935.9720  0.3292 
   00985    0.5150    -930.4336  0.3396 
   00986    0.5125    -914.4278  0.3465 
   00987    0.4825    -901.3317  0.3611 
   00988    0.5125    -916.6032  0.3730 
   00989    0.5125    -917.4352  0.3513 
   00990    0.5000    -893.0919  0.3382 
   00991    0.5425    -918.5130  0.3480 
   00992    0.4900    -928.0502  0.3510 
   00993    0.4775    -942.4468  0.3545 
   00994    0.5075    -939.1119  0.3390 
   00995    0.5075    -910.3380  0.3200 
   00996    0.5225    -905.8592  0.3220 
   00997    0.5225    -929.1493  0.3386 
   00998    0.5100    -939.0409  0.3391 
   00999    0.4650    -940.2325  0.3169 
   01000    0.5250    -939.2808  0.3130 
