#=====================================================
# File created:        Mon-03-Nov-2025-at-01-43-49AM
# Size of lattice:     20x20
# Number of MC steps:  1000
# Reduced temperature: 1.350
# Run time (s):        8.068033
#=====================================================
# MC step:  Ratio:     Energy:   Order:
#=====================================================
   00000    0.5000    -394.6840  0.2608 
   00001    0.6925    -574.9276  0.2695 
   00002    0.6975    -655.0118  0.2906 
   00003    0.6425    -678.8230  0.3265 
   00004    0.6075    -795.6410  0.3589 
   00005    0.6025    -763.8663  0.3965 
   00006    0.5700    -782.0896  0.3702 
   00007    0.5675    -808.3713  0.3777 
   00008    0.5775    -791.6564  0.3660 
   00009    0.5900    -812.6290  0.3633 
   00010    0.5700    -809.2753  0.3475 
   00011    0.6000    -814.1512  0.3245 
   00012    0.6075    -831.3683  0.3183 
   00013    0.6125    -827.5912  0.3363 
   00014    0.5625    -832.6175  0.3319 
   00015    0.6150    -805.5776  0.3367 
   00016    0.5725    -771.2223  0.3336 
   00017    0.5750    -792.7520  0.3141 
   00018    0.6275    -754.5695  0.3463 
   00019    0.6150    -742.8954  0.3371 
   00020    0.6550    -748.6582  0.3450 
   00021    0.6600    -732.8289  0.3755 
   00022    0.6150    -771.1357  0.3943 
   00023    0.6275    -730.5790  0.3580 
   00024    0.6075    -761.6667  0.3064 
   00025    0.5875    -771.3280  0.3193 
   00026    0.6025    -816.2605  0.3102 
   00027    0.6150    -758.2713  0.3177 
   00028    0.6475    -739.2465  0.3022 
   00029    0.5650    -798.6293  0.3322 
   00030    0.5875    -795.1705  0.3181 
   00031    0.5550    -763.8660  0.3016 
   00032    0.5950    -828.0456  0.2718 
   00033    0.5750    -808.0784  0.2859 
   00034    0.5600    -796.4943  0.2574 
   00035    0.5725    -755.2979  0.3024 
   00036    0.5775    -750.3564  0.2873 
   00037    0.6700    -771.9195  0.3011 
   00038    0.6250    -763.6029  0.2855 
   00039    0.5750    -772.9637  0.3236 
   00040    0.6100    -769.4649  0.3623 
   00041    0.6200    -763.5559  0.3534 
   00042    0.6125    -723.6010  0.2956 
   00043    0.6075    -756.1459  0.2812 
   00044    0.6150    -761.0521  0.2619 
   00045    0.6250    -730.0444  0.3010 
   00046    0.5625    -762.0366  0.3268 
   00047    0.6250    -764.8818  0.2928 
   00048    0.6100    -734.9523  0.3079 
   00049    0.6150    -786.1497  0.2807 
   00050    0.6050    -798.0251  0.2982 
   00051    0.6175    -763.0260  0.2977 
   00052    0.6225    -772.6013  0.2795 
   00053    0.5800    -720.8574  0.3078 
   00054    0.6075    -796.4356  0.3536 
   00055    0.5675    -786.0831  0.3385 
   00056    0.5925    -826.0004  0.3809 
   00057    0.5700    -794.3552  0.3457 
   00058    0.6350    -725.6643  0.3325 
   00059    0.6125    -743.8799  0.3371 
   00060    0.6175    -726.2924  0.3237 
   00061    0.5925    -751.7234  0.2867 
   00062    0.6300    -730.2445  0.2990 
   00063    0.6200    -750.3097  0.2707 
   00064    0.6450    -693.3401  0.2892 
   00065    0.6025    -723.2084  0.3195 
   00066    0.6550    -710.7035  0.3142 
   00067    0.6425    -753.6072  0.3322 
   00068    0.5525    -779.8550  0.3244 
   00069    0.6250    -740.5070  0.3483 
   00070    0.6100    -696.6699  0.3705 
   00071    0.5800    -744.4712  0.3512 
   00072    0.6000    -718.1352  0.3356 
   00073    0.6300    -708.7305  0.3079 
   00074    0.6200    -707.7301  0.3222 
   00075    0.6225    -725.4987  0.3303 
   00076    0.6175    -697.7528  0.2940 
   00077    0.6325    -755.3162  0.2838 
   00078    0.5975    -782.9115  0.2769 
   00079    0.6275    -744.7284  0.2764 
   00080    0.6000    -738.1649  0.2994 
   00081    0.6500    -752.3269  0.2789 
   00082    0.6125    -762.0808  0.2828 
   00083    0.6450    -741.1114  0.2970 
   00084    0.5900    -834.8900  0.3219 
   00085    0.5875    -772.4297  0.3073 
   00086    0.6050    -766.8299  0.2941 
   00087    0.5800    -802.1531  0.3175 
   00088    0.6250    -786.1823  0.2867 
   00089    0.6050    -736.7823  0.3132 
   00090    0.5675    -721.1889  0.2801 
   00091    0.6700    -694.3782  0.3083 
   00092    0.6425    -720.6814  0.3041 
   00093    0.6525    -759.1226  0.3004 
   00094    0.6175    -749.1786  0.2980 
   00095    0.5975    -778.4289  0.3037 
   00096    0.5975    -745.8852  0.2740 
   00097    0.5675    -773.7245  0.2665 
   00098    0.6175    -794.6315  0.2949 
   00099    0.6575    -773.9632  0.2683 
   00100    0.6000    -806.0439  0.2713 
   00101    0.5975    -792.5462  0.2549 
   00102    0.6025    -753.3122  0.2983 
   00103    0.5525    -787.3042  0.3019 
   00104    0.5825    -724.6115  0.2822 
   00105    0.6375    -751.7676  0.2785 
   00106    0.5750    -728.5623  0.3074 
   00107    0.5975    -760.6794  0.3280 
   00108    0.5800    -766.6616  0.2935 
   00109    0.6075    -777.3596  0.3020 
   00110    0.6225    -763.0367  0.3099 
   00111    0.6500    -733.2348  0.3253 
   00112    0.6250    -728.3231  0.3084 
   00113    0.6200    -727.0801  0.2979 
   00114    0.6675    -765.0811  0.2920 
   00115    0.6275    -761.6052  0.2757 
   00116    0.5525    -776.1076  0.2870 
   00117    0.6000    -775.0130  0.2926 
   00118    0.6300    -747.5969  0.3039 
   00119    0.5650    -752.0688  0.3239 
   00120    0.6200    -774.5294  0.3173 
   00121    0.5550    -813.9890  0.3129 
   00122    0.6200    -771.2231  0.3155 
   00123    0.6200    -793.3897  0.2804 
   00124    0.5900    -757.1976  0.2997 
   00125    0.5675    -744.5836  0.3137 
   00126    0.6275    -727.0094  0.3088 
   00127    0.6025    -724.1530  0.2943 
   00128    0.6400    -715.6468  0.2932 
   00129    0.5925    -762.2094  0.2712 
   00130    0.6175    -763.1095  0.2783 
   00131    0.5400    -764.6453  0.2642 
   00132    0.6025    -812.4196  0.2771 
   00133    0.5675    -808.7770  0.2942 
   00134    0.5725    -805.6383  0.2941 
   00135    0.6100    -773.3156  0.3016 
   00136    0.6275    -758.5300  0.3004 
   00137    0.5975    -713.3797  0.3238 
   00138    0.5650    -804.9030  0.3817 
   00139    0.6200    -812.1213  0.3823 
   00140    0.6025    -826.0874  0.3723 
   00141    0.6100    -831.8589  0.4211 
   00142    0.5825    -810.4397  0.4166 
   00143    0.6475    -765.9011  0.3947 
   00144    0.6375    -802.6801  0.4307 
   00145    0.5375    -873.4158  0.4684 
   00146    0.5750    -848.8260  0.4532 
   00147    0.6175    -829.2235  0.4053 
   00148    0.5375    -795.6451  0.4284 
   00149    0.6125    -763.9490  0.4142 
   00150    0.5850    -773.3134  0.4488 
   00151    0.5525    -815.8450  0.4382 
   00152    0.5925    -772.4129  0.4075 
   00153    0.6250    -780.6335  0.3922 
   00154    0.6050    -722.5268  0.3289 
   00155    0.6475    -757.4686  0.3490 
   00156    0.5950    -750.3981  0.3601 
   00157    0.6175    -737.4613  0.3222 
   00158    0.6250    -790.8921  0.3452 
   00159    0.6125    -753.7884  0.3389 
   00160    0.6375    -758.4313  0.3489 
   00161    0.5900    -787.0945  0.3682 
   00162    0.6075    -764.0850  0.3782 
   00163    0.6000    -837.6176  0.3894 
   00164    0.5650    -789.6417  0.3992 
   00165    0.6450    -760.7039  0.3561 
   00166    0.6025    -774.1681  0.3619 
   00167    0.6400    -772.4367  0.3670 
   00168    0.6050    -794.9265  0.3610 
   00169    0.6225    -846.3686  0.3854 
   00170    0.5800    -839.1345  0.4063 
   00171    0.5950    -749.0122  0.3600 
   00172    0.6450    -731.9639  0.3636 
   00173    0.6150    -767.2339  0.3711 
   00174    0.5900    -814.0641  0.3906 
   00175    0.5725    -812.2353  0.3849 
   00176    0.5700    -794.2086  0.3896 
   00177    0.6225    -770.9695  0.3918 
   00178    0.5950    -754.9290  0.3890 
   00179    0.6275    -769.6403  0.4113 
   00180    0.5900    -754.8455  0.3944 
   00181    0.5925    -732.7557  0.3637 
   00182    0.6250    -748.3255  0.3643 
   00183    0.6750    -728.4221  0.3376 
   00184    0.5925    -757.0170  0.3480 
   00185    0.6250    -809.8758  0.3816 
   00186    0.5625    -787.1862  0.3729 
   00187    0.6025    -770.7799  0.3343 
   00188    0.5400    -789.0192  0.3558 
   00189    0.6200    -754.2340  0.3490 
   00190    0.5400    -756.3335  0.3345 
   00191    0.5800    -794.0690  0.3697 
   00192    0.5675    -793.7288  0.3500 
   00193    0.5750    -783.9837  0.3841 
   00194    0.5300    -811.4025  0.3827 
   00195    0.5200    -854.1044  0.3816 
   00196    0.5750    -848.2458  0.3446 
   00197    0.6125    -776.6369  0.3519 
   00198    0.5825    -757.4467  0.3392 
   00199    0.6025    -794.1572  0.3315 
   00200    0.5825    -772.2415  0.3471 
   00201    0.6125    -771.2763  0.3062 
   00202    0.6300    -763.1158  0.2875 
   00203    0.5875    -786.9552  0.2744 
   00204    0.5925    -781.1977  0.2707 
   00205    0.6375    -765.0690  0.3029 
   00206    0.5825    -799.5933  0.3090 
   00207    0.6200    -731.1430  0.2532 
   00208    0.6375    -720.3664  0.2651 
   00209    0.6100    -781.2158  0.2634 
   00210    0.5950    -758.8989  0.2669 
   00211    0.6400    -755.8627  0.3016 
   00212    0.5800    -789.0831  0.2971 
   00213    0.6300    -801.0265  0.2740 
   00214    0.6050    -799.5193  0.2998 
   00215    0.5725    -812.8167  0.3021 
   00216    0.6225    -768.2145  0.2984 
   00217    0.6125    -720.8079  0.2896 
   00218    0.5700    -708.7131  0.2981 
   00219    0.6125    -746.6715  0.2759 
   00220    0.6400    -768.3732  0.2859 
   00221    0.6475    -780.2702  0.2745 
   00222    0.6200    -789.2378  0.2745 
   00223    0.6150    -784.2307  0.2568 
   00224    0.5925    -729.9426  0.2801 
   00225    0.6325    -759.6806  0.2814 
   00226    0.6075    -814.8024  0.3004 
   00227    0.5975    -808.0631  0.2773 
   00228    0.6400    -790.1970  0.3029 
   00229    0.5900    -756.8757  0.3141 
   00230    0.6100    -783.8738  0.3097 
   00231    0.5800    -804.3865  0.3395 
   00232    0.5900    -786.5840  0.3418 
   00233    0.5325    -817.4242  0.3703 
   00234    0.5900    -833.7376  0.3717 
   00235    0.5375    -828.4469  0.3678 
   00236    0.5725    -784.2047  0.3661 
   00237    0.6100    -763.2293  0.3322 
   00238    0.6200    -783.4871  0.3132 
   00239    0.6050    -796.5812  0.2999 
   00240    0.6325    -802.9686  0.3168 
   00241    0.6125    -792.9765  0.3400 
   00242    0.6050    -786.5821  0.3089 
   00243    0.5950    -785.1737  0.3246 
   00244    0.6425    -783.7151  0.3211 
   00245    0.6175    -767.0254  0.3329 
   00246    0.6200    -757.5776  0.3557 
   00247    0.6000    -752.4696  0.3435 
   00248    0.5900    -757.3127  0.2874 
   00249    0.6450    -763.7451  0.2865 
   00250    0.6150    -782.0613  0.3005 
   00251    0.6375    -712.0735  0.2913 
   00252    0.6025    -766.5351  0.3366 
   00253    0.5675    -797.8335  0.3323 
   00254    0.6250    -770.1580  0.3695 
   00255    0.6425    -747.3807  0.3617 
   00256    0.5925    -795.3003  0.3513 
   00257    0.6000    -811.0321  0.3880 
   00258    0.5525    -844.5796  0.3866 
   00259    0.5775    -776.5952  0.3852 
   00260    0.5625    -772.0937  0.3892 
   00261    0.5800    -787.0669  0.3636 
   00262    0.6150    -765.8832  0.3253 
   00263    0.6325    -739.8966  0.3117 
   00264    0.5900    -742.1445  0.3518 
   00265    0.5825    -736.1055  0.3167 
   00266    0.6050    -802.5764  0.2921 
   00267    0.6050    -791.1982  0.3025 
   00268    0.5950    -782.0107  0.2930 
   00269    0.6150    -751.0728  0.3020 
   00270    0.6625    -769.8031  0.2904 
   00271    0.5975    -733.0222  0.3323 
   00272    0.6700    -695.0290  0.3133 
   00273    0.6050    -740.9085  0.3347 
   00274    0.6250    -791.3506  0.3436 
   00275    0.6525    -829.8134  0.3620 
   00276    0.5975    -781.6804  0.3071 
   00277    0.5775    -786.0383  0.3514 
   00278    0.6050    -762.9281  0.3497 
   00279    0.6250    -759.5060  0.3290 
   00280    0.5675    -779.7946  0.3220 
   00281    0.6025    -814.7731  0.3309 
   00282    0.5525    -858.5669  0.3230 
   00283    0.5925    -840.3935  0.3253 
   00284    0.5900    -802.5913  0.3311 
   00285    0.5825    -842.2707  0.3359 
   00286    0.5625    -820.6566  0.3446 
   00287    0.6200    -764.0409  0.3808 
   00288    0.6000    -766.7245  0.3570 
   00289    0.5725    -773.0172  0.3420 
   00290    0.6225    -780.9603  0.3281 
   00291    0.5675    -794.1308  0.2966 
   00292    0.5975    -817.4846  0.2919 
   00293    0.5900    -796.2013  0.2826 
   00294    0.5850    -785.7038  0.2777 
   00295    0.5350    -813.2507  0.2684 
   00296    0.5625    -803.8743  0.3025 
   00297    0.6175    -787.4909  0.3408 
   00298    0.6000    -816.8780  0.3751 
   00299    0.6150    -836.9101  0.3848 
   00300    0.6050    -835.1321  0.3389 
   00301    0.5650    -801.9055  0.2712 
   00302    0.6025    -769.0177  0.2770 
   00303    0.5900    -771.3892  0.2920 
   00304    0.6275    -785.4856  0.3187 
   00305    0.5700    -786.8361  0.2908 
   00306    0.6150    -815.5323  0.2938 
   00307    0.5800    -861.3178  0.2727 
   00308    0.5775    -822.4538  0.2903 
   00309    0.5200    -801.2227  0.3440 
   00310    0.5300    -784.2519  0.3458 
   00311    0.5925    -821.6150  0.3228 
   00312    0.6075    -786.4320  0.3213 
   00313    0.5475    -813.9388  0.3321 
   00314    0.6000    -816.1739  0.3675 
   00315    0.6175    -817.2427  0.3741 
   00316    0.5975    -748.7815  0.3415 
   00317    0.6450    -726.5865  0.3203 
   00318    0.6525    -759.8302  0.3044 
   00319    0.5825    -742.9474  0.3042 
   00320    0.6300    -732.6927  0.3680 
   00321    0.6175    -761.5118  0.3991 
   00322    0.5775    -741.8086  0.3814 
   00323    0.6275    -782.5515  0.4154 
   00324    0.5575    -850.6328  0.4298 
   00325    0.5750    -805.2061  0.4129 
   00326    0.5850    -780.0008  0.4111 
   00327    0.6000    -780.2280  0.4449 
   00328    0.6025    -783.6008  0.3981 
   00329    0.5875    -779.1953  0.3707 
   00330    0.5825    -813.6361  0.3496 
   00331    0.5775    -811.7011  0.3223 
   00332    0.6025    -819.5343  0.2993 
   00333    0.5800    -781.1026  0.3126 
   00334    0.5850    -804.9271  0.2847 
   00335    0.6125    -765.3728  0.2961 
   00336    0.6500    -789.6951  0.2734 
   00337    0.5950    -749.4647  0.2661 
   00338    0.6175    -752.9088  0.2808 
   00339    0.5925    -795.3438  0.2983 
   00340    0.6000    -776.6780  0.3233 
   00341    0.6300    -780.2139  0.3300 
   00342    0.5850    -785.7975  0.3128 
   00343    0.5950    -739.3768  0.3259 
   00344    0.6250    -752.4862  0.3087 
   00345    0.5850    -786.9606  0.3251 
   00346    0.5825    -803.2856  0.3430 
   00347    0.5625    -815.3551  0.3348 
   00348    0.5800    -801.6195  0.3641 
   00349    0.5925    -806.3713  0.3561 
   00350    0.5625    -844.6149  0.3657 
   00351    0.5825    -745.9958  0.3265 
   00352    0.5975    -722.0404  0.3213 
   00353    0.5675    -765.9429  0.2893 
   00354    0.5775    -806.7978  0.2940 
   00355    0.5675    -811.8333  0.3420 
   00356    0.6150    -819.2194  0.3092 
   00357    0.5575    -833.9056  0.2861 
   00358    0.6150    -785.7908  0.2535 
   00359    0.5625    -753.6387  0.3053 
   00360    0.6175    -726.0918  0.3214 
   00361    0.5950    -747.8427  0.3007 
   00362    0.6125    -760.9936  0.3415 
   00363    0.6175    -781.5806  0.3094 
   00364    0.6675    -712.5088  0.2937 
   00365    0.6550    -739.6408  0.3135 
   00366    0.6300    -767.0901  0.2937 
   00367    0.5900    -812.1780  0.2845 
   00368    0.6400    -765.9947  0.3242 
   00369    0.6075    -828.9826  0.2931 
   00370    0.5925    -773.7821  0.2947 
   00371    0.6275    -722.9642  0.2639 
   00372    0.6400    -745.5650  0.2777 
   00373    0.6025    -783.3199  0.3162 
   00374    0.6200    -779.5373  0.3137 
   00375    0.5100    -799.5838  0.3121 
   00376    0.5950    -763.7545  0.3242 
   00377    0.5950    -777.2740  0.3432 
   00378    0.6175    -787.4421  0.3438 
   00379    0.5875    -804.5397  0.3231 
   00380    0.5650    -823.4624  0.3363 
   00381    0.5975    -845.0851  0.3519 
   00382    0.5500    -802.5681  0.3711 
   00383    0.5825    -810.4509  0.3790 
   00384    0.5800    -793.5652  0.3813 
   00385    0.5775    -791.0867  0.3657 
   00386    0.6150    -771.0026  0.3650 
   00387    0.6100    -739.9875  0.3834 
   00388    0.6150    -716.3490  0.3787 
   00389    0.6175    -766.6454  0.4038 
   00390    0.6200    -742.4222  0.3923 
   00391    0.6350    -761.5675  0.3552 
   00392    0.6250    -794.9092  0.3452 
   00393    0.6050    -804.9131  0.3810 
   00394    0.5850    -814.7658  0.4256 
   00395    0.5925    -800.9995  0.3897 
   00396    0.6150    -771.1651  0.3815 
   00397    0.6350    -740.3545  0.3293 
   00398    0.6450    -734.3739  0.3517 
   00399    0.6250    -796.6164  0.3702 
   00400    0.5850    -804.5450  0.3894 
   00401    0.6150    -788.5628  0.3884 
   00402    0.5825    -843.1031  0.3922 
   00403    0.5675    -812.5996  0.3799 
   00404    0.5975    -797.2498  0.3668 
   00405    0.5800    -809.0305  0.3529 
   00406    0.6175    -804.7179  0.3831 
   00407    0.5900    -805.4149  0.3821 
   00408    0.5950    -814.0496  0.3905 
   00409    0.5725    -809.4632  0.3519 
   00410    0.6075    -819.2295  0.3430 
   00411    0.5900    -830.8609  0.3481 
   00412    0.5550    -805.2291  0.3350 
   00413    0.5775    -789.7862  0.3388 
   00414    0.6150    -754.4172  0.3650 
   00415    0.6475    -757.6167  0.3456 
   00416    0.6125    -758.9537  0.3151 
   00417    0.6175    -749.6703  0.3175 
   00418    0.6125    -750.5338  0.2884 
   00419    0.5725    -746.5700  0.2826 
   00420    0.6025    -770.3028  0.3205 
   00421    0.6075    -753.5387  0.3522 
   00422    0.6175    -744.1903  0.2781 
   00423    0.6400    -724.2778  0.2875 
   00424    0.6400    -713.1611  0.3039 
   00425    0.5575    -763.4712  0.2869 
   00426    0.6525    -759.0416  0.3207 
   00427    0.6200    -717.1470  0.3335 
   00428    0.6175    -734.9867  0.3505 
   00429    0.6575    -720.0927  0.3244 
   00430    0.6025    -767.3259  0.3258 
   00431    0.6125    -779.7431  0.3027 
   00432    0.6275    -776.4508  0.3294 
   00433    0.5925    -810.2890  0.3582 
   00434    0.5975    -787.3590  0.3606 
   00435    0.5925    -795.7858  0.3530 
   00436    0.5375    -796.1469  0.3381 
   00437    0.5825    -829.8357  0.3500 
   00438    0.5875    -791.2439  0.3443 
   00439    0.5700    -805.8045  0.3181 
   00440    0.5625    -773.5227  0.3334 
   00441    0.5950    -769.8992  0.3282 
   00442    0.6025    -741.1988  0.3297 
   00443    0.5950    -775.7434  0.3204 
   00444    0.6125    -772.9580  0.3079 
   00445    0.6175    -769.5501  0.2796 
   00446    0.6150    -754.8931  0.3267 
   00447    0.5800    -783.3106  0.3492 
   00448    0.5900    -764.6759  0.3708 
   00449    0.6250    -744.2722  0.3814 
   00450    0.6500    -698.2238  0.3886 
   00451    0.6425    -730.2006  0.3907 
   00452    0.6375    -726.7766  0.3743 
   00453    0.6250    -751.7781  0.3741 
   00454    0.5900    -756.6540  0.4001 
   00455    0.5925    -718.9894  0.4090 
   00456    0.6000    -770.2317  0.4279 
   00457    0.5650    -808.7559  0.4186 
   00458    0.5825    -809.2355  0.3867 
   00459    0.6100    -795.5428  0.3874 
   00460    0.5775    -808.1060  0.3901 
   00461    0.5850    -764.8068  0.4292 
   00462    0.6700    -725.5022  0.3591 
   00463    0.6050    -778.7957  0.4038 
   00464    0.5975    -761.7747  0.3887 
   00465    0.6075    -736.8152  0.3715 
   00466    0.6600    -785.4335  0.3306 
   00467    0.6200    -731.7444  0.3383 
   00468    0.5975    -733.2158  0.3112 
   00469    0.6575    -729.0464  0.3294 
   00470    0.6075    -722.9561  0.2905 
   00471    0.6250    -740.4284  0.3042 
   00472    0.6300    -760.3626  0.2925 
   00473    0.6125    -737.0098  0.3020 
   00474    0.5450    -778.3894  0.3253 
   00475    0.6275    -764.4331  0.3274 
   00476    0.5650    -829.8199  0.3504 
   00477    0.5650    -824.3963  0.3556 
   00478    0.6200    -759.3590  0.3441 
   00479    0.6075    -782.4897  0.3469 
   00480    0.6100    -729.6704  0.3638 
   00481    0.6225    -791.0680  0.3935 
   00482    0.5650    -802.7617  0.3978 
   00483    0.6225    -766.0868  0.3843 
   00484    0.5950    -779.8907  0.3662 
   00485    0.5300    -781.8320  0.3503 
   00486    0.5400    -811.1937  0.3013 
   00487    0.5650    -785.6767  0.3019 
   00488    0.5875    -769.8998  0.3092 
   00489    0.5700    -757.5986  0.2962 
   00490    0.5825    -770.7918  0.3080 
   00491    0.5975    -725.8728  0.2881 
   00492    0.6450    -732.0938  0.3211 
   00493    0.6275    -766.6177  0.3870 
   00494    0.5825    -787.5888  0.4055 
   00495    0.6125    -824.9601  0.4267 
   00496    0.5750    -792.1207  0.3815 
   00497    0.5775    -820.8070  0.3630 
   00498    0.5625    -759.2072  0.3223 
   00499    0.5575    -764.7352  0.3292 
   00500    0.6375    -759.9866  0.3242 
   00501    0.6525    -750.2790  0.3398 
   00502    0.5600    -819.6921  0.3281 
   00503    0.5950    -768.1738  0.3390 
   00504    0.5575    -733.1027  0.3160 
   00505    0.6050    -711.4758  0.3195 
   00506    0.6125    -718.4030  0.3180 
   00507    0.6075    -726.8378  0.3051 
   00508    0.6025    -745.3917  0.3405 
   00509    0.6350    -757.5991  0.3421 
   00510    0.5800    -765.9924  0.3775 
   00511    0.5975    -756.5746  0.3396 
   00512    0.6250    -769.4264  0.3245 
   00513    0.6000    -739.2540  0.3185 
   00514    0.6275    -740.4683  0.3297 
   00515    0.6000    -765.7361  0.3418 
   00516    0.6100    -763.5624  0.3392 
   00517    0.6150    -757.7311  0.3440 
   00518    0.5650    -797.5013  0.3522 
   00519    0.6225    -825.4682  0.3403 
   00520    0.5975    -771.1144  0.3299 
   00521    0.5675    -795.1412  0.3293 
   00522    0.5700    -767.1273  0.2813 
   00523    0.6125    -789.8072  0.3335 
   00524    0.6275    -791.0106  0.3330 
   00525    0.6275    -789.3968  0.3337 
   00526    0.6150    -758.0597  0.3124 
   00527    0.5850    -786.5284  0.3175 
   00528    0.6300    -765.8873  0.3004 
   00529    0.5850    -739.5994  0.3421 
   00530    0.6400    -734.2019  0.3093 
   00531    0.6425    -778.7899  0.3386 
   00532    0.5675    -800.5250  0.3276 
   00533    0.6075    -786.5966  0.3236 
   00534    0.6050    -753.0259  0.2897 
   00535    0.6450    -686.2619  0.3263 
   00536    0.6250    -742.6657  0.3462 
   00537    0.6425    -741.3081  0.3098 
   00538    0.6150    -726.5306  0.3099 
   00539    0.6500    -748.9833  0.3396 
   00540    0.6250    -764.8322  0.3214 
   00541    0.5975    -759.8018  0.3297 
   00542    0.6150    -775.4227  0.3381 
   00543    0.5850    -796.7746  0.3076 
   00544    0.6350    -774.8130  0.2896 
   00545    0.5700    -723.4333  0.2800 
   00546    0.6200    -725.5040  0.3124 
   00547    0.6050    -752.7373  0.3154 
   00548    0.5725    -748.8394  0.2873 
   00549    0.6175    -744.6686  0.2855 
   00550    0.6200    -704.0311  0.3012 
   00551    0.6425    -753.1292  0.2980 
   00552    0.5875    -766.0102  0.2603 
   00553    0.6200    -784.2032  0.2627 
   00554    0.6275    -750.0336  0.2886 
   00555    0.5900    -754.0960  0.3323 
   00556    0.6075    -719.4082  0.3407 
   00557    0.5825    -794.7301  0.3552 
   00558    0.6125    -777.9536  0.3349 
   00559    0.5550    -815.1249  0.3921 
   00560    0.5900    -792.5849  0.3672 
   00561    0.5975    -792.4927  0.3816 
   00562    0.5775    -771.2932  0.3730 
   00563    0.6050    -780.4995  0.3630 
   00564    0.5800    -755.1844  0.3582 
   00565    0.6150    -722.9161  0.3535 
   00566    0.5950    -745.0932  0.3767 
   00567    0.6275    -730.7066  0.3801 
   00568    0.6325    -820.5760  0.3366 
   00569    0.5900    -787.7636  0.3050 
   00570    0.5825    -807.5327  0.3424 
   00571    0.5600    -809.0765  0.3605 
   00572    0.6625    -783.7986  0.3875 
   00573    0.5950    -769.8370  0.3871 
   00574    0.5725    -799.6714  0.3386 
   00575    0.5850    -811.8591  0.3290 
   00576    0.6300    -797.0867  0.3280 
   00577    0.5875    -780.1881  0.3044 
   00578    0.5925    -770.5576  0.3207 
   00579    0.6100    -798.6147  0.3226 
   00580    0.6175    -830.4877  0.3587 
   00581    0.5500    -836.1775  0.3979 
   00582    0.5950    -782.0889  0.3327 
   00583    0.5750    -746.3864  0.3171 
   00584    0.5975    -759.5422  0.3121 
   00585    0.6175    -751.5791  0.3164 
   00586    0.5825    -795.6120  0.3322 
   00587    0.5825    -737.3397  0.3021 
   00588    0.6250    -743.4941  0.2600 
   00589    0.6100    -802.8799  0.2787 
   00590    0.5825    -784.2652  0.2557 
   00591    0.5550    -838.2397  0.2701 
   00592    0.5350    -800.6794  0.2642 
   00593    0.5325    -834.9371  0.2699 
   00594    0.5650    -848.2397  0.2944 
   00595    0.5650    -859.0297  0.2865 
   00596    0.5650    -853.5949  0.3044 
   00597    0.5375    -795.3548  0.3095 
   00598    0.5575    -820.4238  0.3045 
   00599    0.5700    -816.8359  0.2826 
   00600    0.5725    -797.0556  0.3106 
   00601    0.5900    -765.0299  0.3138 
   00602    0.5975    -810.5804  0.2683 
   00603    0.5725    -793.0229  0.2818 
   00604    0.5750    -812.7780  0.3161 
   00605    0.6275    -814.2846  0.3374 
   00606    0.6200    -766.4385  0.3399 
   00607    0.6275    -748.5442  0.3535 
   00608    0.5600    -762.1071  0.3506 
   00609    0.5925    -762.8663  0.3210 
   00610    0.6200    -760.5422  0.3114 
   00611    0.5775    -765.4445  0.3312 
   00612    0.6075    -753.0490  0.3187 
   00613    0.5975    -769.4786  0.2921 
   00614    0.5750    -756.4156  0.2804 
   00615    0.6175    -781.1533  0.3004 
   00616    0.5950    -741.3158  0.3055 
   00617    0.6150    -734.9701  0.2845 
   00618    0.6525    -705.1763  0.3028 
   00619    0.6400    -753.8580  0.3065 
   00620    0.6150    -777.0061  0.3367 
   00621    0.6225    -760.4469  0.3083 
   00622    0.5925    -772.2168  0.3060 
   00623    0.5400    -752.2163  0.2849 
   00624    0.5700    -768.8897  0.2792 
   00625    0.6400    -763.8608  0.2898 
   00626    0.6075    -734.4279  0.2857 
   00627    0.6250    -742.3243  0.3100 
   00628    0.5675    -745.0257  0.2917 
   00629    0.6375    -726.0154  0.3392 
   00630    0.6025    -741.7076  0.3378 
   00631    0.6325    -746.4968  0.3637 
   00632    0.6350    -793.8965  0.3836 
   00633    0.6150    -829.0238  0.3247 
   00634    0.6000    -817.4653  0.3285 
   00635    0.5900    -822.6295  0.3421 
   00636    0.6000    -778.0793  0.3295 
   00637    0.5675    -757.5343  0.2996 
   00638    0.5725    -787.3631  0.3524 
   00639    0.5700    -812.1240  0.3944 
   00640    0.5675    -801.2307  0.3762 
   00641    0.6250    -815.0331  0.3662 
   00642    0.5650    -801.0811  0.3686 
   00643    0.5750    -777.2314  0.3535 
   00644    0.5750    -760.0926  0.3022 
   00645    0.5800    -768.9990  0.3014 
   00646    0.6075    -802.2126  0.3141 
   00647    0.5950    -790.2348  0.3626 
   00648    0.5600    -810.6878  0.3748 
   00649    0.5775    -815.4457  0.3534 
   00650    0.5975    -800.2325  0.3232 
   00651    0.6300    -793.2637  0.3030 
   00652    0.6075    -799.0076  0.3132 
   00653    0.6025    -777.2569  0.3253 
   00654    0.6025    -719.4230  0.3087 
   00655    0.6200    -783.0449  0.3067 
   00656    0.5875    -762.3430  0.3339 
   00657    0.6450    -717.2864  0.3239 
   00658    0.6500    -704.1890  0.3307 
   00659    0.6250    -751.6510  0.3239 
   00660    0.6175    -750.4751  0.3615 
   00661    0.6050    -805.1064  0.3636 
   00662    0.6100    -813.3758  0.3568 
   00663    0.5775    -777.2076  0.3564 
   00664    0.5925    -759.6304  0.3377 
   00665    0.6100    -827.3496  0.3284 
   00666    0.5750    -808.7074  0.3118 
   00667    0.5725    -832.4206  0.2877 
   00668    0.5775    -792.3187  0.2991 
   00669    0.5950    -748.0979  0.3247 
   00670    0.6150    -769.6354  0.3369 
   00671    0.6225    -775.7757  0.3177 
   00672    0.6300    -806.7168  0.3105 
   00673    0.5875    -781.7386  0.3389 
   00674    0.5900    -835.3664  0.3420 
   00675    0.5725    -832.3507  0.3355 
   00676    0.5825    -846.9882  0.3180 
   00677    0.6025    -835.1567  0.3443 
   00678    0.5675    -783.6167  0.3530 
   00679    0.6375    -741.5077  0.3448 
   00680    0.5650    -744.0574  0.3293 
   00681    0.6200    -786.5172  0.3227 
   00682    0.5850    -753.7982  0.3444 
   00683    0.5800    -757.1712  0.3443 
   00684    0.5850    -774.7002  0.3385 
   00685    0.6050    -781.4363  0.3201 
   00686    0.6125    -768.0157  0.3163 
   00687    0.6100    -751.1695  0.3487 
   00688    0.6250    -708.4892  0.3905 
   00689    0.6175    -759.4534  0.3803 
   00690    0.5575    -801.4454  0.3393 
   00691    0.5775    -784.0366  0.3100 
   00692    0.5825    -791.3898  0.2802 
   00693    0.5725    -794.0474  0.2916 
   00694    0.5800    -779.1265  0.3284 
   00695    0.5875    -755.2707  0.3464 
   00696    0.5825    -757.9845  0.3286 
   00697    0.6025    -774.5068  0.3450 
   00698    0.5875    -751.9215  0.3096 
   00699    0.5850    -721.9009  0.3094 
   00700    0.6050    -759.8091  0.2911 
   00701    0.5925    -781.3556  0.3263 
   00702    0.6125    -771.4535  0.3450 
   00703    0.5925    -762.9631  0.3353 
   00704    0.6200    -775.7792  0.3547 
   00705    0.6075    -783.5887  0.3652 
   00706    0.6200    -785.8701  0.3833 
   00707    0.5825    -724.1570  0.3510 
   00708    0.6275    -749.5715  0.3494 
   00709    0.5600    -764.3990  0.3423 
   00710    0.5775    -784.6336  0.3571 
   00711    0.6275    -754.0871  0.3301 
   00712    0.6100    -791.9019  0.3702 
   00713    0.5575    -794.7341  0.4012 
   00714    0.5875    -750.5379  0.4174 
   00715    0.5925    -720.7380  0.4351 
   00716    0.6450    -732.1022  0.4232 
   00717    0.6050    -762.2761  0.4496 
   00718    0.6250    -771.9016  0.4369 
   00719    0.6125    -781.9141  0.4300 
   00720    0.6350    -784.9834  0.4262 
   00721    0.6150    -783.7985  0.4258 
   00722    0.6175    -766.6882  0.4300 
   00723    0.6200    -781.5043  0.3992 
   00724    0.5950    -753.6577  0.3825 
   00725    0.6925    -753.6139  0.3874 
   00726    0.6175    -737.0773  0.3336 
   00727    0.6325    -739.6078  0.3122 
   00728    0.5400    -797.9299  0.2840 
   00729    0.5975    -769.5768  0.2911 
   00730    0.5675    -786.3800  0.3205 
   00731    0.5900    -767.6701  0.3178 
   00732    0.6300    -820.0905  0.3014 
   00733    0.5825    -826.1311  0.2853 
   00734    0.5750    -797.1389  0.3012 
   00735    0.6150    -788.1131  0.3172 
   00736    0.5350    -770.1539  0.3003 
   00737    0.5975    -758.7040  0.3304 
   00738    0.5425    -751.2442  0.3252 
   00739    0.6125    -779.8816  0.3480 
   00740    0.6075    -741.7786  0.2912 
   00741    0.5425    -747.2785  0.3104 
   00742    0.6650    -680.1633  0.3344 
   00743    0.6350    -745.4009  0.2967 
   00744    0.6075    -803.0362  0.2985 
   00745    0.5575    -772.8652  0.2768 
   00746    0.6150    -764.8185  0.2970 
   00747    0.5700    -800.5016  0.2994 
   00748    0.5750    -802.2170  0.2811 
   00749    0.5950    -823.4043  0.2874 
   00750    0.5925    -788.5405  0.3063 
   00751    0.5800    -800.7404  0.2906 
   00752    0.5775    -783.1520  0.3184 
   00753    0.6075    -774.1203  0.3259 
   00754    0.5825    -744.1785  0.2981 
   00755    0.5950    -775.5226  0.3305 
   00756    0.6000    -734.9760  0.3314 
   00757    0.5825    -740.2597  0.2948 
   00758    0.6450    -739.1050  0.2969 
   00759    0.6225    -761.8553  0.3264 
   00760    0.5825    -796.7998  0.3301 
   00761    0.5575    -771.1883  0.3073 
   00762    0.6225    -763.0173  0.2790 
   00763    0.6025    -819.0403  0.2700 
   00764    0.6025    -770.1762  0.2809 
   00765    0.6525    -738.5651  0.2918 
   00766    0.6100    -765.0148  0.3176 
   00767    0.5925    -819.0760  0.3240 
   00768    0.5950    -753.1062  0.3200 
   00769    0.6025    -745.7004  0.3164 
   00770    0.5800    -720.1604  0.3119 
   00771    0.6625    -744.7704  0.3335 
   00772    0.5975    -705.4120  0.3041 
   00773    0.6550    -689.9988  0.3292 
   00774    0.6525    -692.7615  0.3198 
   00775    0.6375    -722.9902  0.2739 
   00776    0.6725    -744.3460  0.2932 
   00777    0.5950    -708.4158  0.2710 
   00778    0.6225    -729.5047  0.2644 
   00779    0.6375    -739.2320  0.2830 
   00780    0.6375    -722.5289  0.2931 
   00781    0.5975    -752.1619  0.3006 
   00782    0.6550    -732.0969  0.2951 
   00783    0.6225    -712.9181  0.2662 
   00784    0.5825    -749.2449  0.2886 
   00785    0.5375    -732.5485  0.2959 
   00786    0.6075    -749.2187  0.2925 
   00787    0.6125    -722.8132  0.2872 
   00788    0.6225    -704.4071  0.2619 
   00789    0.6100    -737.0451  0.2890 
   00790    0.6100    -701.5726  0.2849 
   00791    0.5925    -762.4859  0.2549 
   00792    0.6175    -760.6702  0.2811 
   00793    0.6675    -705.8502  0.2656 
   00794    0.6425    -695.1060  0.2636 
   00795    0.6100    -727.6847  0.2546 
   00796    0.6150    -719.5964  0.2964 
   00797    0.6125    -746.6826  0.3213 
   00798    0.5850    -785.5058  0.3390 
   00799    0.5925    -815.2593  0.3812 
   00800    0.5925    -790.0843  0.3723 
   00801    0.5850    -780.4469  0.3738 
   00802    0.5550    -823.4226  0.3766 
   00803    0.6050    -791.3329  0.3451 
   00804    0.5725    -808.1720  0.3293 
   00805    0.6150    -762.5462  0.2739 
   00806    0.5750    -736.0346  0.2772 
   00807    0.6100    -756.1697  0.2870 
   00808    0.5825    -786.1851  0.3026 
   00809    0.6075    -776.8621  0.2841 
   00810    0.6025    -818.4420  0.2748 
   00811    0.5450    -765.3419  0.3282 
   00812    0.5750    -764.0733  0.3347 
   00813    0.5875    -812.2219  0.3417 
   00814    0.5875    -851.9083  0.3500 
   00815    0.5700    -839.0635  0.3101 
   00816    0.5650    -766.8901  0.3143 
   00817    0.6075    -807.5713  0.2889 
   00818    0.5925    -833.5725  0.3168 
   00819    0.5650    -807.0364  0.3074 
   00820    0.5350    -819.2704  0.2982 
   00821    0.5900    -787.8065  0.2740 
   00822    0.6150    -789.5023  0.2702 
   00823    0.5825    -805.6745  0.2649 
   00824    0.6175    -778.6678  0.2796 
   00825    0.5775    -801.7775  0.2937 
   00826    0.5900    -780.7804  0.3061 
   00827    0.5900    -770.1476  0.2941 
   00828    0.5775    -774.1318  0.3202 
   00829    0.6400    -705.9005  0.3277 
   00830    0.6450    -720.3445  0.3672 
   00831    0.6125    -742.7515  0.3742 
   00832    0.6175    -783.4979  0.3599 
   00833    0.5750    -784.3065  0.3641 
   00834    0.5450    -764.3782  0.3441 
   00835    0.6075    -729.3115  0.3206 
   00836    0.6350    -715.4753  0.3131 
   00837    0.6475    -743.4230  0.3507 
   00838    0.5825    -810.6514  0.3556 
   00839    0.5750    -784.9693  0.3251 
   00840    0.6200    -743.4368  0.3154 
   00841    0.5875    -729.2770  0.3539 
   00842    0.6425    -759.1926  0.2996 
   00843    0.6125    -732.9334  0.2921 
   00844    0.6575    -698.5013  0.3191 
   00845    0.6075    -724.3513  0.3204 
   00846    0.5650    -732.3407  0.3261 
   00847    0.5800    -713.5906  0.3082 
   00848    0.6175    -716.7852  0.2990 
   00849    0.5900    -778.1842  0.3194 
   00850    0.6150    -795.3962  0.3168 
   00851    0.5750    -783.8344  0.3090 
   00852    0.5800    -759.4036  0.3290 
   00853    0.6050    -741.8397  0.3057 
   00854    0.6100    -751.8473  0.2882 
   00855    0.6050    -774.2953  0.2934 
   00856    0.6100    -767.5124  0.3100 
   00857    0.5825    -783.9071  0.3283 
   00858    0.5625    -834.2953  0.3660 
   00859    0.5900    -791.6896  0.3257 
   00860    0.5975    -784.8030  0.2933 
   00861    0.5875    -820.5525  0.2930 
   00862    0.5675    -783.7208  0.2777 
   00863    0.6400    -746.5907  0.3008 
   00864    0.5850    -771.2788  0.3023 
   00865    0.6050    -763.6249  0.2976 
   00866    0.6250    -718.6292  0.2727 
   00867    0.5700    -756.5350  0.2961 
   00868    0.5825    -743.5272  0.3116 
   00869    0.6050    -772.9438  0.3092 
   00870    0.5825    -766.1080  0.3031 
   00871    0.5875    -765.0925  0.2963 
   00872    0.6200    -751.5242  0.2639 
   00873    0.5825    -752.7532  0.2749 
   00874    0.6450    -767.9380  0.3082 
   00875    0.6050    -788.9377  0.3004 
   00876    0.6275    -751.4235  0.2759 
   00877    0.6325    -775.7770  0.2866 
   00878    0.6175    -787.3328  0.3099 
   00879    0.6150    -752.2869  0.3257 
   00880    0.6100    -732.6968  0.2794 
   00881    0.6375    -765.5573  0.2705 
   00882    0.6375    -725.4831  0.2596 
   00883    0.6375    -710.4096  0.2779 
   00884    0.6425    -753.1185  0.2969 
   00885    0.6400    -755.9198  0.2538 
   00886    0.6300    -748.2672  0.2696 
   00887    0.6325    -732.0793  0.2886 
   00888    0.6825    -741.2968  0.2945 
   00889    0.5900    -771.6348  0.2749 
   00890    0.5650    -742.9348  0.2744 
   00891    0.6675    -748.3298  0.2863 
   00892    0.6100    -768.4413  0.2648 
   00893    0.5975    -734.0373  0.2747 
   00894    0.6500    -700.6535  0.2580 
   00895    0.6425    -715.8650  0.2994 
   00896    0.6050    -751.9736  0.3186 
   00897    0.5825    -763.8294  0.3704 
   00898    0.5725    -811.8303  0.3432 
   00899    0.5675    -769.7187  0.3374 
   00900    0.5850    -774.9883  0.3326 
   00901    0.5725    -789.9395  0.3248 
   00902    0.5925    -766.3291  0.3200 
   00903    0.5875    -804.7591  0.3630 
   00904    0.5925    -796.9464  0.3702 
   00905    0.5875    -781.6865  0.3802 
   00906    0.6200    -785.1010  0.4145 
   00907    0.5600    -793.9264  0.3987 
   00908    0.5975    -764.7371  0.3338 
   00909    0.5950    -739.7016  0.3708 
   00910    0.6000    -750.2717  0.3637 
   00911    0.5925    -751.0345  0.3429 
   00912    0.6150    -755.4664  0.4089 
   00913    0.6225    -741.7812  0.4037 
   00914    0.6400    -769.1302  0.3948 
   00915    0.5900    -769.4219  0.4094 
   00916    0.5825    -751.1563  0.3886 
   00917    0.6325    -786.8720  0.3828 
   00918    0.6225    -755.7823  0.3849 
   00919    0.5975    -751.8151  0.3887 
   00920    0.6075    -744.1915  0.3919 
   00921    0.5975    -752.5164  0.3931 
   00922    0.6075    -780.0513  0.4176 
   00923    0.5775    -830.1330  0.4456 
   00924    0.6200    -805.6317  0.4313 
   00925    0.5850    -783.5376  0.3845 
   00926    0.5700    -775.0947  0.3794 
   00927    0.6250    -765.4034  0.3917 
   00928    0.6075    -726.2583  0.3797 
   00929    0.6200    -705.3415  0.3992 
   00930    0.6500    -719.1415  0.3316 
   00931    0.6100    -759.3942  0.3784 
   00932    0.6250    -759.1914  0.3680 
   00933    0.5725    -809.9634  0.3798 
   00934    0.5850    -800.5006  0.4057 
   00935    0.5575    -768.3628  0.3782 
   00936    0.5725    -778.7482  0.3782 
   00937    0.5775    -775.9055  0.3592 
   00938    0.6100    -761.9067  0.3417 
   00939    0.5900    -814.1924  0.3512 
   00940    0.5550    -820.3324  0.3492 
   00941    0.6175    -836.5214  0.3470 
   00942    0.5675    -845.4390  0.3721 
   00943    0.6000    -845.7988  0.3576 
   00944    0.5375    -819.4161  0.3541 
   00945    0.5850    -799.0232  0.3442 
   00946    0.5975    -781.9009  0.4000 
   00947    0.5475    -803.4565  0.3703 
   00948    0.6075    -797.0919  0.3693 
   00949    0.6125    -790.4262  0.3581 
   00950    0.5825    -816.5281  0.3521 
   00951    0.5675    -802.1288  0.3449 
   00952    0.5425    -829.4512  0.3284 
   00953    0.5600    -804.3055  0.3273 
   00954    0.5775    -835.4647  0.3207 
   00955    0.6075    -813.1627  0.3498 
   00956    0.6050    -803.9516  0.3775 
   00957    0.6275    -783.3038  0.3798 
   00958    0.6125    -800.1259  0.3619 
   00959    0.5950    -811.4225  0.3657 
   00960    0.6025    -810.5842  0.3212 
   00961    0.5500    -807.4281  0.3077 
   00962    0.5650    -809.8576  0.3417 
   00963    0.6275    -802.0792  0.3074 
   00964    0.5850    -753.7843  0.2806 
   00965    0.5975    -785.5208  0.2808 
   00966    0.6150    -750.1166  0.2823 
   00967    0.5925    -738.6889  0.3176 
   00968    0.6125    -745.5852  0.3036 
   00969    0.6450    -689.8065  0.3220 
   00970    0.6225    -771.3083  0.3284 
   00971    0.6250    -802.8237  0.3244 
   00972    0.5700    -767.2498  0.2930 
   00973    0.6100    -767.2320  0.3040 
   00974    0.5775    -746.2946  0.3146 
   00975    0.5900    -799.6992  0.2913 
   00976    0.6125    -813.2045  0.3009 
   00977    0.5675    -784.3513  0.2995 
   00978    0.6050    -799.9840  0.3705 
   00979    0.5650    -802.0313  0.3727 
   00980    0.5675    -800.1657  0.3199 
   00981    0.6275    -787.2016  0.2885 
   00982    0.6100    -788.9001  0.3034 
   00983    0.5750    -812.6834  0.3044 
   00984    0.5825    -780.1056  0.3215 
   00985    0.6150    -755.5568  0.3082 
   00986    0.6525    -759.8162  0.3097 
   00987    0.5925    -765.9298  0.3163 
   00988    0.6125    -736.0317  0.3406 
   00989    0.6175    -791.3255  0.3434 
   00990    0.5975    -709.9069  0.3066 
   00991    0.5900    -731.9967  0.3354 
   00992    0.6225    -758.2360  0.3342 
   00993    0.6150    -768.9118  0.3207 
   00994    0.6025    -797.4872  0.3493 
   00995    0.5675    -783.8697  0.3342 
   00996    0.5975    -780.9387  0.3013 
   00997    0.6475    -759.0946  0.3284 
   00998    0.6000    -755.7369  0.3296 
   00999    0.5675    -772.1329  0.3382 
   01000    0.5400    -807.6389  0.3378 
