#=====================================================
# File created:        Tue-04-Nov-2025-at-06-46-06AM
# Size of lattice:     20x20
# Number of MC steps:  1000
# Reduced temperature: 0.450
# Run time (s):        0.351025
#=====================================================
# MC step:  Ratio:     Energy:   Order:
#=====================================================
   00000    0.5000    -402.0599  0.2529 
   00001    0.6675    -578.2637  0.2741 
   00002    0.6250    -702.0225  0.3241 
   00003    0.5775    -791.4335  0.3511 
   00004    0.6225    -850.8452  0.3345 
   00005    0.4975    -911.2952  0.3449 
   00006    0.5425    -968.2619  0.3655 
   00007    0.5025   -1026.2929  0.3922 
   00008    0.5250   -1048.6506  0.3997 
   00009    0.5200   -1104.3342  0.4122 
   00010    0.4825   -1125.2076  0.3947 
   00011    0.4500   -1139.7277  0.4051 
   00012    0.4725   -1158.7088  0.3866 
   00013    0.4375   -1180.1473  0.3481 
   00014    0.4425   -1177.8869  0.4181 
   00015    0.5250   -1201.4329  0.4240 
   00016    0.4625   -1229.2277  0.4130 
   00017    0.4800   -1230.9199  0.3810 
   00018    0.4875   -1226.7393  0.4064 
   00019    0.4950   -1244.9051  0.3507 
   00020    0.4575   -1252.6586  0.4268 
   00021    0.4850   -1262.9934  0.3949 
   00022    0.4850   -1261.6225  0.4314 
   00023    0.4000   -1269.1916  0.4250 
   00024    0.4400   -1267.7359  0.4551 
   00025    0.4700   -1286.8620  0.4639 
   00026    0.4875   -1274.3197  0.4444 
   00027    0.4375   -1263.4217  0.4714 
   00028    0.4175   -1258.8893  0.4166 
   00029    0.4400   -1245.0837  0.4981 
   00030    0.4350   -1236.0685  0.4834 
   00031    0.4550   -1224.1359  0.4551 
   00032    0.4350   -1246.2032  0.4867 
   00033    0.4725   -1261.2783  0.4842 
   00034    0.4600   -1265.7217  0.3981 
   00035    0.4675   -1277.1117  0.4961 
   00036    0.4150   -1274.6663  0.5025 
   00037    0.4700   -1269.3438  0.3838 
   00038    0.4450   -1267.0026  0.5015 
   00039    0.4525   -1282.9099  0.4881 
   00040    0.4200   -1301.4579  0.4891 
   00041    0.4500   -1303.5941  0.4846 
   00042    0.4225   -1301.4591  0.4852 
   00043    0.4000   -1309.6965  0.4662 
   00044    0.4275   -1302.6182  0.4507 
   00045    0.4625   -1309.2336  0.4771 
   00046    0.4175   -1289.9474  0.4681 
   00047    0.4600   -1283.8511  0.4891 
   00048    0.4650   -1300.5223  0.5085 
   00049    0.4150   -1294.9177  0.4747 
   00050    0.4625   -1286.7048  0.4994 
   00051    0.4250   -1269.4609  0.4860 
   00052    0.4375   -1270.6301  0.5213 
   00053    0.4775   -1270.3285  0.5032 
   00054    0.4675   -1277.2537  0.5243 
   00055    0.4500   -1268.7702  0.5163 
   00056    0.4625   -1275.3376  0.4777 
   00057    0.4675   -1286.9460  0.4921 
   00058    0.4025   -1303.2064  0.5013 
   00059    0.4100   -1304.7377  0.5053 
   00060    0.4575   -1311.3315  0.4783 
   00061    0.4425   -1311.3735  0.4553 
   00062    0.4525   -1305.8026  0.5408 
   00063    0.4550   -1303.3606  0.5609 
   00064    0.4525   -1304.7441  0.5425 
   00065    0.4000   -1285.7000  0.5372 
   00066    0.4400   -1292.5758  0.5381 
   00067    0.4825   -1298.3490  0.4500 
   00068    0.4450   -1301.2125  0.5213 
   00069    0.3900   -1311.0585  0.5546 
   00070    0.4800   -1305.4191  0.5619 
   00071    0.4275   -1308.6291  0.5365 
   00072    0.4350   -1317.0467  0.5518 
   00073    0.4675   -1328.7073  0.5835 
   00074    0.4375   -1329.4951  0.6072 
   00075    0.4400   -1322.5169  0.6024 
   00076    0.4450   -1308.9376  0.5705 
   00077    0.4225   -1318.3401  0.6177 
   00078    0.4250   -1320.4977  0.6003 
   00079    0.4325   -1321.4339  0.5202 
   00080    0.3900   -1310.7126  0.6136 
   00081    0.4450   -1329.1138  0.6135 
   00082    0.4175   -1317.7088  0.6231 
   00083    0.4750   -1306.3380  0.6208 
   00084    0.4450   -1318.4946  0.5961 
   00085    0.4350   -1333.9017  0.5652 
   00086    0.4475   -1339.4915  0.6023 
   00087    0.3875   -1346.8489  0.6201 
   00088    0.4175   -1338.8209  0.5982 
   00089    0.4100   -1341.7757  0.5828 
   00090    0.4525   -1341.1478  0.5758 
   00091    0.4100   -1341.2508  0.6087 
   00092    0.3975   -1336.2507  0.5745 
   00093    0.4675   -1321.0143  0.5705 
   00094    0.4100   -1329.2107  0.5451 
   00095    0.4100   -1325.5198  0.5945 
   00096    0.4475   -1321.1857  0.5965 
   00097    0.4150   -1325.1314  0.5816 
   00098    0.4000   -1328.6213  0.5864 
   00099    0.4225   -1324.3955  0.5850 
   00100    0.3925   -1332.0800  0.5735 
   00101    0.4325   -1339.6250  0.5619 
   00102    0.4175   -1357.4908  0.5748 
   00103    0.4250   -1354.6380  0.5604 
   00104    0.4350   -1357.6384  0.5339 
   00105    0.4025   -1344.2345  0.5291 
   00106    0.3950   -1352.1782  0.5689 
   00107    0.4275   -1351.9430  0.5332 
   00108    0.4375   -1342.1742  0.5546 
   00109    0.4050   -1336.4702  0.5476 
   00110    0.4225   -1336.2016  0.5617 
   00111    0.4400   -1347.7101  0.5413 
   00112    0.4025   -1346.5932  0.5500 
   00113    0.4425   -1351.6812  0.5762 
   00114    0.4275   -1337.8724  0.5486 
   00115    0.4350   -1348.4118  0.5282 
   00116    0.4325   -1343.4519  0.5456 
   00117    0.4375   -1334.0347  0.5313 
   00118    0.4475   -1341.8137  0.5053 
   00119    0.4150   -1318.7631  0.5592 
   00120    0.4550   -1322.4691  0.5766 
   00121    0.4125   -1332.4590  0.5954 
   00122    0.3925   -1343.1427  0.6064 
   00123    0.4050   -1334.9524  0.5921 
   00124    0.4100   -1326.9479  0.5820 
   00125    0.3825   -1342.1409  0.5840 
   00126    0.4025   -1344.2855  0.5793 
   00127    0.4000   -1351.3303  0.5804 
   00128    0.4550   -1327.2907  0.5626 
   00129    0.4200   -1333.4860  0.5919 
   00130    0.4100   -1348.2042  0.5820 
   00131    0.4275   -1354.3334  0.5888 
   00132    0.4650   -1349.7638  0.6180 
   00133    0.4125   -1348.4848  0.6043 
   00134    0.4250   -1352.4497  0.5853 
   00135    0.4375   -1354.8936  0.6193 
   00136    0.4725   -1348.3513  0.5993 
   00137    0.4275   -1365.0943  0.6022 
   00138    0.4175   -1369.2937  0.5921 
   00139    0.4075   -1364.8147  0.6091 
   00140    0.4075   -1350.6307  0.6104 
   00141    0.4100   -1341.4680  0.5798 
   00142    0.4700   -1340.7510  0.6152 
   00143    0.4250   -1361.7225  0.6022 
   00144    0.4275   -1348.8702  0.5848 
   00145    0.3725   -1345.2314  0.6163 
   00146    0.4175   -1359.4832  0.6135 
   00147    0.4150   -1345.4428  0.6035 
   00148    0.3850   -1344.1255  0.5237 
   00149    0.4050   -1339.5497  0.5792 
   00150    0.4400   -1336.9913  0.6176 
   00151    0.4225   -1335.7972  0.6018 
   00152    0.4125   -1331.0240  0.5652 
   00153    0.4600   -1340.9613  0.6043 
   00154    0.3625   -1361.1190  0.5955 
   00155    0.4575   -1363.4572  0.6174 
   00156    0.4150   -1349.6081  0.6189 
   00157    0.4200   -1353.6488  0.5584 
   00158    0.4100   -1350.4916  0.6289 
   00159    0.4125   -1349.1098  0.6233 
   00160    0.4125   -1345.6264  0.5975 
   00161    0.4000   -1362.0956  0.6182 
   00162    0.3675   -1363.1449  0.6200 
   00163    0.4525   -1356.8747  0.6165 
   00164    0.4250   -1348.3609  0.5961 
   00165    0.4525   -1361.0099  0.6216 
   00166    0.4775   -1367.4196  0.5216 
   00167    0.4425   -1366.1782  0.6476 
   00168    0.4350   -1339.3508  0.6231 
   00169    0.4100   -1339.5746  0.6012 
   00170    0.4800   -1322.1796  0.5302 
   00171    0.4275   -1316.1999  0.5877 
   00172    0.4300   -1335.6130  0.6160 
   00173    0.4325   -1347.8183  0.6150 
   00174    0.4575   -1357.3009  0.6001 
   00175    0.4575   -1360.6136  0.6128 
   00176    0.3775   -1360.2284  0.6552 
   00177    0.4375   -1344.3667  0.6286 
   00178    0.4375   -1340.0304  0.5846 
   00179    0.4000   -1350.1975  0.6540 
   00180    0.3975   -1365.6167  0.6312 
   00181    0.4275   -1377.0722  0.5804 
   00182    0.4425   -1359.7209  0.6762 
   00183    0.3950   -1363.2858  0.6560 
   00184    0.4725   -1372.6405  0.7205 
   00185    0.4525   -1375.3199  0.6110 
   00186    0.3950   -1357.2747  0.6877 
   00187    0.3975   -1361.7890  0.6306 
   00188    0.4350   -1349.3896  0.7242 
   00189    0.4400   -1370.4562  0.7142 
   00190    0.4400   -1369.0178  0.6358 
   00191    0.4300   -1390.0614  0.7214 
   00192    0.4300   -1413.5554  0.6935 
   00193    0.3925   -1405.4373  0.5736 
   00194    0.3975   -1386.0742  0.7475 
   00195    0.4150   -1390.2586  0.7466 
   00196    0.4275   -1381.8933  0.6642 
   00197    0.4200   -1378.4740  0.7318 
   00198    0.3900   -1373.5033  0.7039 
   00199    0.4075   -1385.7623  0.7404 
   00200    0.4425   -1390.5981  0.7607 
   00201    0.4200   -1370.2434  0.7326 
   00202    0.3750   -1362.1947  0.6637 
   00203    0.4350   -1378.9817  0.7455 
   00204    0.4200   -1368.7208  0.7185 
   00205    0.4050   -1347.9176  0.7563 
   00206    0.4200   -1343.1375  0.7666 
   00207    0.4500   -1367.7823  0.7502 
   00208    0.4500   -1357.8128  0.7313 
   00209    0.4375   -1374.8133  0.7556 
   00210    0.4250   -1386.7657  0.7088 
   00211    0.4025   -1382.3689  0.7036 
   00212    0.4275   -1380.9344  0.7054 
   00213    0.3975   -1382.7123  0.7859 
   00214    0.3825   -1388.5919  0.7215 
   00215    0.3750   -1390.6233  0.7136 
   00216    0.3925   -1376.3104  0.7401 
   00217    0.4325   -1369.2248  0.7064 
   00218    0.4425   -1374.0394  0.6822 
   00219    0.3925   -1373.6214  0.7210 
   00220    0.4175   -1386.3644  0.6646 
   00221    0.4125   -1387.2871  0.7548 
   00222    0.4200   -1395.3896  0.7648 
   00223    0.4475   -1395.6225  0.7601 
   00224    0.4125   -1384.5589  0.7364 
   00225    0.4075   -1383.9016  0.7631 
   00226    0.4125   -1404.5559  0.7313 
   00227    0.4250   -1401.4215  0.7644 
   00228    0.3950   -1405.4734  0.7213 
   00229    0.4100   -1403.1291  0.7836 
   00230    0.4050   -1392.5490  0.7953 
   00231    0.4050   -1377.3254  0.7355 
   00232    0.4300   -1395.3232  0.6937 
   00233    0.3850   -1399.2415  0.7517 
   00234    0.4125   -1407.5829  0.7533 
   00235    0.4775   -1393.0381  0.7882 
   00236    0.3575   -1387.2814  0.7795 
   00237    0.4500   -1390.9050  0.7410 
   00238    0.4200   -1383.7876  0.7620 
   00239    0.4475   -1395.2777  0.7408 
   00240    0.4425   -1387.5480  0.7965 
   00241    0.4350   -1384.4690  0.7176 
   00242    0.4325   -1386.5540  0.7898 
   00243    0.4525   -1382.3349  0.7531 
   00244    0.4450   -1374.6041  0.7949 
   00245    0.4475   -1381.8310  0.7230 
   00246    0.4150   -1385.0304  0.7855 
   00247    0.3875   -1392.7341  0.7212 
   00248    0.4250   -1386.4178  0.7397 
   00249    0.3850   -1382.9407  0.7028 
   00250    0.4275   -1386.9033  0.6462 
   00251    0.3800   -1391.5954  0.7402 
   00252    0.4175   -1383.1133  0.7118 
   00253    0.4350   -1373.4825  0.6429 
   00254    0.4700   -1381.3191  0.7421 
   00255    0.3950   -1396.5172  0.7657 
   00256    0.3875   -1396.9326  0.7637 
   00257    0.4400   -1384.0459  0.7125 
   00258    0.3775   -1374.2229  0.6949 
   00259    0.4175   -1387.5018  0.7417 
   00260    0.4625   -1375.3870  0.7280 
   00261    0.4300   -1391.0815  0.7121 
   00262    0.4200   -1388.6696  0.7029 
   00263    0.4825   -1392.9115  0.6967 
   00264    0.4075   -1380.8912  0.7134 
   00265    0.4100   -1361.3800  0.6773 
   00266    0.4325   -1363.2961  0.7680 
   00267    0.4050   -1363.5372  0.7360 
   00268    0.4275   -1361.1951  0.6784 
   00269    0.4100   -1364.8138  0.7487 
   00270    0.4150   -1349.2246  0.7245 
   00271    0.4075   -1366.0917  0.6753 
   00272    0.4175   -1348.3682  0.7059 
   00273    0.4325   -1353.5720  0.7045 
   00274    0.4400   -1363.2178  0.7468 
   00275    0.4125   -1358.3282  0.7454 
   00276    0.4500   -1374.8727  0.7345 
   00277    0.4125   -1380.8823  0.7478 
   00278    0.4250   -1384.8931  0.7485 
   00279    0.4550   -1390.6252  0.7429 
   00280    0.3950   -1394.9650  0.7124 
   00281    0.4375   -1390.1687  0.7691 
   00282    0.4325   -1385.9208  0.7718 
   00283    0.3750   -1396.6817  0.7146 
   00284    0.4350   -1395.0992  0.7323 
   00285    0.4000   -1383.5379  0.7462 
   00286    0.4525   -1386.5776  0.7349 
   00287    0.4175   -1373.7465  0.7228 
   00288    0.4200   -1389.5860  0.6942 
   00289    0.4275   -1381.5449  0.7670 
   00290    0.3775   -1392.0443  0.7821 
   00291    0.3950   -1373.5771  0.7526 
   00292    0.4150   -1386.5410  0.7554 
   00293    0.4200   -1379.8468  0.7459 
   00294    0.4500   -1387.1283  0.7080 
   00295    0.4375   -1376.3259  0.7758 
   00296    0.4150   -1375.3377  0.7795 
   00297    0.4150   -1387.1972  0.7035 
   00298    0.4325   -1379.2243  0.6822 
   00299    0.4500   -1375.1178  0.7594 
   00300    0.4400   -1393.2915  0.7265 
   00301    0.4225   -1403.2673  0.7402 
   00302    0.4150   -1404.4482  0.7263 
   00303    0.4425   -1382.9748  0.7192 
   00304    0.4475   -1373.5774  0.6258 
   00305    0.4125   -1381.4019  0.6539 
   00306    0.4350   -1375.4439  0.7240 
   00307    0.4325   -1370.5428  0.6443 
   00308    0.4350   -1355.0492  0.7248 
   00309    0.4300   -1388.1692  0.7332 
   00310    0.4300   -1380.2859  0.7551 
   00311    0.4400   -1381.4220  0.7867 
   00312    0.4150   -1392.6451  0.7743 
   00313    0.4125   -1386.3355  0.7445 
   00314    0.4200   -1391.8075  0.7963 
   00315    0.4375   -1374.6059  0.7292 
   00316    0.4050   -1379.6433  0.7361 
   00317    0.4125   -1382.2753  0.7545 
   00318    0.4250   -1387.9442  0.7976 
   00319    0.3875   -1394.9137  0.7657 
   00320    0.4100   -1390.9687  0.7807 
   00321    0.4250   -1400.4984  0.7912 
   00322    0.4100   -1375.2065  0.7902 
   00323    0.4450   -1377.2158  0.7548 
   00324    0.4250   -1387.0109  0.7788 
   00325    0.4525   -1387.6505  0.7536 
   00326    0.3875   -1386.9835  0.7942 
   00327    0.4000   -1395.7279  0.7844 
   00328    0.4400   -1404.1368  0.7734 
   00329    0.4025   -1386.4483  0.7778 
   00330    0.3725   -1380.7915  0.7767 
   00331    0.4175   -1391.2253  0.7246 
   00332    0.4050   -1400.7397  0.7480 
   00333    0.3875   -1411.0163  0.7877 
   00334    0.3700   -1405.8363  0.7748 
   00335    0.4225   -1392.1962  0.7434 
   00336    0.4375   -1404.1398  0.7987 
   00337    0.4000   -1403.2000  0.7918 
   00338    0.4200   -1415.1145  0.7235 
   00339    0.4850   -1388.9290  0.7483 
   00340    0.4775   -1384.4440  0.7739 
   00341    0.4050   -1396.5793  0.7708 
   00342    0.3500   -1394.5050  0.7705 
   00343    0.4225   -1389.6413  0.8281 
   00344    0.4700   -1408.0987  0.8553 
   00345    0.4275   -1408.3423  0.7577 
   00346    0.4350   -1411.7350  0.8081 
   00347    0.3650   -1397.3858  0.7838 
   00348    0.4175   -1380.9354  0.7457 
   00349    0.4275   -1387.9960  0.7742 
   00350    0.4250   -1399.2562  0.6867 
   00351    0.3700   -1409.8017  0.8021 
   00352    0.4475   -1402.9089  0.7786 
   00353    0.3900   -1398.8069  0.7870 
   00354    0.3875   -1393.9450  0.7937 
   00355    0.4250   -1386.9338  0.7924 
   00356    0.4050   -1400.7278  0.7927 
   00357    0.4525   -1379.6915  0.7809 
   00358    0.3750   -1386.4874  0.8354 
   00359    0.4000   -1392.8354  0.8225 
   00360    0.4100   -1392.8872  0.7580 
   00361    0.4000   -1382.3223  0.8217 
   00362    0.4100   -1385.4819  0.7769 
   00363    0.3800   -1379.0513  0.8255 
   00364    0.4075   -1381.5161  0.8161 
   00365    0.4300   -1386.1678  0.7312 
   00366    0.4000   -1385.4845  0.7583 
   00367    0.4275   -1394.3007  0.7972 
   00368    0.4050   -1404.9257  0.7341 
   00369    0.4000   -1396.4651  0.7971 
   00370    0.4700   -1411.2335  0.7887 
   00371    0.4075   -1402.9484  0.7537 
   00372    0.4300   -1405.9568  0.7885 
   00373    0.3925   -1396.6028  0.7449 
   00374    0.4250   -1400.8060  0.7486 
   00375    0.4300   -1407.2914  0.7401 
   00376    0.3900   -1400.9115  0.7586 
   00377    0.4400   -1405.9299  0.7951 
   00378    0.4025   -1398.6698  0.7810 
   00379    0.4425   -1398.2066  0.7817 
   00380    0.4150   -1384.9087  0.7600 
   00381    0.4325   -1395.4145  0.7679 
   00382    0.4150   -1390.7113  0.7563 
   00383    0.4125   -1370.8084  0.7508 
   00384    0.4075   -1381.5426  0.7595 
   00385    0.3825   -1389.5523  0.8046 
   00386    0.4075   -1380.9664  0.7474 
   00387    0.4350   -1413.5622  0.7528 
   00388    0.4150   -1419.4528  0.8026 
   00389    0.3925   -1411.1007  0.7868 
   00390    0.4300   -1414.1544  0.8486 
   00391    0.3725   -1428.6244  0.8047 
   00392    0.4275   -1429.5783  0.6717 
   00393    0.3550   -1429.7316  0.7705 
   00394    0.3725   -1417.3425  0.8077 
   00395    0.3975   -1424.9719  0.7813 
   00396    0.4300   -1423.3878  0.7763 
   00397    0.3850   -1429.5551  0.8129 
   00398    0.4450   -1410.2035  0.7634 
   00399    0.4350   -1412.1054  0.7578 
   00400    0.4025   -1385.0898  0.8023 
   00401    0.3425   -1386.6240  0.8208 
   00402    0.4150   -1388.2032  0.7979 
   00403    0.4175   -1376.3850  0.8090 
   00404    0.3875   -1376.0405  0.7528 
   00405    0.4250   -1393.4811  0.7728 
   00406    0.4825   -1407.9300  0.8114 
   00407    0.3825   -1411.3037  0.8112 
   00408    0.4175   -1414.8900  0.8155 
   00409    0.4050   -1423.4705  0.7738 
   00410    0.4125   -1424.6517  0.8582 
   00411    0.4275   -1406.9401  0.7771 
   00412    0.4225   -1408.8583  0.7973 
   00413    0.3975   -1391.1323  0.7500 
   00414    0.3875   -1394.4527  0.8072 
   00415    0.4200   -1391.0840  0.7892 
   00416    0.3875   -1390.3493  0.8601 
   00417    0.4025   -1405.6539  0.8060 
   00418    0.4000   -1392.4301  0.7904 
   00419    0.4525   -1391.7117  0.7933 
   00420    0.4550   -1394.4432  0.7960 
   00421    0.4325   -1390.3233  0.7721 
   00422    0.4025   -1391.4794  0.8110 
   00423    0.4275   -1382.2950  0.7873 
   00424    0.4225   -1379.4855  0.7971 
   00425    0.4600   -1382.0618  0.7632 
   00426    0.4325   -1377.5840  0.7784 
   00427    0.4425   -1372.5108  0.7765 
   00428    0.4375   -1381.6197  0.7690 
   00429    0.3775   -1386.2664  0.7291 
   00430    0.3925   -1367.4653  0.7712 
   00431    0.4125   -1376.1443  0.7775 
   00432    0.4300   -1369.3785  0.7686 
   00433    0.4325   -1368.3078  0.7790 
   00434    0.4250   -1375.8084  0.7516 
   00435    0.3875   -1376.9942  0.8341 
   00436    0.3950   -1370.9727  0.8442 
   00437    0.4125   -1390.9518  0.8364 
   00438    0.4050   -1386.4540  0.7777 
   00439    0.4300   -1398.0952  0.7793 
   00440    0.4300   -1396.2590  0.7956 
   00441    0.3825   -1394.7509  0.7074 
   00442    0.4375   -1369.2424  0.7812 
   00443    0.3950   -1371.4315  0.8333 
   00444    0.4225   -1380.3708  0.7735 
   00445    0.4050   -1391.2017  0.7822 
   00446    0.3825   -1397.9476  0.7831 
   00447    0.4000   -1405.7847  0.7985 
   00448    0.4125   -1396.5270  0.8042 
   00449    0.4275   -1389.4726  0.8165 
   00450    0.4225   -1389.3024  0.7785 
   00451    0.4050   -1385.3690  0.8134 
   00452    0.4475   -1371.9877  0.8017 
   00453    0.4600   -1371.1752  0.7884 
   00454    0.4250   -1386.7899  0.7651 
   00455    0.4200   -1386.5728  0.8052 
   00456    0.4175   -1393.8699  0.7734 
   00457    0.4225   -1384.1387  0.7779 
   00458    0.4350   -1377.7483  0.7911 
   00459    0.4350   -1367.4520  0.7857 
   00460    0.4300   -1361.7029  0.7872 
   00461    0.4525   -1361.2803  0.7907 
   00462    0.4325   -1366.4260  0.7682 
   00463    0.3950   -1381.2848  0.7935 
   00464    0.3925   -1383.6615  0.7446 
   00465    0.4425   -1385.7070  0.7748 
   00466    0.4300   -1367.1845  0.7725 
   00467    0.4075   -1383.4740  0.7660 
   00468    0.4075   -1398.6233  0.7931 
   00469    0.4425   -1398.1043  0.7942 
   00470    0.4050   -1406.5417  0.7424 
   00471    0.3775   -1413.8496  0.7921 
   00472    0.4200   -1419.6010  0.8015 
   00473    0.3950   -1408.4691  0.7732 
   00474    0.4625   -1411.2831  0.7939 
   00475    0.4200   -1406.3249  0.7956 
   00476    0.3950   -1412.3239  0.7881 
   00477    0.4025   -1402.7706  0.7938 
   00478    0.4175   -1401.2939  0.7782 
   00479    0.4200   -1398.5890  0.7914 
   00480    0.4100   -1413.0878  0.7834 
   00481    0.4350   -1396.4237  0.7890 
   00482    0.4150   -1400.9206  0.7377 
   00483    0.4400   -1401.3551  0.7783 
   00484    0.3725   -1390.0263  0.7836 
   00485    0.3750   -1404.0017  0.7701 
   00486    0.4325   -1406.5983  0.7414 
   00487    0.4000   -1413.2020  0.7970 
   00488    0.4650   -1390.5598  0.7717 
   00489    0.4025   -1395.5811  0.7810 
   00490    0.4100   -1400.6704  0.7708 
   00491    0.4325   -1386.3033  0.8032 
   00492    0.4300   -1399.3332  0.8039 
   00493    0.3975   -1400.1695  0.7653 
   00494    0.4275   -1393.1095  0.7426 
   00495    0.3900   -1389.2897  0.7778 
   00496    0.4675   -1396.1980  0.7641 
   00497    0.3925   -1410.4142  0.7724 
   00498    0.4250   -1403.8804  0.7847 
   00499    0.4325   -1406.8670  0.7437 
   00500    0.4025   -1409.8648  0.7645 
   00501    0.4450   -1383.4957  0.7728 
   00502    0.4325   -1393.8087  0.7772 
   00503    0.4450   -1385.8358  0.7720 
   00504    0.4475   -1388.7805  0.7870 
   00505    0.4000   -1398.0007  0.7832 
   00506    0.3800   -1407.2581  0.7610 
   00507    0.4050   -1396.2078  0.8404 
   00508    0.3675   -1387.0520  0.8084 
   00509    0.3750   -1392.8850  0.7626 
   00510    0.3975   -1405.7052  0.8248 
   00511    0.4450   -1409.7974  0.7908 
   00512    0.3900   -1383.1170  0.7972 
   00513    0.4475   -1401.7750  0.8177 
   00514    0.4325   -1405.4653  0.8251 
   00515    0.3950   -1412.2319  0.8502 
   00516    0.3800   -1411.5410  0.8390 
   00517    0.4075   -1411.1636  0.7968 
   00518    0.4375   -1394.2434  0.8304 
   00519    0.4350   -1390.6842  0.7983 
   00520    0.4700   -1391.3805  0.8144 
   00521    0.4450   -1375.1260  0.7730 
   00522    0.4150   -1381.7363  0.8094 
   00523    0.4300   -1385.2217  0.8006 
   00524    0.4300   -1394.3466  0.7997 
   00525    0.3750   -1389.3757  0.7985 
   00526    0.4350   -1405.9487  0.7714 
   00527    0.3875   -1409.5994  0.7948 
   00528    0.4350   -1412.6417  0.7762 
   00529    0.4100   -1422.9840  0.8047 
   00530    0.4150   -1417.2789  0.8347 
   00531    0.4000   -1400.4807  0.7786 
   00532    0.4275   -1404.1183  0.8355 
   00533    0.4100   -1390.8966  0.8353 
   00534    0.3650   -1380.3863  0.8007 
   00535    0.4175   -1368.8689  0.8435 
   00536    0.3850   -1379.2237  0.8441 
   00537    0.3500   -1371.6009  0.8131 
   00538    0.4125   -1381.9433  0.8535 
   00539    0.4550   -1385.0087  0.8445 
   00540    0.4125   -1380.0687  0.7980 
   00541    0.4125   -1394.9297  0.8332 
   00542    0.4175   -1403.4700  0.8162 
   00543    0.4175   -1391.9372  0.7903 
   00544    0.4225   -1391.3454  0.8336 
   00545    0.4425   -1386.3388  0.7888 
   00546    0.4275   -1391.1020  0.8044 
   00547    0.4800   -1384.5162  0.8239 
   00548    0.4025   -1407.2113  0.8242 
   00549    0.4275   -1391.4949  0.7825 
   00550    0.4025   -1373.7558  0.8169 
   00551    0.4325   -1387.1119  0.8194 
   00552    0.4150   -1386.9458  0.8051 
   00553    0.3775   -1392.7050  0.7953 
   00554    0.4350   -1384.4843  0.8076 
   00555    0.4300   -1386.9848  0.8183 
   00556    0.4150   -1406.0839  0.8385 
   00557    0.4575   -1380.9859  0.8278 
   00558    0.4125   -1398.5713  0.7853 
   00559    0.4100   -1402.8749  0.8502 
   00560    0.4150   -1408.3204  0.8155 
   00561    0.4100   -1381.2696  0.8126 
   00562    0.4025   -1382.4311  0.8434 
   00563    0.3800   -1375.8304  0.8274 
   00564    0.3825   -1369.7735  0.8113 
   00565    0.4450   -1364.7729  0.8432 
   00566    0.4550   -1378.9371  0.8336 
   00567    0.3900   -1388.4302  0.8011 
   00568    0.4325   -1364.0764  0.8170 
   00569    0.3925   -1374.2273  0.8428 
   00570    0.4225   -1371.1611  0.8199 
   00571    0.4075   -1393.8380  0.8505 
   00572    0.4250   -1390.8258  0.8620 
   00573    0.3975   -1380.5653  0.8228 
   00574    0.4250   -1372.9437  0.8485 
   00575    0.4075   -1396.5939  0.8311 
   00576    0.4150   -1420.0149  0.8678 
   00577    0.4200   -1402.4058  0.8623 
   00578    0.4250   -1390.3164  0.8045 
   00579    0.4600   -1393.5013  0.8366 
   00580    0.4075   -1383.1427  0.8419 
   00581    0.4200   -1374.9700  0.8350 
   00582    0.4425   -1369.8858  0.8396 
   00583    0.4275   -1382.1831  0.8396 
   00584    0.4400   -1377.3007  0.7884 
   00585    0.4225   -1374.6928  0.8459 
   00586    0.3975   -1378.6073  0.8356 
   00587    0.4075   -1401.3411  0.8409 
   00588    0.4225   -1406.1694  0.8556 
   00589    0.4125   -1404.2691  0.8560 
   00590    0.4275   -1409.3243  0.7992 
   00591    0.4100   -1402.2099  0.8528 
   00592    0.4325   -1406.4278  0.8573 
   00593    0.4450   -1397.0461  0.8340 
   00594    0.4200   -1401.1063  0.8632 
   00595    0.4325   -1402.6476  0.8593 
   00596    0.3900   -1391.8825  0.7983 
   00597    0.3900   -1381.1751  0.8573 
   00598    0.4825   -1370.1857  0.8450 
   00599    0.4475   -1387.1688  0.8134 
   00600    0.4050   -1366.4101  0.8539 
   00601    0.3975   -1375.5052  0.8494 
   00602    0.3950   -1371.3037  0.8525 
   00603    0.4175   -1375.0578  0.8347 
   00604    0.4100   -1381.5913  0.8558 
   00605    0.4500   -1396.3302  0.8236 
   00606    0.4150   -1392.2508  0.8661 
   00607    0.4000   -1406.9095  0.8788 
   00608    0.4225   -1386.5423  0.8628 
   00609    0.3950   -1406.7449  0.8738 
   00610    0.4225   -1396.9086  0.8573 
   00611    0.4300   -1406.2585  0.8279 
   00612    0.4175   -1390.7259  0.8512 
   00613    0.3700   -1384.9142  0.8487 
   00614    0.4300   -1380.0602  0.8655 
   00615    0.4300   -1364.8609  0.8538 
   00616    0.4475   -1362.4774  0.8439 
   00617    0.4075   -1368.9354  0.7617 
   00618    0.4375   -1390.3951  0.8555 
   00619    0.3875   -1391.1752  0.8566 
   00620    0.4075   -1392.9168  0.8480 
   00621    0.4225   -1408.4398  0.8789 
   00622    0.4375   -1405.9682  0.8599 
   00623    0.3950   -1398.5449  0.8347 
   00624    0.4325   -1394.3797  0.8454 
   00625    0.3975   -1383.4674  0.8431 
   00626    0.4350   -1391.3807  0.8224 
   00627    0.4150   -1393.9179  0.8436 
   00628    0.4225   -1399.8804  0.8495 
   00629    0.4200   -1411.6407  0.8065 
   00630    0.4400   -1413.7112  0.7745 
   00631    0.3675   -1415.0797  0.7872 
   00632    0.4500   -1396.4006  0.7908 
   00633    0.3825   -1415.1058  0.8164 
   00634    0.4225   -1415.3976  0.7957 
   00635    0.3950   -1403.9224  0.7919 
   00636    0.4725   -1380.8880  0.8094 
   00637    0.4525   -1374.6631  0.7849 
   00638    0.4325   -1379.7622  0.7973 
   00639    0.3925   -1371.0510  0.8043 
   00640    0.4175   -1381.8578  0.7847 
   00641    0.4050   -1388.6944  0.7498 
   00642    0.4200   -1400.2915  0.7626 
   00643    0.4175   -1380.4553  0.7501 
   00644    0.4175   -1396.2207  0.7487 
   00645    0.4250   -1356.6855  0.7397 
   00646    0.4600   -1360.2560  0.7222 
   00647    0.4100   -1376.3163  0.7645 
   00648    0.4175   -1393.8556  0.8090 
   00649    0.4275   -1391.0466  0.7594 
   00650    0.4200   -1399.5885  0.7278 
   00651    0.4275   -1382.8188  0.7371 
   00652    0.4150   -1385.4314  0.7854 
   00653    0.4600   -1390.6223  0.7796 
   00654    0.4100   -1396.6667  0.8021 
   00655    0.4400   -1391.5706  0.7859 
   00656    0.4275   -1389.1359  0.7769 
   00657    0.4200   -1398.6382  0.7623 
   00658    0.4375   -1369.5871  0.7614 
   00659    0.4000   -1370.0271  0.7590 
   00660    0.4300   -1363.5141  0.8078 
   00661    0.4225   -1368.8950  0.7889 
   00662    0.4550   -1372.4498  0.7979 
   00663    0.3650   -1371.5465  0.8093 
   00664    0.4700   -1348.6462  0.7937 
   00665    0.4575   -1368.2385  0.7838 
   00666    0.4250   -1371.7375  0.7280 
   00667    0.4075   -1370.4114  0.7853 
   00668    0.4275   -1393.6129  0.7500 
   00669    0.4200   -1405.3588  0.7754 
   00670    0.3725   -1395.0862  0.7860 
   00671    0.4250   -1413.9818  0.7619 
   00672    0.4050   -1396.0714  0.7725 
   00673    0.4175   -1392.7432  0.8107 
   00674    0.3775   -1386.1287  0.8126 
   00675    0.4350   -1390.4501  0.8107 
   00676    0.3950   -1390.0292  0.7934 
   00677    0.4700   -1386.6685  0.7848 
   00678    0.4225   -1396.6084  0.7326 
   00679    0.3825   -1390.8798  0.7808 
   00680    0.4100   -1392.5171  0.7553 
   00681    0.4375   -1380.5879  0.7497 
   00682    0.3950   -1382.8670  0.7700 
   00683    0.4575   -1372.0363  0.7773 
   00684    0.4225   -1377.2793  0.7876 
   00685    0.3900   -1377.8421  0.7807 
   00686    0.4125   -1371.8445  0.7979 
   00687    0.4700   -1378.6359  0.7896 
   00688    0.3800   -1378.3726  0.7630 
   00689    0.4350   -1381.6801  0.7620 
   00690    0.4250   -1369.1399  0.7479 
   00691    0.4475   -1362.7736  0.7541 
   00692    0.4475   -1372.1941  0.7854 
   00693    0.4400   -1378.7884  0.7602 
   00694    0.3825   -1376.1468  0.7748 
   00695    0.4525   -1375.6819  0.7508 
   00696    0.4400   -1376.4247  0.7618 
   00697    0.4450   -1366.7610  0.7687 
   00698    0.4375   -1356.9124  0.7325 
   00699    0.4200   -1364.5750  0.7373 
   00700    0.4100   -1347.4334  0.7550 
   00701    0.4025   -1360.9884  0.7256 
   00702    0.3925   -1371.5581  0.7398 
   00703    0.4075   -1353.3182  0.7420 
   00704    0.4225   -1371.6667  0.7248 
   00705    0.4625   -1368.7343  0.7392 
   00706    0.3875   -1375.9190  0.7461 
   00707    0.4375   -1385.6372  0.7672 
   00708    0.4075   -1393.8811  0.7648 
   00709    0.4000   -1385.7127  0.7720 
   00710    0.3975   -1375.6102  0.7723 
   00711    0.4675   -1364.5646  0.7794 
   00712    0.4175   -1375.5498  0.7794 
   00713    0.3925   -1371.5300  0.7910 
   00714    0.4400   -1381.5745  0.7326 
   00715    0.4125   -1382.9797  0.7864 
   00716    0.3950   -1393.9502  0.7639 
   00717    0.3775   -1402.2251  0.7513 
   00718    0.3750   -1400.9822  0.7818 
   00719    0.4550   -1388.8360  0.7447 
   00720    0.4000   -1405.9913  0.7581 
   00721    0.4350   -1384.1029  0.7860 
   00722    0.4350   -1385.2375  0.7726 
   00723    0.4575   -1389.2519  0.7522 
   00724    0.4325   -1402.8917  0.7685 
   00725    0.4000   -1401.8420  0.7740 
   00726    0.4325   -1389.2107  0.7743 
   00727    0.4400   -1392.6240  0.7514 
   00728    0.4375   -1384.6231  0.7980 
   00729    0.4375   -1380.8233  0.7365 
   00730    0.4000   -1384.4052  0.7890 
   00731    0.3975   -1392.3727  0.7768 
   00732    0.4100   -1407.9246  0.7741 
   00733    0.4075   -1420.9785  0.7717 
   00734    0.4325   -1406.5570  0.7723 
   00735    0.3750   -1396.5407  0.7862 
   00736    0.3750   -1403.9816  0.7812 
   00737    0.3725   -1425.0603  0.8021 
   00738    0.4100   -1418.9782  0.7924 
   00739    0.4350   -1413.5526  0.7668 
   00740    0.3950   -1403.6454  0.8507 
   00741    0.3775   -1396.4572  0.8286 
   00742    0.4425   -1396.6476  0.7718 
   00743    0.3825   -1413.8140  0.7562 
   00744    0.4375   -1424.7295  0.7902 
   00745    0.4400   -1395.3928  0.7929 
   00746    0.4000   -1401.8907  0.8252 
   00747    0.3900   -1419.5775  0.8114 
   00748    0.4050   -1415.1029  0.7914 
   00749    0.4100   -1402.3799  0.7966 
   00750    0.4275   -1414.0719  0.8133 
   00751    0.3950   -1415.0515  0.7882 
   00752    0.4325   -1410.8110  0.8057 
   00753    0.4300   -1389.4572  0.7856 
   00754    0.3975   -1396.6335  0.7640 
   00755    0.4225   -1375.3367  0.7936 
   00756    0.4225   -1363.4030  0.7532 
   00757    0.4025   -1387.5620  0.7674 
   00758    0.4325   -1388.3922  0.7798 
   00759    0.3950   -1373.4477  0.6977 
   00760    0.4200   -1380.2587  0.7568 
   00761    0.4100   -1392.8808  0.7514 
   00762    0.4425   -1402.4221  0.7775 
   00763    0.4000   -1389.3805  0.7851 
   00764    0.4400   -1393.9375  0.7814 
   00765    0.4175   -1398.3543  0.8223 
   00766    0.4225   -1394.1830  0.7674 
   00767    0.4150   -1393.5562  0.7451 
   00768    0.4325   -1385.8553  0.8109 
   00769    0.4275   -1382.1579  0.7694 
   00770    0.3900   -1401.2091  0.7803 
   00771    0.4400   -1399.2710  0.7523 
   00772    0.4200   -1388.3694  0.7442 
   00773    0.4175   -1403.7285  0.8121 
   00774    0.3850   -1402.9981  0.8117 
   00775    0.4100   -1414.9294  0.7659 
   00776    0.3925   -1408.0247  0.7349 
   00777    0.3975   -1410.5307  0.7907 
   00778    0.4225   -1396.0991  0.7583 
   00779    0.4400   -1400.3693  0.7434 
   00780    0.3900   -1399.3319  0.7825 
   00781    0.4125   -1387.2139  0.7682 
   00782    0.3925   -1387.2880  0.7742 
   00783    0.4225   -1410.6515  0.8094 
   00784    0.4000   -1408.1695  0.7717 
   00785    0.4075   -1410.1094  0.7734 
   00786    0.3850   -1406.7598  0.7646 
   00787    0.4350   -1386.0503  0.7726 
   00788    0.4275   -1386.4763  0.7810 
   00789    0.4475   -1365.3361  0.7541 
   00790    0.4025   -1398.5044  0.7544 
   00791    0.4425   -1394.4996  0.8110 
   00792    0.4275   -1391.6315  0.7651 
   00793    0.4200   -1389.7549  0.7431 
   00794    0.4225   -1375.4365  0.7874 
   00795    0.4425   -1380.3468  0.7879 
   00796    0.3900   -1383.1516  0.7784 
   00797    0.4450   -1375.1773  0.7640 
   00798    0.4225   -1364.6119  0.8173 
   00799    0.4225   -1366.8648  0.7218 
   00800    0.4300   -1376.5212  0.8101 
   00801    0.4550   -1382.8155  0.8004 
   00802    0.4100   -1386.8408  0.7929 
   00803    0.4450   -1408.5124  0.7777 
   00804    0.4200   -1391.8644  0.8261 
   00805    0.4125   -1376.0378  0.7955 
   00806    0.4550   -1387.7073  0.7623 
   00807    0.4525   -1376.6210  0.7869 
   00808    0.3975   -1383.0052  0.7617 
   00809    0.3950   -1372.7531  0.7606 
   00810    0.3775   -1378.2546  0.7926 
   00811    0.4725   -1376.3304  0.7729 
   00812    0.4325   -1385.0221  0.7423 
   00813    0.4400   -1405.5626  0.7569 
   00814    0.3850   -1407.6240  0.7886 
   00815    0.4000   -1413.2318  0.8169 
   00816    0.3775   -1416.0327  0.8497 
   00817    0.4700   -1385.8489  0.8086 
   00818    0.4100   -1393.2310  0.7866 
   00819    0.4025   -1393.9653  0.7916 
   00820    0.3925   -1380.7021  0.7822 
   00821    0.4200   -1377.8167  0.8168 
   00822    0.4175   -1376.6711  0.8273 
   00823    0.4000   -1382.7535  0.8026 
   00824    0.4250   -1396.2002  0.8123 
   00825    0.4425   -1395.7096  0.8168 
   00826    0.4475   -1377.9718  0.7801 
   00827    0.4200   -1386.9775  0.8158 
   00828    0.3875   -1385.9365  0.7535 
   00829    0.4200   -1389.8589  0.7800 
   00830    0.4350   -1383.8484  0.7519 
   00831    0.4100   -1391.6346  0.7333 
   00832    0.4025   -1385.3214  0.7796 
   00833    0.4425   -1393.1095  0.7837 
   00834    0.4275   -1385.4452  0.7197 
   00835    0.4175   -1383.8729  0.7598 
   00836    0.4225   -1381.6409  0.7415 
   00837    0.4125   -1372.3148  0.7377 
   00838    0.3800   -1389.4465  0.7751 
   00839    0.4125   -1389.3941  0.7058 
   00840    0.4000   -1390.8847  0.7456 
   00841    0.4100   -1393.9924  0.7586 
   00842    0.3800   -1406.2008  0.7782 
   00843    0.4325   -1404.0419  0.7859 
   00844    0.4050   -1420.8338  0.7634 
   00845    0.3925   -1405.6393  0.7521 
   00846    0.4350   -1400.0209  0.7330 
   00847    0.4150   -1371.6863  0.7509 
   00848    0.4125   -1369.8427  0.7672 
   00849    0.4550   -1389.5743  0.7441 
   00850    0.4025   -1388.0135  0.7439 
   00851    0.4125   -1398.2521  0.7562 
   00852    0.4650   -1393.4554  0.7486 
   00853    0.4025   -1383.3629  0.7562 
   00854    0.4325   -1386.4919  0.7476 
   00855    0.3550   -1381.0997  0.7958 
   00856    0.4700   -1387.5956  0.7720 
   00857    0.4175   -1395.2775  0.7477 
   00858    0.4200   -1421.7140  0.7642 
   00859    0.4225   -1402.5382  0.7407 
   00860    0.4025   -1395.8185  0.7388 
   00861    0.3875   -1404.0546  0.6949 
   00862    0.3800   -1409.5658  0.7358 
   00863    0.4225   -1396.2225  0.7485 
   00864    0.4125   -1401.8995  0.7403 
   00865    0.4025   -1376.1249  0.7441 
   00866    0.3825   -1388.0417  0.7374 
   00867    0.3550   -1387.2281  0.7822 
   00868    0.4425   -1409.1450  0.7602 
   00869    0.3775   -1405.4392  0.7733 
   00870    0.3975   -1395.4963  0.7927 
   00871    0.3800   -1385.1355  0.7605 
   00872    0.4500   -1400.8724  0.7936 
   00873    0.4125   -1408.8504  0.7634 
   00874    0.3925   -1419.1842  0.7652 
   00875    0.3975   -1410.3103  0.7809 
   00876    0.3975   -1392.3527  0.7838 
   00877    0.4350   -1397.4484  0.7648 
   00878    0.4075   -1385.3175  0.7703 
   00879    0.4575   -1387.6782  0.7489 
   00880    0.4025   -1401.6298  0.7667 
   00881    0.3675   -1402.4489  0.7907 
   00882    0.4375   -1383.0603  0.7392 
   00883    0.4150   -1383.4828  0.7417 
   00884    0.3500   -1394.1901  0.7293 
   00885    0.4225   -1414.1878  0.7893 
   00886    0.4650   -1406.1712  0.7687 
   00887    0.4250   -1391.7383  0.7534 
   00888    0.4550   -1407.5097  0.7579 
   00889    0.4150   -1400.2622  0.7862 
   00890    0.4650   -1377.2057  0.8063 
   00891    0.4200   -1375.4922  0.7574 
   00892    0.3700   -1401.4813  0.7371 
   00893    0.4275   -1409.7576  0.7806 
   00894    0.4050   -1392.7009  0.7591 
   00895    0.4150   -1386.6466  0.7294 
   00896    0.4250   -1387.0218  0.7397 
   00897    0.4075   -1377.2950  0.7696 
   00898    0.4075   -1386.2119  0.7260 
   00899    0.4150   -1385.5277  0.7224 
   00900    0.4275   -1389.7559  0.7620 
   00901    0.4300   -1400.5535  0.7309 
   00902    0.4625   -1413.5347  0.7570 
   00903    0.3725   -1415.8103  0.7814 
   00904    0.3925   -1410.9563  0.7571 
   00905    0.4075   -1391.3275  0.7409 
   00906    0.3850   -1378.9976  0.7413 
   00907    0.3925   -1379.7612  0.7183 
   00908    0.3850   -1365.7517  0.7657 
   00909    0.4400   -1375.1057  0.7395 
   00910    0.4650   -1386.2701  0.7471 
   00911    0.4000   -1371.5605  0.7372 
   00912    0.4850   -1375.4222  0.7211 
   00913    0.4500   -1374.5341  0.7404 
   00914    0.4225   -1379.6361  0.7665 
   00915    0.4075   -1393.9316  0.7337 
   00916    0.4400   -1395.4040  0.7565 
   00917    0.4325   -1401.0432  0.7552 
   00918    0.4250   -1393.6027  0.7534 
   00919    0.4225   -1385.4870  0.7376 
   00920    0.4350   -1389.4830  0.7713 
   00921    0.4700   -1392.5220  0.7813 
   00922    0.4750   -1403.0900  0.7606 
   00923    0.4250   -1406.3614  0.8089 
   00924    0.4100   -1394.2923  0.7953 
   00925    0.4000   -1392.7348  0.7477 
   00926    0.4450   -1388.3915  0.7514 
   00927    0.4100   -1394.4991  0.7583 
   00928    0.4275   -1402.9486  0.7986 
   00929    0.4350   -1395.4969  0.8049 
   00930    0.4150   -1402.5474  0.7746 
   00931    0.3475   -1413.3257  0.8349 
   00932    0.4200   -1424.1617  0.8124 
   00933    0.4525   -1405.0870  0.8143 
   00934    0.4025   -1414.1951  0.7626 
   00935    0.3925   -1410.0098  0.8413 
   00936    0.4225   -1410.5783  0.8120 
   00937    0.4325   -1388.6310  0.7906 
   00938    0.4525   -1397.9545  0.8110 
   00939    0.4350   -1406.2116  0.7938 
   00940    0.4150   -1406.5777  0.8018 
   00941    0.4025   -1406.0004  0.7826 
   00942    0.4050   -1402.1740  0.8009 
   00943    0.4225   -1391.0017  0.7815 
   00944    0.4400   -1403.7713  0.7866 
   00945    0.4650   -1400.5155  0.7599 
   00946    0.3950   -1401.1449  0.8022 
   00947    0.4075   -1393.4412  0.8507 
   00948    0.4175   -1377.3346  0.8622 
   00949    0.4575   -1389.3408  0.8016 
   00950    0.4000   -1388.5364  0.8699 
   00951    0.4125   -1405.9171  0.8195 
   00952    0.3875   -1400.2338  0.8596 
   00953    0.4425   -1410.1416  0.8692 
   00954    0.4075   -1411.7045  0.8501 
   00955    0.4075   -1403.6509  0.8400 
   00956    0.4225   -1413.5069  0.8666 
   00957    0.4200   -1412.7376  0.8236 
   00958    0.3975   -1411.4438  0.8678 
   00959    0.4625   -1424.2178  0.8768 
   00960    0.4000   -1417.7526  0.8619 
   00961    0.3750   -1421.4037  0.8718 
   00962    0.4050   -1415.9424  0.8855 
   00963    0.4375   -1418.8185  0.8439 
   00964    0.4350   -1404.7351  0.8698 
   00965    0.4075   -1404.8332  0.8743 
   00966    0.4000   -1412.9146  0.8271 
   00967    0.4425   -1409.0610  0.8088 
   00968    0.4150   -1410.8300  0.8719 
   00969    0.3850   -1414.9955  0.8447 
   00970    0.4175   -1406.0598  0.8664 
   00971    0.3975   -1409.7649  0.8433 
   00972    0.4050   -1392.7179  0.8734 
   00973    0.4500   -1396.9282  0.8668 
   00974    0.4150   -1408.8428  0.8749 
   00975    0.3925   -1389.2721  0.8489 
   00976    0.4000   -1420.8219  0.8680 
   00977    0.4250   -1424.4830  0.7963 
   00978    0.4250   -1427.5504  0.8368 
   00979    0.4000   -1421.1194  0.8402 
   00980    0.4100   -1409.3271  0.8037 
   00981    0.4700   -1405.9754  0.8625 
   00982    0.3800   -1410.6545  0.8593 
   00983    0.4825   -1383.4592  0.8426 
   00984    0.3475   -1387.4833  0.8330 
   00985    0.4100   -1389.7665  0.8267 
   00986    0.3850   -1371.4714  0.7724 
   00987    0.4050   -1370.6550  0.8357 
   00988    0.4200   -1369.4608  0.7375 
   00989    0.4225   -1366.5043  0.8124 
   00990    0.4275   -1374.9354  0.8352 
   00991    0.4125   -1365.8995  0.8262 
   00992    0.4625   -1390.4867  0.8366 
   00993    0.3900   -1396.8481  0.8210 
   00994    0.4250   -1377.5690  0.8356 
   00995    0.4325   -1379.0643  0.8241 
   00996    0.4625   -1403.3745  0.8018 
   00997    0.4300   -1411.7828  0.8334 
   00998    0.3825   -1398.6953  0.8344 
   00999    0.4050   -1397.6064  0.8267 
   01000    0.4275   -1408.6277  0.8425 
