#=====================================================
# File created:        Tue-04-Nov-2025-at-06-46-04AM
# Size of lattice:     20x20
# Number of MC steps:  1000
# Reduced temperature: 0.100
# Run time (s):        0.355788
#=====================================================
# MC step:  Ratio:     Energy:   Order:
#=====================================================
   00000    0.5000    -367.5491  0.2548 
   00001    0.6325    -466.8178  0.2582 
   00002    0.6400    -562.6544  0.2756 
   00003    0.6250    -671.4431  0.2798 
   00004    0.6100    -747.7083  0.2986 
   00005    0.5850    -823.3611  0.2632 
   00006    0.6075    -885.2437  0.2722 
   00007    0.6050    -939.8084  0.3065 
   00008    0.5700    -973.5826  0.3074 
   00009    0.5725   -1021.4611  0.2889 
   00010    0.5675   -1048.2050  0.2852 
   00011    0.5025   -1070.6513  0.2857 
   00012    0.5400   -1097.0207  0.3045 
   00013    0.5875   -1136.3925  0.3224 
   00014    0.5150   -1169.4194  0.2923 
   00015    0.5350   -1198.4704  0.2718 
   00016    0.5775   -1230.6315  0.3084 
   00017    0.5600   -1252.3766  0.3296 
   00018    0.5150   -1269.5110  0.3500 
   00019    0.5050   -1283.9466  0.3217 
   00020    0.5125   -1296.6809  0.3341 
   00021    0.5525   -1307.6281  0.3459 
   00022    0.5725   -1323.2814  0.3190 
   00023    0.5000   -1334.8172  0.3454 
   00024    0.5500   -1344.2463  0.3461 
   00025    0.5050   -1354.0634  0.3633 
   00026    0.5000   -1359.8205  0.3404 
   00027    0.5050   -1370.4890  0.3652 
   00028    0.4825   -1373.5020  0.3309 
   00029    0.5050   -1376.0143  0.3534 
   00030    0.5050   -1378.8609  0.3181 
   00031    0.5275   -1381.9514  0.3754 
   00032    0.5225   -1386.7117  0.3509 
   00033    0.5125   -1392.2808  0.3795 
   00034    0.4850   -1396.1060  0.3719 
   00035    0.5150   -1399.8442  0.3752 
   00036    0.5075   -1403.3076  0.3879 
   00037    0.4775   -1407.1746  0.3861 
   00038    0.5250   -1411.3407  0.3837 
   00039    0.4700   -1411.1785  0.3347 
   00040    0.5400   -1413.5631  0.4025 
   00041    0.4750   -1417.9188  0.3946 
   00042    0.5275   -1421.9908  0.3496 
   00043    0.4775   -1420.2445  0.3901 
   00044    0.5250   -1425.0362  0.4017 
   00045    0.4975   -1429.8353  0.3354 
   00046    0.4950   -1430.1040  0.4283 
   00047    0.4750   -1431.0153  0.4054 
   00048    0.4350   -1433.1856  0.3797 
   00049    0.5575   -1434.1461  0.3832 
   00050    0.5425   -1432.1859  0.3623 
   00051    0.5325   -1429.7257  0.3693 
   00052    0.4950   -1432.1164  0.3707 
   00053    0.5350   -1431.8075  0.3467 
   00054    0.4950   -1435.6972  0.3916 
   00055    0.4925   -1440.3710  0.3581 
   00056    0.4750   -1440.6530  0.3667 
   00057    0.4975   -1443.0993  0.3571 
   00058    0.4725   -1447.3368  0.3993 
   00059    0.4725   -1447.5920  0.4008 
   00060    0.4725   -1448.0566  0.3200 
   00061    0.4775   -1446.1381  0.3782 
   00062    0.5450   -1448.3095  0.3968 
   00063    0.4550   -1452.8728  0.3441 
   00064    0.4550   -1455.3183  0.4223 
   00065    0.4500   -1455.3267  0.4324 
   00066    0.4675   -1455.7231  0.3514 
   00067    0.4825   -1455.1663  0.4538 
   00068    0.4850   -1456.4837  0.4094 
   00069    0.4850   -1456.3181  0.4063 
   00070    0.5250   -1456.9143  0.4734 
   00071    0.5200   -1459.1875  0.4128 
   00072    0.4825   -1459.5550  0.4281 
   00073    0.5475   -1460.5838  0.4381 
   00074    0.4725   -1459.4418  0.4148 
   00075    0.5300   -1460.9102  0.4186 
   00076    0.5075   -1466.9959  0.4896 
   00077    0.4325   -1469.4351  0.4115 
   00078    0.4900   -1470.5316  0.4341 
   00079    0.5150   -1467.3712  0.4601 
   00080    0.5300   -1468.5774  0.4362 
   00081    0.4525   -1470.3194  0.4398 
   00082    0.4775   -1471.2227  0.4766 
   00083    0.5275   -1471.9824  0.4509 
   00084    0.5200   -1469.3899  0.4499 
   00085    0.5125   -1473.5138  0.4624 
   00086    0.4700   -1477.4689  0.4485 
   00087    0.4875   -1478.2482  0.4367 
   00088    0.5150   -1472.3648  0.4786 
   00089    0.4725   -1476.1607  0.4311 
   00090    0.4750   -1478.1580  0.4841 
   00091    0.4950   -1480.6692  0.4453 
   00092    0.4850   -1482.5498  0.4364 
   00093    0.4725   -1485.3348  0.4699 
   00094    0.5025   -1483.9369  0.4936 
   00095    0.5000   -1488.2846  0.4755 
   00096    0.4725   -1484.8419  0.4358 
   00097    0.4625   -1482.6280  0.4652 
   00098    0.4900   -1480.8935  0.4254 
   00099    0.4525   -1479.6404  0.4144 
   00100    0.4975   -1479.6220  0.4817 
   00101    0.4925   -1482.5371  0.4889 
   00102    0.4800   -1479.4391  0.4261 
   00103    0.5050   -1482.4496  0.4559 
   00104    0.5100   -1480.0375  0.4594 
   00105    0.4800   -1477.1046  0.4251 
   00106    0.4900   -1476.3312  0.4767 
   00107    0.4450   -1477.9075  0.4499 
   00108    0.5200   -1477.0293  0.4460 
   00109    0.4875   -1481.8024  0.4571 
   00110    0.4925   -1483.8272  0.4144 
   00111    0.5200   -1481.4746  0.4157 
   00112    0.4450   -1485.1607  0.4461 
   00113    0.5225   -1481.9330  0.4425 
   00114    0.4625   -1485.0745  0.4077 
   00115    0.4675   -1484.1219  0.4810 
   00116    0.4775   -1481.4418  0.4793 
   00117    0.4600   -1485.1085  0.4279 
   00118    0.4775   -1484.0042  0.4603 
   00119    0.5125   -1484.6420  0.4338 
   00120    0.4950   -1485.0091  0.3978 
   00121    0.5300   -1484.7365  0.4228 
   00122    0.5350   -1483.7543  0.4385 
   00123    0.5175   -1484.4265  0.4958 
   00124    0.5225   -1484.6789  0.5062 
   00125    0.4575   -1486.0157  0.4636 
   00126    0.5325   -1485.4941  0.5145 
   00127    0.4775   -1487.3335  0.5289 
   00128    0.4850   -1487.0094  0.5028 
   00129    0.5275   -1484.7028  0.4934 
   00130    0.4675   -1481.1190  0.5173 
   00131    0.5000   -1482.4834  0.5117 
   00132    0.4975   -1485.6874  0.5270 
   00133    0.5075   -1484.8808  0.5430 
   00134    0.5100   -1483.7906  0.5214 
   00135    0.4850   -1484.8073  0.5261 
   00136    0.4475   -1487.2963  0.5371 
   00137    0.5350   -1487.2237  0.5192 
   00138    0.4725   -1489.2860  0.5325 
   00139    0.4525   -1489.2872  0.5397 
   00140    0.5300   -1490.4311  0.4845 
   00141    0.5075   -1489.7879  0.4913 
   00142    0.4775   -1492.2176  0.5285 
   00143    0.4700   -1489.7217  0.5220 
   00144    0.4550   -1490.4121  0.4953 
   00145    0.5125   -1489.1667  0.4960 
   00146    0.4775   -1489.7859  0.5128 
   00147    0.4450   -1494.2227  0.4343 
   00148    0.4175   -1497.3361  0.5461 
   00149    0.4725   -1495.3462  0.5221 
   00150    0.4925   -1496.9421  0.4892 
   00151    0.4775   -1495.8445  0.5091 
   00152    0.4900   -1495.0976  0.4917 
   00153    0.4900   -1496.6894  0.5150 
   00154    0.5300   -1499.7746  0.5128 
   00155    0.4625   -1502.0741  0.4883 
   00156    0.5400   -1505.0817  0.5186 
   00157    0.4275   -1502.8321  0.5025 
   00158    0.5050   -1502.7971  0.5200 
   00159    0.4950   -1500.2880  0.5081 
   00160    0.5125   -1501.7641  0.4636 
   00161    0.5175   -1502.2124  0.5221 
   00162    0.5175   -1500.8997  0.5053 
   00163    0.4850   -1498.6612  0.4999 
   00164    0.5000   -1502.1674  0.5084 
   00165    0.5075   -1501.9690  0.5260 
   00166    0.5200   -1497.8635  0.5468 
   00167    0.4750   -1501.3794  0.5063 
   00168    0.4850   -1503.3828  0.5491 
   00169    0.4800   -1504.5109  0.5697 
   00170    0.4825   -1501.9138  0.5388 
   00171    0.4875   -1500.3250  0.5961 
   00172    0.4575   -1498.6922  0.6027 
   00173    0.4750   -1502.6774  0.5682 
   00174    0.5025   -1499.2725  0.5818 
   00175    0.4600   -1504.3574  0.5956 
   00176    0.4500   -1504.2448  0.5451 
   00177    0.5100   -1504.1135  0.5834 
   00178    0.4575   -1501.8032  0.5802 
   00179    0.5225   -1498.0603  0.5831 
   00180    0.4975   -1498.3910  0.5892 
   00181    0.4950   -1497.6659  0.5909 
   00182    0.4350   -1496.9700  0.5586 
   00183    0.5000   -1496.6358  0.5947 
   00184    0.4800   -1499.2960  0.5622 
   00185    0.4750   -1499.1614  0.5998 
   00186    0.4950   -1499.5818  0.5773 
   00187    0.5050   -1505.3048  0.5888 
   00188    0.5225   -1504.2865  0.5692 
   00189    0.5000   -1503.1595  0.5878 
   00190    0.5025   -1500.6819  0.5905 
   00191    0.4975   -1501.3187  0.5479 
   00192    0.4975   -1500.7099  0.5935 
   00193    0.5050   -1498.7004  0.5843 
   00194    0.4925   -1502.8919  0.5541 
   00195    0.5125   -1504.1544  0.5791 
   00196    0.5175   -1500.3409  0.5737 
   00197    0.4750   -1498.6245  0.5717 
   00198    0.4850   -1498.2126  0.5727 
   00199    0.4025   -1498.0592  0.5774 
   00200    0.4550   -1499.4209  0.5565 
   00201    0.5175   -1498.7961  0.5898 
   00202    0.5000   -1497.3194  0.5860 
   00203    0.5125   -1498.2347  0.5500 
   00204    0.4775   -1499.7618  0.5866 
   00205    0.4575   -1497.0739  0.5334 
   00206    0.4875   -1497.6316  0.5624 
   00207    0.5000   -1498.4916  0.5805 
   00208    0.5050   -1500.3385  0.5842 
   00209    0.5250   -1501.0166  0.5543 
   00210    0.4350   -1503.6761  0.5692 
   00211    0.4750   -1504.6539  0.5765 
   00212    0.4350   -1498.5601  0.5351 
   00213    0.4575   -1498.7677  0.5959 
   00214    0.5100   -1502.2896  0.5827 
   00215    0.4900   -1500.0595  0.5640 
   00216    0.4525   -1501.8278  0.5857 
   00217    0.4950   -1505.1452  0.5833 
   00218    0.4975   -1506.3726  0.5776 
   00219    0.4675   -1506.1078  0.5909 
   00220    0.4775   -1502.6674  0.5061 
   00221    0.4475   -1506.8202  0.5719 
   00222    0.4600   -1505.2513  0.5795 
   00223    0.4300   -1506.3354  0.6016 
   00224    0.5125   -1505.0690  0.5752 
   00225    0.4725   -1505.0306  0.5933 
   00226    0.4925   -1504.9556  0.4878 
   00227    0.4525   -1504.5970  0.5676 
   00228    0.4200   -1504.9454  0.5904 
   00229    0.4850   -1501.6398  0.5403 
   00230    0.4925   -1498.0740  0.5856 
   00231    0.4850   -1502.2655  0.5969 
   00232    0.4675   -1501.4733  0.5356 
   00233    0.4600   -1499.8007  0.5888 
   00234    0.4675   -1502.1358  0.5926 
   00235    0.4900   -1500.8870  0.5981 
   00236    0.4550   -1503.5838  0.5973 
   00237    0.4625   -1504.2198  0.5797 
   00238    0.4375   -1506.6519  0.6095 
   00239    0.4550   -1503.4264  0.5796 
   00240    0.5200   -1503.3154  0.5834 
   00241    0.5175   -1500.2777  0.5339 
   00242    0.5050   -1504.4600  0.5647 
   00243    0.4925   -1507.3235  0.5935 
   00244    0.4850   -1507.7599  0.5088 
   00245    0.4925   -1506.1805  0.5778 
   00246    0.5050   -1505.0315  0.5980 
   00247    0.5125   -1507.5193  0.5595 
   00248    0.5025   -1507.8627  0.5728 
   00249    0.4850   -1508.8290  0.6127 
   00250    0.4700   -1508.5678  0.5012 
   00251    0.5150   -1505.4776  0.6115 
   00252    0.4450   -1503.5355  0.5301 
   00253    0.4975   -1501.8539  0.5542 
   00254    0.5000   -1506.9816  0.5474 
   00255    0.4950   -1505.2173  0.5637 
   00256    0.4875   -1506.1060  0.5271 
   00257    0.4950   -1511.4420  0.5234 
   00258    0.5050   -1507.3880  0.5581 
   00259    0.4800   -1507.6398  0.4652 
   00260    0.4675   -1509.7150  0.5345 
   00261    0.4950   -1506.0571  0.5613 
   00262    0.4850   -1503.5381  0.4747 
   00263    0.5050   -1504.5869  0.5592 
   00264    0.4950   -1506.0528  0.5206 
   00265    0.4775   -1502.6139  0.4637 
   00266    0.4800   -1497.8059  0.5691 
   00267    0.4950   -1500.9528  0.5482 
   00268    0.5075   -1503.6507  0.5415 
   00269    0.4800   -1504.3437  0.5715 
   00270    0.5100   -1506.4371  0.5342 
   00271    0.4775   -1505.9744  0.5593 
   00272    0.4750   -1505.1771  0.5134 
   00273    0.4750   -1501.6776  0.5232 
   00274    0.4150   -1503.7297  0.5561 
   00275    0.4650   -1501.1664  0.5781 
   00276    0.4825   -1503.1195  0.5574 
   00277    0.4950   -1508.0976  0.4845 
   00278    0.4925   -1507.6689  0.5398 
   00279    0.4500   -1507.4986  0.5426 
   00280    0.5025   -1506.6671  0.5038 
   00281    0.5275   -1508.5591  0.5376 
   00282    0.4550   -1507.1438  0.5961 
   00283    0.4950   -1506.3544  0.5257 
   00284    0.5375   -1507.0688  0.5491 
   00285    0.5450   -1510.5724  0.5912 
   00286    0.4875   -1506.5523  0.5618 
   00287    0.5150   -1505.0769  0.5977 
   00288    0.5025   -1509.0350  0.6063 
   00289    0.4975   -1507.2517  0.5808 
   00290    0.4750   -1509.5316  0.5986 
   00291    0.4825   -1507.2222  0.6065 
   00292    0.5000   -1507.1332  0.5858 
   00293    0.4525   -1507.8826  0.5999 
   00294    0.4775   -1505.3034  0.6068 
   00295    0.4625   -1503.4714  0.5927 
   00296    0.5000   -1504.3035  0.5782 
   00297    0.4475   -1503.4705  0.6047 
   00298    0.5275   -1508.5191  0.6516 
   00299    0.4600   -1505.9049  0.6150 
   00300    0.4875   -1502.1343  0.6003 
   00301    0.5025   -1503.5563  0.5428 
   00302    0.4700   -1505.7385  0.5866 
   00303    0.4700   -1507.9403  0.6204 
   00304    0.5025   -1508.5258  0.5808 
   00305    0.4900   -1506.9735  0.5923 
   00306    0.4700   -1506.3846  0.6030 
   00307    0.5025   -1502.7022  0.5684 
   00308    0.4825   -1505.5309  0.5993 
   00309    0.4700   -1504.9865  0.6200 
   00310    0.4600   -1505.7325  0.5385 
   00311    0.4900   -1507.2147  0.6023 
   00312    0.4725   -1508.5080  0.6159 
   00313    0.4600   -1508.8170  0.6195 
   00314    0.4550   -1506.5364  0.5834 
   00315    0.4400   -1505.7780  0.6319 
   00316    0.4425   -1509.9993  0.6185 
   00317    0.4700   -1504.8540  0.6097 
   00318    0.4625   -1504.0301  0.6199 
   00319    0.5075   -1507.0181  0.5551 
   00320    0.4550   -1510.0749  0.5903 
   00321    0.5150   -1509.6034  0.5924 
   00322    0.4600   -1510.0709  0.6495 
   00323    0.5225   -1510.4088  0.6276 
   00324    0.4500   -1509.0906  0.6237 
   00325    0.5075   -1509.1041  0.6524 
   00326    0.4725   -1508.0565  0.6271 
   00327    0.5250   -1505.1569  0.6143 
   00328    0.5200   -1505.4761  0.6585 
   00329    0.4625   -1509.3123  0.6328 
   00330    0.4725   -1506.2019  0.6371 
   00331    0.5175   -1505.7190  0.5624 
   00332    0.4850   -1504.8287  0.6065 
   00333    0.4975   -1504.4845  0.6250 
   00334    0.4475   -1505.1289  0.6778 
   00335    0.4900   -1503.8488  0.6111 
   00336    0.4950   -1502.3431  0.6247 
   00337    0.4625   -1501.2390  0.6082 
   00338    0.5350   -1498.2301  0.6127 
   00339    0.4550   -1500.5235  0.6344 
   00340    0.5325   -1501.6359  0.6378 
   00341    0.4975   -1507.0596  0.6156 
   00342    0.4700   -1507.9090  0.6511 
   00343    0.4900   -1507.2580  0.6478 
   00344    0.5175   -1505.2753  0.5980 
   00345    0.5000   -1507.4584  0.6376 
   00346    0.5025   -1505.0259  0.6423 
   00347    0.4600   -1504.3944  0.5979 
   00348    0.5325   -1506.1674  0.6437 
   00349    0.5075   -1506.2017  0.6401 
   00350    0.4475   -1503.1459  0.6237 
   00351    0.4800   -1505.7535  0.6545 
   00352    0.5050   -1506.8836  0.6930 
   00353    0.4775   -1509.3664  0.6826 
   00354    0.4750   -1508.3952  0.7092 
   00355    0.5200   -1506.3840  0.7075 
   00356    0.4525   -1508.1763  0.6452 
   00357    0.4750   -1509.6882  0.6722 
   00358    0.4875   -1507.2289  0.6399 
   00359    0.5000   -1508.5472  0.6049 
   00360    0.5000   -1508.8393  0.6667 
   00361    0.4625   -1510.0619  0.6037 
   00362    0.4650   -1504.3200  0.6390 
   00363    0.5075   -1505.9268  0.6362 
   00364    0.4725   -1504.3010  0.6482 
   00365    0.5025   -1501.7004  0.6260 
   00366    0.5300   -1498.5986  0.6381 
   00367    0.4775   -1503.6632  0.6472 
   00368    0.4725   -1505.2270  0.6302 
   00369    0.5175   -1507.7374  0.6213 
   00370    0.4875   -1503.5001  0.6612 
   00371    0.4925   -1507.7471  0.6713 
   00372    0.4575   -1509.0541  0.6118 
   00373    0.4525   -1505.4609  0.6033 
   00374    0.4725   -1508.2559  0.6077 
   00375    0.4600   -1507.6095  0.6294 
   00376    0.4600   -1506.4870  0.6154 
   00377    0.4975   -1505.5327  0.6476 
   00378    0.4975   -1508.7929  0.6040 
   00379    0.5075   -1511.0414  0.6533 
   00380    0.4750   -1512.7545  0.6269 
   00381    0.4975   -1507.9699  0.6165 
   00382    0.4850   -1507.9015  0.6312 
   00383    0.4500   -1506.8391  0.6823 
   00384    0.5225   -1505.6219  0.6510 
   00385    0.4775   -1506.9422  0.6537 
   00386    0.5025   -1509.7921  0.6060 
   00387    0.5025   -1507.5980  0.5931 
   00388    0.4675   -1508.5740  0.6462 
   00389    0.4700   -1512.1237  0.6200 
   00390    0.4575   -1515.0581  0.6718 
   00391    0.4500   -1515.7178  0.6430 
   00392    0.5075   -1512.7639  0.6285 
   00393    0.4675   -1514.3875  0.6502 
   00394    0.5100   -1514.4160  0.6400 
   00395    0.4700   -1513.3871  0.6700 
   00396    0.4575   -1512.7203  0.6516 
   00397    0.4975   -1509.9750  0.6933 
   00398    0.4575   -1513.0895  0.6089 
   00399    0.5200   -1513.8086  0.6751 
   00400    0.4725   -1513.1902  0.7142 
   00401    0.4875   -1514.8262  0.6647 
   00402    0.5050   -1517.4480  0.6840 
   00403    0.4950   -1518.0979  0.7136 
   00404    0.4775   -1522.0682  0.6749 
   00405    0.4975   -1521.7587  0.6957 
   00406    0.5100   -1525.5798  0.7080 
   00407    0.4900   -1526.0639  0.6999 
   00408    0.5000   -1522.7091  0.7069 
   00409    0.4925   -1524.9351  0.7174 
   00410    0.4750   -1529.5845  0.6825 
   00411    0.4600   -1529.2202  0.7194 
   00412    0.4725   -1531.3304  0.7566 
   00413    0.4375   -1528.5077  0.6662 
   00414    0.4900   -1524.0322  0.7077 
   00415    0.4550   -1524.7349  0.6466 
   00416    0.4875   -1529.2151  0.6683 
   00417    0.4775   -1526.3390  0.7022 
   00418    0.5225   -1526.2000  0.7100 
   00419    0.4975   -1527.1359  0.6818 
   00420    0.4850   -1527.4468  0.7006 
   00421    0.5100   -1528.5016  0.7573 
   00422    0.4975   -1524.3217  0.6991 
   00423    0.4650   -1527.6319  0.7193 
   00424    0.4975   -1527.1270  0.7725 
   00425    0.5025   -1528.4812  0.6497 
   00426    0.4575   -1523.9382  0.6920 
   00427    0.4775   -1524.4204  0.7690 
   00428    0.4600   -1526.8187  0.6675 
   00429    0.4975   -1527.8516  0.6951 
   00430    0.4425   -1529.5387  0.7253 
   00431    0.4550   -1526.5596  0.6985 
   00432    0.4550   -1524.3753  0.7059 
   00433    0.4450   -1525.3015  0.7399 
   00434    0.4650   -1522.6142  0.6719 
   00435    0.4950   -1525.7958  0.7057 
   00436    0.4550   -1526.9942  0.7627 
   00437    0.5025   -1522.2631  0.6941 
   00438    0.4475   -1520.3779  0.7062 
   00439    0.4500   -1524.9092  0.7341 
   00440    0.5475   -1526.6014  0.6718 
   00441    0.5025   -1530.5648  0.7300 
   00442    0.5050   -1526.4138  0.7419 
   00443    0.4325   -1529.0871  0.7314 
   00444    0.4600   -1530.0301  0.7675 
   00445    0.5075   -1529.1929  0.7584 
   00446    0.4250   -1530.6709  0.7417 
   00447    0.4800   -1534.7086  0.7583 
   00448    0.5300   -1534.3390  0.7889 
   00449    0.5000   -1531.0105  0.7531 
   00450    0.5200   -1528.7644  0.7370 
   00451    0.4725   -1531.6712  0.7782 
   00452    0.4525   -1532.2155  0.7252 
   00453    0.4925   -1534.1118  0.7658 
   00454    0.4425   -1531.3029  0.7533 
   00455    0.4700   -1532.6879  0.7959 
   00456    0.4325   -1532.7994  0.7428 
   00457    0.5250   -1532.2528  0.7049 
   00458    0.5225   -1535.0490  0.7047 
   00459    0.4725   -1532.7110  0.7550 
   00460    0.4800   -1534.0140  0.7461 
   00461    0.4500   -1535.5706  0.7837 
   00462    0.4350   -1535.1311  0.7748 
   00463    0.4950   -1533.4977  0.7710 
   00464    0.4350   -1532.6778  0.7937 
   00465    0.4900   -1532.4523  0.7977 
   00466    0.4725   -1531.7597  0.8284 
   00467    0.5000   -1531.6044  0.7725 
   00468    0.4925   -1529.8572  0.7702 
   00469    0.4800   -1529.9004  0.7576 
   00470    0.4725   -1531.8369  0.7742 
   00471    0.4525   -1532.2353  0.7772 
   00472    0.5050   -1535.0960  0.7917 
   00473    0.4550   -1536.8955  0.7804 
   00474    0.4550   -1536.1020  0.7887 
   00475    0.5250   -1536.3298  0.8008 
   00476    0.4875   -1537.5467  0.8357 
   00477    0.4675   -1530.6803  0.7655 
   00478    0.4525   -1528.5132  0.7767 
   00479    0.5100   -1532.3915  0.7926 
   00480    0.4875   -1530.0698  0.7767 
   00481    0.4825   -1532.9097  0.7894 
   00482    0.4950   -1530.5940  0.7787 
   00483    0.4900   -1533.5373  0.7761 
   00484    0.4850   -1532.6475  0.7666 
   00485    0.4725   -1532.7713  0.8400 
   00486    0.4575   -1534.1990  0.7819 
   00487    0.4750   -1532.5533  0.7740 
   00488    0.4600   -1530.9966  0.8010 
   00489    0.4875   -1530.7871  0.7889 
   00490    0.5175   -1531.8663  0.7172 
   00491    0.5000   -1531.3591  0.7687 
   00492    0.4600   -1529.9177  0.7714 
   00493    0.4950   -1530.3328  0.7802 
   00494    0.4550   -1531.7598  0.7575 
   00495    0.5275   -1529.2262  0.7969 
   00496    0.4625   -1528.3197  0.8189 
   00497    0.4650   -1528.1296  0.8260 
   00498    0.4550   -1532.2052  0.8157 
   00499    0.5000   -1538.1435  0.7830 
   00500    0.4300   -1536.0187  0.8150 
   00501    0.4775   -1538.9585  0.7960 
   00502    0.4625   -1538.4884  0.8168 
   00503    0.4750   -1540.4814  0.7445 
   00504    0.4650   -1539.9402  0.7959 
   00505    0.4850   -1539.6304  0.7557 
   00506    0.4475   -1542.6731  0.7687 
   00507    0.4825   -1543.0710  0.7992 
   00508    0.4825   -1540.7305  0.7414 
   00509    0.4425   -1540.1050  0.7963 
   00510    0.4325   -1540.0286  0.7733 
   00511    0.4775   -1541.9433  0.8145 
   00512    0.4600   -1546.9833  0.7997 
   00513    0.4375   -1548.0673  0.8456 
   00514    0.4400   -1549.1596  0.8905 
   00515    0.4825   -1550.5262  0.8387 
   00516    0.4900   -1543.5912  0.8440 
   00517    0.4950   -1546.8381  0.8392 
   00518    0.4575   -1547.8227  0.8496 
   00519    0.4475   -1549.8467  0.8407 
   00520    0.4925   -1553.2011  0.8618 
   00521    0.5075   -1552.8962  0.8527 
   00522    0.4775   -1554.7968  0.8521 
   00523    0.4825   -1554.1132  0.8850 
   00524    0.4950   -1555.1675  0.8670 
   00525    0.4750   -1554.6602  0.8642 
   00526    0.4750   -1554.5614  0.8475 
   00527    0.5050   -1554.8323  0.8565 
   00528    0.5200   -1552.5318  0.8379 
   00529    0.4650   -1550.4917  0.8484 
   00530    0.4775   -1551.7105  0.8382 
   00531    0.4975   -1550.0997  0.8446 
   00532    0.4675   -1553.4895  0.8800 
   00533    0.4600   -1554.1204  0.8874 
   00534    0.4525   -1555.0188  0.8480 
   00535    0.5025   -1555.3971  0.8877 
   00536    0.4875   -1551.5630  0.8779 
   00537    0.4600   -1552.8222  0.8488 
   00538    0.5075   -1551.9505  0.8937 
   00539    0.4800   -1549.5791  0.8190 
   00540    0.4925   -1552.0478  0.8629 
   00541    0.4900   -1554.7527  0.8622 
   00542    0.4600   -1558.5876  0.8479 
   00543    0.4850   -1559.0098  0.8547 
   00544    0.4750   -1556.5082  0.8689 
   00545    0.4625   -1554.5525  0.8759 
   00546    0.5075   -1554.8828  0.8841 
   00547    0.4600   -1553.6378  0.9178 
   00548    0.4875   -1553.8051  0.9058 
   00549    0.4825   -1553.6021  0.9174 
   00550    0.4675   -1556.7084  0.8956 
   00551    0.4550   -1554.6523  0.9118 
   00552    0.4475   -1555.4862  0.8987 
   00553    0.4375   -1554.5541  0.8909 
   00554    0.4875   -1553.8146  0.8962 
   00555    0.4550   -1556.2350  0.8976 
   00556    0.4800   -1553.0503  0.8901 
   00557    0.4625   -1552.4433  0.9058 
   00558    0.4525   -1550.7147  0.9014 
   00559    0.4800   -1555.1391  0.8922 
   00560    0.5000   -1553.7811  0.9003 
   00561    0.5275   -1556.9091  0.9078 
   00562    0.4975   -1558.2859  0.9073 
   00563    0.5050   -1560.0712  0.9189 
   00564    0.4500   -1558.6331  0.9047 
   00565    0.4450   -1559.5156  0.8007 
   00566    0.4925   -1556.6818  0.8896 
   00567    0.4850   -1555.6446  0.8644 
   00568    0.4325   -1552.8528  0.8321 
   00569    0.4800   -1553.5673  0.8479 
   00570    0.5100   -1555.2748  0.8679 
   00571    0.4400   -1553.1837  0.8324 
   00572    0.4675   -1553.2793  0.9119 
   00573    0.4900   -1550.8059  0.8196 
   00574    0.4875   -1552.0387  0.8649 
   00575    0.4925   -1554.3262  0.8117 
   00576    0.5200   -1553.8464  0.8766 
   00577    0.4975   -1551.9584  0.8511 
   00578    0.5000   -1557.4138  0.8688 
   00579    0.4200   -1556.3487  0.8882 
   00580    0.4900   -1558.6423  0.8191 
   00581    0.5275   -1553.8823  0.8412 
   00582    0.4600   -1557.4966  0.8789 
   00583    0.4900   -1552.2503  0.9119 
   00584    0.4625   -1551.4804  0.8819 
   00585    0.4250   -1548.8159  0.8488 
   00586    0.4625   -1553.6563  0.9253 
   00587    0.4425   -1556.0853  0.8538 
   00588    0.4550   -1559.2556  0.8754 
   00589    0.4725   -1563.6902  0.8401 
   00590    0.4825   -1561.9843  0.8573 
   00591    0.4775   -1557.4251  0.8864 
   00592    0.4700   -1557.0903  0.8997 
   00593    0.4925   -1552.1206  0.8343 
   00594    0.4850   -1553.5878  0.8627 
   00595    0.4400   -1556.6597  0.8427 
   00596    0.4575   -1555.9783  0.8972 
   00597    0.5300   -1554.8976  0.8670 
   00598    0.4700   -1550.9092  0.8747 
   00599    0.4800   -1557.4637  0.8596 
   00600    0.4800   -1559.4401  0.8569 
   00601    0.4300   -1560.3934  0.8555 
   00602    0.4625   -1557.6625  0.8817 
   00603    0.5175   -1555.6464  0.8678 
   00604    0.4500   -1559.6592  0.9364 
   00605    0.4575   -1561.1173  0.8925 
   00606    0.4600   -1562.6024  0.8983 
   00607    0.5075   -1563.9945  0.9390 
   00608    0.4550   -1559.4545  0.8954 
   00609    0.4750   -1557.6337  0.9004 
   00610    0.4525   -1558.4462  0.9413 
   00611    0.5050   -1555.8105  0.8530 
   00612    0.4850   -1557.4589  0.8950 
   00613    0.4850   -1556.6855  0.8655 
   00614    0.5000   -1555.1172  0.8455 
   00615    0.5025   -1553.6198  0.8530 
   00616    0.5075   -1555.3451  0.8908 
   00617    0.4475   -1559.4187  0.8412 
   00618    0.4975   -1558.0782  0.9233 
   00619    0.4900   -1556.1108  0.9436 
   00620    0.4700   -1557.0279  0.9053 
   00621    0.4675   -1562.1230  0.9407 
   00622    0.4350   -1561.7264  0.8834 
   00623    0.4975   -1560.6704  0.8757 
   00624    0.4875   -1560.4142  0.8869 
   00625    0.4275   -1562.5467  0.8806 
   00626    0.5225   -1559.1786  0.8936 
   00627    0.5000   -1554.4699  0.8543 
   00628    0.5050   -1557.3567  0.8133 
   00629    0.4850   -1556.0035  0.8660 
   00630    0.4750   -1559.0879  0.8732 
   00631    0.4800   -1556.9725  0.8544 
   00632    0.5175   -1562.9153  0.8683 
   00633    0.4950   -1560.1275  0.8516 
   00634    0.4750   -1557.9578  0.8035 
   00635    0.4975   -1558.3702  0.8588 
   00636    0.4600   -1558.6003  0.8611 
   00637    0.4725   -1560.3978  0.7763 
   00638    0.4950   -1559.9138  0.8773 
   00639    0.4975   -1561.4944  0.8442 
   00640    0.4400   -1561.6219  0.8254 
   00641    0.4750   -1561.1809  0.8580 
   00642    0.5300   -1560.3396  0.8447 
   00643    0.4625   -1560.2058  0.8828 
   00644    0.4725   -1558.4242  0.8705 
   00645    0.4900   -1555.6337  0.8760 
   00646    0.4525   -1556.9682  0.9092 
   00647    0.4525   -1561.2271  0.8935 
   00648    0.4675   -1561.5070  0.8583 
   00649    0.4525   -1558.7339  0.8877 
   00650    0.4950   -1554.0605  0.8945 
   00651    0.4350   -1555.4821  0.8548 
   00652    0.5000   -1558.8534  0.8942 
   00653    0.4625   -1558.7579  0.8429 
   00654    0.4600   -1559.9101  0.8986 
   00655    0.4375   -1557.6216  0.8206 
   00656    0.4850   -1561.2464  0.8376 
   00657    0.4800   -1558.8036  0.8692 
   00658    0.4925   -1562.1415  0.8580 
   00659    0.4600   -1558.9791  0.8250 
   00660    0.5000   -1557.1571  0.8794 
   00661    0.4775   -1557.7695  0.8431 
   00662    0.5000   -1559.3541  0.8427 
   00663    0.4325   -1556.0851  0.8632 
   00664    0.4825   -1558.6212  0.8458 
   00665    0.4750   -1556.8767  0.8191 
   00666    0.4925   -1557.5844  0.8351 
   00667    0.4925   -1556.6655  0.8206 
   00668    0.4775   -1557.9319  0.8093 
   00669    0.4525   -1557.1264  0.8722 
   00670    0.4800   -1559.2719  0.8644 
   00671    0.4950   -1557.4190  0.8892 
   00672    0.5000   -1558.2653  0.8752 
   00673    0.4925   -1556.7146  0.8122 
   00674    0.4700   -1556.8604  0.8777 
   00675    0.4850   -1556.7909  0.8916 
   00676    0.4875   -1556.7096  0.8850 
   00677    0.4525   -1557.5913  0.8535 
   00678    0.5000   -1560.6693  0.8530 
   00679    0.4350   -1560.3437  0.9291 
   00680    0.4750   -1557.3449  0.8437 
   00681    0.4850   -1563.2033  0.8571 
   00682    0.4625   -1562.1882  0.8242 
   00683    0.4900   -1562.0685  0.8473 
   00684    0.4650   -1560.4825  0.8400 
   00685    0.4375   -1561.1873  0.7959 
   00686    0.4450   -1560.2499  0.8407 
   00687    0.4800   -1559.9461  0.8634 
   00688    0.4675   -1561.8830  0.7721 
   00689    0.5075   -1559.3979  0.8337 
   00690    0.5250   -1556.8458  0.8766 
   00691    0.4575   -1560.5003  0.9026 
   00692    0.5300   -1560.5132  0.8423 
   00693    0.4850   -1558.0317  0.8607 
   00694    0.5050   -1561.7611  0.9023 
   00695    0.4775   -1560.5061  0.8712 
   00696    0.4375   -1558.5263  0.8616 
   00697    0.4875   -1555.2349  0.9133 
   00698    0.5125   -1553.4739  0.8575 
   00699    0.4500   -1554.3625  0.8802 
   00700    0.4450   -1555.2934  0.8436 
   00701    0.4925   -1553.8054  0.8971 
   00702    0.4875   -1554.7131  0.8773 
   00703    0.4800   -1556.8133  0.8881 
   00704    0.4500   -1555.8857  0.9147 
   00705    0.4575   -1553.5862  0.8855 
   00706    0.4650   -1554.5330  0.9217 
   00707    0.4675   -1555.7246  0.8465 
   00708    0.5000   -1552.0408  0.8677 
   00709    0.5075   -1554.9683  0.9673 
   00710    0.4425   -1561.3424  0.8699 
   00711    0.4550   -1556.9998  0.8175 
   00712    0.4750   -1556.9980  0.7843 
   00713    0.4900   -1563.2545  0.8744 
   00714    0.4525   -1560.9571  0.8643 
   00715    0.4725   -1562.0804  0.8393 
   00716    0.4425   -1563.6003  0.8531 
   00717    0.4900   -1567.5117  0.8699 
   00718    0.4450   -1566.8786  0.8137 
   00719    0.5225   -1565.8268  0.8750 
   00720    0.4750   -1561.3827  0.8696 
   00721    0.4775   -1557.5463  0.8359 
   00722    0.4550   -1556.1554  0.8492 
   00723    0.5350   -1555.1180  0.8510 
   00724    0.4625   -1559.1603  0.8918 
   00725    0.5125   -1556.4590  0.8515 
   00726    0.4550   -1555.0338  0.9077 
   00727    0.4700   -1555.7236  0.9152 
   00728    0.4950   -1558.0871  0.8644 
   00729    0.4700   -1560.5412  0.8844 
   00730    0.4700   -1559.6110  0.8074 
   00731    0.4525   -1558.3938  0.8634 
   00732    0.4925   -1563.8318  0.8860 
   00733    0.5100   -1563.8122  0.8722 
   00734    0.4700   -1561.7343  0.8976 
   00735    0.4525   -1558.7435  0.8787 
   00736    0.4875   -1555.6076  0.8780 
   00737    0.4350   -1557.2263  0.8502 
   00738    0.4950   -1559.9926  0.8775 
   00739    0.5100   -1556.5818  0.9333 
   00740    0.4875   -1555.8942  0.9043 
   00741    0.4500   -1554.4297  0.9094 
   00742    0.5050   -1554.6112  0.9406 
   00743    0.4850   -1554.5021  0.8734 
   00744    0.4650   -1556.1504  0.8820 
   00745    0.4775   -1555.7731  0.8513 
   00746    0.4475   -1556.5447  0.8663 
   00747    0.4750   -1556.5439  0.8694 
   00748    0.5350   -1559.5184  0.8603 
   00749    0.5250   -1554.4563  0.8596 
   00750    0.4175   -1558.3237  0.8766 
   00751    0.4775   -1555.5751  0.8883 
   00752    0.4725   -1557.6599  0.8673 
   00753    0.4725   -1561.1389  0.8744 
   00754    0.4825   -1559.8122  0.9041 
   00755    0.4925   -1556.8574  0.8783 
   00756    0.5075   -1554.6941  0.9023 
   00757    0.4250   -1557.7895  0.8529 
   00758    0.4700   -1559.8321  0.8444 
   00759    0.4625   -1559.9580  0.8715 
   00760    0.4700   -1559.6065  0.9115 
   00761    0.4725   -1562.2996  0.8747 
   00762    0.4750   -1561.2100  0.8696 
   00763    0.4425   -1561.8634  0.8563 
   00764    0.4425   -1559.6611  0.8563 
   00765    0.4525   -1555.4837  0.8584 
   00766    0.5175   -1556.9459  0.8340 
   00767    0.5075   -1556.5508  0.8433 
   00768    0.4550   -1557.7792  0.8643 
   00769    0.5275   -1559.9977  0.8646 
   00770    0.4075   -1562.4653  0.8351 
   00771    0.4800   -1560.8014  0.8444 
   00772    0.4750   -1563.5057  0.8954 
   00773    0.4750   -1559.9114  0.8445 
   00774    0.4700   -1560.1061  0.8921 
   00775    0.5025   -1561.6331  0.8525 
   00776    0.4675   -1561.3528  0.8729 
   00777    0.5075   -1558.6439  0.9171 
   00778    0.4375   -1557.9529  0.8987 
   00779    0.4875   -1556.4356  0.8197 
   00780    0.4550   -1560.1610  0.8805 
   00781    0.4500   -1561.8141  0.8979 
   00782    0.4600   -1562.0521  0.9002 
   00783    0.5000   -1561.0684  0.8856 
   00784    0.4725   -1564.1578  0.9543 
   00785    0.4625   -1565.0594  0.8741 
   00786    0.4875   -1566.5547  0.8534 
   00787    0.4900   -1565.2482  0.9468 
   00788    0.4900   -1562.5057  0.8931 
   00789    0.4500   -1562.3330  0.8592 
   00790    0.5025   -1566.6393  0.8883 
   00791    0.4825   -1560.6032  0.8563 
   00792    0.4825   -1556.5195  0.8883 
   00793    0.4400   -1561.2763  0.8787 
   00794    0.4800   -1559.2139  0.8813 
   00795    0.4675   -1561.7790  0.8896 
   00796    0.4525   -1557.0341  0.8588 
   00797    0.4425   -1555.3849  0.8889 
   00798    0.4400   -1556.4111  0.8883 
   00799    0.4650   -1561.0184  0.8701 
   00800    0.4650   -1560.7521  0.8714 
   00801    0.4775   -1562.6776  0.8743 
   00802    0.4750   -1559.2813  0.9034 
   00803    0.5250   -1561.5787  0.8858 
   00804    0.5025   -1559.4249  0.8972 
   00805    0.4825   -1559.4438  0.9096 
   00806    0.4925   -1560.9043  0.8796 
   00807    0.4675   -1559.3492  0.9149 
   00808    0.4650   -1557.0943  0.8865 
   00809    0.4750   -1558.4657  0.8776 
   00810    0.4650   -1558.9161  0.8555 
   00811    0.4650   -1558.6379  0.9018 
   00812    0.4625   -1558.9994  0.8808 
   00813    0.4625   -1558.9867  0.8471 
   00814    0.4950   -1562.5888  0.9039 
   00815    0.4600   -1563.0955  0.8442 
   00816    0.4900   -1558.9732  0.9012 
   00817    0.4450   -1563.2425  0.9142 
   00818    0.4575   -1560.0092  0.8658 
   00819    0.4950   -1556.9918  0.8968 
   00820    0.4750   -1553.5231  0.9011 
   00821    0.4800   -1557.9828  0.9018 
   00822    0.4750   -1557.8821  0.8917 
   00823    0.4825   -1560.8734  0.8949 
   00824    0.4850   -1559.0941  0.9027 
   00825    0.4800   -1559.8817  0.8560 
   00826    0.4950   -1561.1445  0.9224 
   00827    0.4575   -1561.8037  0.8764 
   00828    0.4950   -1560.3439  0.8952 
   00829    0.4625   -1558.6007  0.8814 
   00830    0.4975   -1561.7226  0.8656 
   00831    0.4750   -1558.6826  0.9024 
   00832    0.4675   -1559.5989  0.9035 
   00833    0.4725   -1560.2938  0.8742 
   00834    0.4675   -1558.3626  0.8862 
   00835    0.4725   -1558.1555  0.9046 
   00836    0.4650   -1555.2480  0.8656 
   00837    0.4675   -1554.7731  0.9092 
   00838    0.4900   -1549.6494  0.8898 
   00839    0.4800   -1553.9383  0.8502 
   00840    0.4600   -1556.7939  0.8454 
   00841    0.4850   -1555.6367  0.9209 
   00842    0.4800   -1554.1312  0.9193 
   00843    0.5100   -1554.6392  0.9014 
   00844    0.4650   -1553.9563  0.8987 
   00845    0.4725   -1554.4342  0.8541 
   00846    0.4775   -1556.5439  0.8861 
   00847    0.4925   -1556.2334  0.9054 
   00848    0.5000   -1561.3685  0.8562 
   00849    0.5000   -1563.4546  0.9086 
   00850    0.4775   -1559.6158  0.9546 
   00851    0.4950   -1559.3782  0.8990 
   00852    0.4700   -1559.2923  0.9118 
   00853    0.4700   -1558.9721  0.9266 
   00854    0.5125   -1558.1877  0.8700 
   00855    0.4375   -1564.3139  0.8998 
   00856    0.4475   -1563.1379  0.8805 
   00857    0.5200   -1561.6254  0.8716 
   00858    0.4600   -1561.6651  0.8885 
   00859    0.4925   -1561.0400  0.9291 
   00860    0.4675   -1562.4005  0.8763 
   00861    0.4700   -1563.3687  0.9181 
   00862    0.5175   -1560.8187  0.9084 
   00863    0.4925   -1563.2253  0.8885 
   00864    0.5050   -1558.9859  0.9154 
   00865    0.5025   -1557.1280  0.9063 
   00866    0.4350   -1555.8081  0.8534 
   00867    0.5025   -1554.2205  0.8473 
   00868    0.4550   -1555.5797  0.9558 
   00869    0.4625   -1554.0231  0.8580 
   00870    0.4875   -1557.0996  0.8898 
   00871    0.4675   -1553.9986  0.9264 
   00872    0.4750   -1555.7943  0.8677 
   00873    0.4600   -1559.4707  0.9018 
   00874    0.5000   -1562.4279  0.9170 
   00875    0.4275   -1560.5648  0.8852 
   00876    0.4625   -1559.5781  0.9158 
   00877    0.4800   -1557.4319  0.9008 
   00878    0.4600   -1556.2481  0.8692 
   00879    0.4850   -1554.5088  0.8935 
   00880    0.4500   -1556.1201  0.8760 
   00881    0.4900   -1556.7485  0.8972 
   00882    0.4950   -1557.3845  0.8905 
   00883    0.4650   -1553.4876  0.9021 
   00884    0.4750   -1553.4910  0.8579 
   00885    0.4550   -1555.5920  0.8847 
   00886    0.4550   -1556.2742  0.8788 
   00887    0.4800   -1558.4568  0.8414 
   00888    0.4700   -1560.5372  0.8990 
   00889    0.4800   -1561.7271  0.8524 
   00890    0.4350   -1560.3454  0.8676 
   00891    0.4550   -1561.2144  0.8755 
   00892    0.4475   -1559.4650  0.9480 
   00893    0.4850   -1559.4529  0.8720 
   00894    0.4725   -1560.0096  0.8809 
   00895    0.4775   -1560.3435  0.9215 
   00896    0.4775   -1560.8658  0.9178 
   00897    0.5000   -1558.3862  0.9177 
   00898    0.4625   -1557.7611  0.8925 
   00899    0.4875   -1557.3132  0.8778 
   00900    0.4800   -1557.4258  0.8947 
   00901    0.4875   -1556.6653  0.9027 
   00902    0.4550   -1558.0114  0.9120 
   00903    0.4425   -1561.2633  0.8924 
   00904    0.5025   -1563.0398  0.9693 
   00905    0.5000   -1558.9945  0.8612 
   00906    0.4500   -1557.8701  0.9187 
   00907    0.4850   -1556.8133  0.9055 
   00908    0.4850   -1554.9677  0.8776 
   00909    0.4950   -1555.3647  0.9016 
   00910    0.4700   -1553.9306  0.8561 
   00911    0.4525   -1554.5363  0.8989 
   00912    0.4875   -1554.8603  0.9124 
   00913    0.4300   -1554.9472  0.9225 
   00914    0.5225   -1559.5632  0.8689 
   00915    0.4775   -1559.5076  0.8857 
   00916    0.4575   -1557.8435  0.8437 
   00917    0.4675   -1558.7872  0.8857 
   00918    0.4750   -1560.4641  0.8543 
   00919    0.4550   -1561.1624  0.9096 
   00920    0.4975   -1561.9392  0.9005 
   00921    0.5025   -1558.2427  0.9003 
   00922    0.4750   -1559.9568  0.9249 
   00923    0.4600   -1559.9445  0.9145 
   00924    0.4800   -1559.1135  0.8962 
   00925    0.5175   -1559.5306  0.8648 
   00926    0.4825   -1558.6610  0.9067 
   00927    0.4525   -1561.7686  0.9069 
   00928    0.5200   -1561.1348  0.9072 
   00929    0.4775   -1561.4093  0.9149 
   00930    0.4650   -1558.8572  0.8971 
   00931    0.4800   -1558.9372  0.9124 
   00932    0.4800   -1558.3820  0.8946 
   00933    0.5200   -1564.6613  0.8945 
   00934    0.4750   -1561.5617  0.9676 
   00935    0.4725   -1560.8557  0.8783 
   00936    0.4650   -1561.2363  0.8848 
   00937    0.5250   -1559.2597  0.8998 
   00938    0.4375   -1561.3399  0.8750 
   00939    0.4525   -1562.2030  0.9160 
   00940    0.4875   -1560.0525  0.9577 
   00941    0.4800   -1558.1473  0.9085 
   00942    0.5100   -1560.6598  0.9773 
   00943    0.4875   -1557.3248  0.9528 
   00944    0.4800   -1558.3313  0.8857 
   00945    0.4950   -1558.8648  0.9754 
   00946    0.4575   -1555.7124  0.9632 
   00947    0.4725   -1557.2890  0.9061 
   00948    0.4850   -1554.7114  0.9665 
   00949    0.4800   -1556.3586  0.9039 
   00950    0.4825   -1561.6115  0.9194 
   00951    0.4625   -1554.4099  0.8873 
   00952    0.4925   -1554.3307  0.8619 
   00953    0.5050   -1555.9930  0.8803 
   00954    0.5150   -1553.7427  0.9114 
   00955    0.4775   -1553.7117  0.9067 
   00956    0.4775   -1558.6669  0.8731 
   00957    0.4775   -1558.8999  0.9073 
   00958    0.4775   -1555.9473  0.9387 
   00959    0.4850   -1555.4439  0.8752 
   00960    0.4575   -1558.6837  0.8956 
   00961    0.4875   -1560.0011  0.9150 
   00962    0.5000   -1556.8373  0.9172 
   00963    0.4950   -1557.8322  0.9259 
   00964    0.4925   -1561.1881  0.8912 
   00965    0.4675   -1561.0876  0.9015 
   00966    0.4775   -1560.8054  0.9028 
   00967    0.4825   -1560.8424  0.8663 
   00968    0.5125   -1561.1350  0.8699 
   00969    0.4725   -1563.1226  0.9181 
   00970    0.4875   -1568.7334  0.9294 
   00971    0.4825   -1566.9522  0.8999 
   00972    0.5000   -1566.4585  0.9100 
   00973    0.4525   -1566.8402  0.8683 
   00974    0.4875   -1569.3977  0.8780 
   00975    0.4600   -1562.6101  0.9153 
   00976    0.4600   -1566.1341  0.9182 
   00977    0.4900   -1563.9197  0.8988 
   00978    0.4975   -1563.7083  0.9058 
   00979    0.4375   -1562.0997  0.9656 
   00980    0.4725   -1561.9571  0.9036 
   00981    0.4725   -1561.7183  0.8928 
   00982    0.4500   -1559.9842  0.9315 
   00983    0.4800   -1562.1978  0.8912 
   00984    0.5000   -1558.3594  0.8875 
   00985    0.5075   -1558.5017  0.8713 
   00986    0.4850   -1558.0315  0.8134 
   00987    0.4900   -1559.7862  0.8991 
   00988    0.4450   -1559.8210  0.9315 
   00989    0.5150   -1562.2887  0.9204 
   00990    0.5375   -1558.5783  0.9007 
   00991    0.4800   -1558.2088  0.9675 
   00992    0.4725   -1558.8290  0.9274 
   00993    0.4800   -1560.9107  0.9158 
   00994    0.4650   -1565.4816  0.9635 
   00995    0.4800   -1563.8661  0.8967 
   00996    0.4975   -1561.1994  0.9224 
   00997    0.4900   -1559.2242  0.9601 
   00998    0.4775   -1559.9681  0.9208 
   00999    0.4750   -1562.4913  0.9312 
   01000    0.4800   -1562.8999  0.8652 
