#=====================================================
# File created:        Tue-04-Nov-2025-at-02-15-18AM
# Size of lattice:     20x20
# Number of MC steps:  1000
# Reduced temperature: 0.850
# Run time (s):        3.025346
#=====================================================
# MC step:  Ratio:     Energy:   Order:
#=====================================================
   00000    0.5000    -404.0029  0.3948 
   00001    0.7275    -460.2597  0.2707 
   00002    0.6775    -524.9501  0.2742 
   00003    0.6550    -579.1468  0.3114 
   00004    0.6975    -620.7981  0.3299 
   00005    0.6325    -666.2374  0.3260 
   00006    0.6100    -684.2066  0.3038 
   00007    0.6125    -707.9170  0.3115 
   00008    0.5950    -730.4817  0.3356 
   00009    0.5625    -757.4957  0.3371 
   00010    0.5875    -800.3109  0.3385 
   00011    0.5550    -806.9652  0.3507 
   00012    0.5375    -837.3387  0.3457 
   00013    0.5975    -808.7548  0.3310 
   00014    0.5375    -821.8664  0.3350 
   00015    0.5625    -831.5375  0.3674 
   00016    0.5650    -847.8934  0.3603 
   00017    0.5350    -854.1843  0.3795 
   00018    0.5300    -886.6926  0.4060 
   00019    0.5025    -913.2522  0.4102 
   00020    0.5125    -910.1727  0.4123 
   00021    0.4625    -932.9424  0.4000 
   00022    0.4800    -950.3631  0.4048 
   00023    0.4900    -953.4376  0.4029 
   00024    0.4850    -961.5829  0.3932 
   00025    0.5000    -950.4781  0.3868 
   00026    0.5025    -947.9014  0.3747 
   00027    0.4825    -943.3877  0.3470 
   00028    0.5075    -963.2942  0.3607 
   00029    0.5150    -971.8206  0.3746 
   00030    0.5325    -978.5599  0.3772 
   00031    0.5225    -966.2360  0.3589 
   00032    0.5050    -981.8441  0.3645 
   00033    0.4825    -972.6106  0.3896 
   00034    0.4950    -985.1040  0.3834 
   00035    0.5225    -991.4203  0.4011 
   00036    0.4225    -997.4982  0.4068 
   00037    0.4900    -979.3963  0.4162 
   00038    0.4625    -960.5718  0.3984 
   00039    0.4975    -966.4622  0.4229 
   00040    0.4475    -950.3822  0.4163 
   00041    0.5150    -966.9689  0.4338 
   00042    0.4925    -986.2263  0.4231 
   00043    0.4700    -996.5193  0.4315 
   00044    0.4775   -1008.4342  0.4349 
   00045    0.4900   -1010.4580  0.4465 
   00046    0.5125   -1004.3897  0.4404 
   00047    0.5200   -1015.3400  0.4524 
   00048    0.4575   -1029.6086  0.4347 
   00049    0.4775   -1017.9887  0.4471 
   00050    0.4775   -1033.4651  0.4534 
   00051    0.4800   -1042.4959  0.4625 
   00052    0.4900   -1040.3469  0.4466 
   00053    0.4625   -1034.6097  0.4447 
   00054    0.5200   -1049.8138  0.4633 
   00055    0.4600   -1048.9103  0.4601 
   00056    0.4825   -1054.6262  0.4603 
   00057    0.4450   -1056.7031  0.4835 
   00058    0.4400   -1047.3362  0.4856 
   00059    0.4950   -1050.1282  0.4848 
   00060    0.4775   -1039.2437  0.4841 
   00061    0.4675   -1050.5187  0.4946 
   00062    0.4625   -1041.2259  0.4998 
   00063    0.4650   -1050.3416  0.5013 
   00064    0.5100   -1042.2686  0.4845 
   00065    0.4525   -1049.6050  0.4741 
   00066    0.4500   -1054.5809  0.4760 
   00067    0.5025   -1053.6593  0.4866 
   00068    0.4625   -1045.7245  0.4911 
   00069    0.4275   -1070.6500  0.5013 
   00070    0.4175   -1102.3011  0.5139 
   00071    0.4400   -1115.7635  0.5095 
   00072    0.4825   -1103.9995  0.5173 
   00073    0.4275   -1114.3188  0.5224 
   00074    0.4425   -1126.1180  0.5425 
   00075    0.4700   -1124.5406  0.5397 
   00076    0.4225   -1118.8632  0.5326 
   00077    0.4650   -1111.5394  0.5337 
   00078    0.5125   -1108.8849  0.5358 
   00079    0.4825   -1112.7106  0.5510 
   00080    0.4600   -1084.1189  0.5463 
   00081    0.4775   -1080.9554  0.5295 
   00082    0.4100   -1084.3392  0.5374 
   00083    0.4925   -1080.4851  0.5322 
   00084    0.4500   -1083.7095  0.5194 
   00085    0.4400   -1096.8416  0.5214 
   00086    0.5000   -1098.2074  0.5259 
   00087    0.4425   -1117.4007  0.5110 
   00088    0.4625   -1097.5903  0.4890 
   00089    0.4550   -1104.1053  0.5014 
   00090    0.4800   -1094.3433  0.5004 
   00091    0.4450   -1095.1874  0.5036 
   00092    0.4650   -1084.4300  0.5071 
   00093    0.4350   -1090.6159  0.5043 
   00094    0.4650   -1068.8742  0.5040 
   00095    0.4800   -1081.8263  0.5074 
   00096    0.4225   -1096.3802  0.5176 
   00097    0.4650   -1092.3048  0.5245 
   00098    0.4225   -1082.7657  0.5245 
   00099    0.4725   -1101.3488  0.5256 
   00100    0.5025   -1103.1553  0.5288 
   00101    0.4700   -1105.4021  0.5133 
   00102    0.4925   -1114.1620  0.5118 
   00103    0.4150   -1129.8087  0.5217 
   00104    0.4350   -1145.8832  0.5132 
   00105    0.4875   -1126.0842  0.5132 
   00106    0.4800   -1146.4649  0.5250 
   00107    0.4850   -1137.9646  0.5098 
   00108    0.4375   -1128.0205  0.4940 
   00109    0.4575   -1112.8654  0.4955 
   00110    0.4150   -1095.7046  0.4905 
   00111    0.4550   -1095.8587  0.4993 
   00112    0.4575   -1104.7149  0.4961 
   00113    0.4575   -1101.3669  0.4994 
   00114    0.4350   -1119.9664  0.5071 
   00115    0.4850   -1107.4083  0.5067 
   00116    0.4500   -1108.2753  0.5092 
   00117    0.4475   -1099.2131  0.5092 
   00118    0.4300   -1120.8280  0.5250 
   00119    0.4475   -1117.4266  0.5220 
   00120    0.4300   -1117.0609  0.5200 
   00121    0.4850   -1112.7489  0.5181 
   00122    0.4225   -1111.1142  0.5133 
   00123    0.4675   -1099.4177  0.5128 
   00124    0.4600   -1113.4791  0.5123 
   00125    0.4175   -1112.4371  0.5233 
   00126    0.4725   -1076.4600  0.5233 
   00127    0.4300   -1081.1012  0.5340 
   00128    0.4000   -1084.0362  0.5309 
   00129    0.4350   -1106.3566  0.5405 
   00130    0.4425   -1097.7048  0.5343 
   00131    0.4275   -1082.8531  0.5451 
   00132    0.4400   -1097.4461  0.5525 
   00133    0.4175   -1079.3165  0.5505 
   00134    0.4150   -1087.0038  0.5677 
   00135    0.4300   -1098.3475  0.5647 
   00136    0.4125   -1098.2909  0.5624 
   00137    0.4350   -1096.4685  0.5498 
   00138    0.4225   -1099.4230  0.5512 
   00139    0.4800   -1106.0457  0.5683 
   00140    0.4650   -1106.9259  0.5635 
   00141    0.4075   -1075.8576  0.5504 
   00142    0.4525   -1078.4965  0.5476 
   00143    0.4925   -1076.3932  0.5445 
   00144    0.4825   -1075.0443  0.5526 
   00145    0.4575   -1088.8410  0.5523 
   00146    0.4600   -1108.2576  0.5469 
   00147    0.4175   -1107.3326  0.5509 
   00148    0.3950   -1109.1488  0.5492 
   00149    0.4350   -1115.7083  0.5519 
   00150    0.4400   -1116.8115  0.5437 
   00151    0.4750   -1104.2478  0.5427 
   00152    0.4300   -1091.2981  0.5373 
   00153    0.4225   -1119.5270  0.5479 
   00154    0.4650   -1105.5984  0.5383 
   00155    0.4400   -1105.9370  0.5292 
   00156    0.4175   -1114.2886  0.5334 
   00157    0.4250   -1107.3043  0.5405 
   00158    0.4600   -1111.5678  0.5396 
   00159    0.4300   -1101.3098  0.5448 
   00160    0.4525   -1080.8053  0.5489 
   00161    0.4225   -1092.1233  0.5490 
   00162    0.4450   -1126.3503  0.5548 
   00163    0.4450   -1113.8139  0.5485 
   00164    0.4175   -1092.3560  0.5483 
   00165    0.4375   -1090.0563  0.5623 
   00166    0.5100   -1084.3491  0.5618 
   00167    0.4000   -1100.1244  0.5665 
   00168    0.4200   -1115.2070  0.5758 
   00169    0.4850   -1111.1320  0.5719 
   00170    0.4425   -1095.8480  0.5675 
   00171    0.4450   -1113.5322  0.5817 
   00172    0.4525   -1110.0651  0.5746 
   00173    0.4600   -1109.1240  0.5885 
   00174    0.4550   -1105.0759  0.5803 
   00175    0.4475   -1112.6321  0.5809 
   00176    0.4450   -1106.1108  0.5845 
   00177    0.4925   -1120.9886  0.5784 
   00178    0.4900   -1120.6503  0.5611 
   00179    0.4550   -1109.2720  0.5565 
   00180    0.4575   -1146.6777  0.5592 
   00181    0.4400   -1148.2756  0.5649 
   00182    0.4175   -1166.5338  0.5704 
   00183    0.4725   -1175.1947  0.5885 
   00184    0.3850   -1157.2761  0.5860 
   00185    0.4625   -1167.4012  0.5656 
   00186    0.4775   -1148.3710  0.5657 
   00187    0.4550   -1134.3726  0.5612 
   00188    0.4325   -1112.9272  0.5554 
   00189    0.4875   -1098.3868  0.5624 
   00190    0.4250   -1107.2810  0.5844 
   00191    0.4375   -1117.7705  0.5801 
   00192    0.4075   -1105.9221  0.5736 
   00193    0.4175   -1111.7113  0.5739 
   00194    0.4800   -1095.6536  0.5716 
   00195    0.4575   -1094.6127  0.5668 
   00196    0.4625   -1094.1590  0.5596 
   00197    0.4175   -1066.0502  0.5538 
   00198    0.4425   -1067.2087  0.5509 
   00199    0.4550   -1071.1977  0.5483 
   00200    0.4800   -1084.8981  0.5545 
   00201    0.4475   -1101.5746  0.5498 
   00202    0.4700   -1113.3362  0.5565 
   00203    0.4400   -1103.2330  0.5693 
   00204    0.4525   -1094.3083  0.5494 
   00205    0.4575   -1090.9078  0.5538 
   00206    0.4950   -1095.2862  0.5647 
   00207    0.4025   -1098.3163  0.5658 
   00208    0.4775   -1095.6473  0.5625 
   00209    0.4350   -1089.1575  0.5626 
   00210    0.4525   -1070.9554  0.5715 
   00211    0.4750   -1071.8538  0.5803 
   00212    0.4375   -1084.6957  0.5898 
   00213    0.4300   -1066.6822  0.5857 
   00214    0.4650   -1063.8287  0.5780 
   00215    0.4675   -1072.4643  0.5772 
   00216    0.4700   -1096.6884  0.5870 
   00217    0.4150   -1111.0754  0.5857 
   00218    0.4700   -1123.5031  0.5986 
   00219    0.3900   -1125.2103  0.5871 
   00220    0.4350   -1126.0756  0.5885 
   00221    0.4375   -1121.3877  0.5857 
   00222    0.4325   -1123.5878  0.5845 
   00223    0.4100   -1126.2032  0.5820 
   00224    0.4575   -1119.7694  0.5749 
   00225    0.4575   -1121.5495  0.5739 
   00226    0.4250   -1129.3423  0.5634 
   00227    0.4350   -1135.0577  0.5707 
   00228    0.4250   -1149.7158  0.5853 
   00229    0.4625   -1145.2253  0.5867 
   00230    0.4225   -1150.4448  0.5818 
   00231    0.4325   -1133.7735  0.5738 
   00232    0.4725   -1116.5164  0.5761 
   00233    0.4525   -1118.6092  0.5829 
   00234    0.4125   -1128.4479  0.5892 
   00235    0.4175   -1119.0562  0.5967 
   00236    0.4325   -1138.9172  0.5960 
   00237    0.4975   -1135.6771  0.6012 
   00238    0.4225   -1130.6877  0.6000 
   00239    0.4225   -1114.6866  0.6008 
   00240    0.4400   -1097.1454  0.5949 
   00241    0.4750   -1122.2515  0.5946 
   00242    0.4500   -1112.5868  0.5927 
   00243    0.4850   -1099.1060  0.5962 
   00244    0.4525   -1105.0369  0.5917 
   00245    0.4650   -1103.5171  0.5887 
   00246    0.4325   -1122.4942  0.5895 
   00247    0.4750   -1126.3176  0.5895 
   00248    0.4650   -1138.8683  0.6032 
   00249    0.4675   -1127.9268  0.5970 
   00250    0.4100   -1105.5832  0.5790 
   00251    0.4225   -1108.6322  0.5999 
   00252    0.4075   -1094.9663  0.5936 
   00253    0.4600   -1105.2445  0.5934 
   00254    0.4175   -1093.6605  0.5909 
   00255    0.4950   -1073.6207  0.5685 
   00256    0.4750   -1100.6262  0.5789 
   00257    0.4075   -1108.5787  0.5907 
   00258    0.4300   -1108.1520  0.5911 
   00259    0.4275   -1128.1568  0.5909 
   00260    0.3850   -1122.6908  0.5830 
   00261    0.4150   -1146.0357  0.5995 
   00262    0.4575   -1141.5507  0.6082 
   00263    0.4650   -1123.9866  0.6026 
   00264    0.4525   -1126.4604  0.5933 
   00265    0.4725   -1138.8012  0.5929 
   00266    0.4975   -1133.2045  0.5930 
   00267    0.4300   -1139.8788  0.5884 
   00268    0.4625   -1148.0750  0.5780 
   00269    0.4050   -1155.5254  0.5867 
   00270    0.4150   -1148.7683  0.5793 
   00271    0.4175   -1154.4076  0.5864 
   00272    0.4500   -1147.5937  0.6025 
   00273    0.4525   -1144.6688  0.5932 
   00274    0.4375   -1143.6736  0.5847 
   00275    0.4375   -1126.6118  0.5744 
   00276    0.4550   -1146.9834  0.5759 
   00277    0.4150   -1151.3728  0.5832 
   00278    0.4575   -1135.5388  0.5932 
   00279    0.4525   -1149.2104  0.6017 
   00280    0.4625   -1148.5803  0.6109 
   00281    0.4250   -1145.8583  0.6067 
   00282    0.4675   -1143.8959  0.6094 
   00283    0.3950   -1126.2188  0.5873 
   00284    0.4575   -1128.1512  0.5819 
   00285    0.4350   -1125.2245  0.5826 
   00286    0.4375   -1125.6852  0.5789 
   00287    0.4350   -1121.8530  0.5706 
   00288    0.4350   -1127.8643  0.5729 
   00289    0.4475   -1123.0923  0.5623 
   00290    0.4125   -1117.4539  0.5609 
   00291    0.4225   -1141.1638  0.5684 
   00292    0.4800   -1112.7371  0.5621 
   00293    0.4500   -1114.0340  0.5708 
   00294    0.4525   -1120.5562  0.5711 
   00295    0.4625   -1090.8534  0.5707 
   00296    0.4025   -1108.0440  0.5645 
   00297    0.4775   -1109.3111  0.5587 
   00298    0.4625   -1112.6558  0.5625 
   00299    0.4825   -1100.7701  0.5649 
   00300    0.4425   -1083.0997  0.5605 
   00301    0.4625   -1076.2914  0.5556 
   00302    0.4475   -1073.1884  0.5581 
   00303    0.4225   -1065.0828  0.5542 
   00304    0.4450   -1038.7974  0.5582 
   00305    0.4225   -1042.5834  0.5486 
   00306    0.4575   -1047.8929  0.5459 
   00307    0.4525   -1055.5218  0.5552 
   00308    0.4425   -1071.7591  0.5539 
   00309    0.4225   -1088.0038  0.5692 
   00310    0.4275   -1079.5416  0.5724 
   00311    0.4625   -1080.4215  0.5722 
   00312    0.4400   -1079.8756  0.5620 
   00313    0.4550   -1089.2986  0.5572 
   00314    0.4650   -1102.7202  0.5646 
   00315    0.3800   -1097.0790  0.5654 
   00316    0.4525   -1100.5781  0.5729 
   00317    0.4325   -1109.9536  0.5843 
   00318    0.4450   -1122.5962  0.5853 
   00319    0.4450   -1141.3434  0.5951 
   00320    0.4275   -1145.0031  0.5955 
   00321    0.4475   -1119.9653  0.5941 
   00322    0.4525   -1109.0986  0.5894 
   00323    0.4450   -1100.0066  0.5779 
   00324    0.4550   -1107.0771  0.5794 
   00325    0.4700   -1105.4144  0.5851 
   00326    0.4450   -1100.8330  0.5833 
   00327    0.4550   -1094.0010  0.5738 
   00328    0.4500   -1080.3760  0.5615 
   00329    0.4550   -1059.3137  0.5620 
   00330    0.4300   -1060.3376  0.5648 
   00331    0.4500   -1043.2301  0.5484 
   00332    0.4675   -1046.2204  0.5565 
   00333    0.4425   -1063.2356  0.5667 
   00334    0.4500   -1075.8242  0.5707 
   00335    0.4450   -1073.0113  0.5758 
   00336    0.4775   -1085.2605  0.5748 
   00337    0.3850   -1098.2899  0.5643 
   00338    0.4300   -1093.0246  0.5696 
   00339    0.4450   -1109.7862  0.5680 
   00340    0.4200   -1103.1682  0.5652 
   00341    0.4300   -1098.8258  0.5789 
   00342    0.4725   -1092.1130  0.5670 
   00343    0.4350   -1075.0378  0.5649 
   00344    0.4525   -1064.5609  0.5626 
   00345    0.4825   -1056.7234  0.5649 
   00346    0.4275   -1077.2642  0.5566 
   00347    0.4325   -1102.9000  0.5456 
   00348    0.4475   -1105.0344  0.5445 
   00349    0.4350   -1104.8846  0.5386 
   00350    0.4050   -1097.1920  0.5458 
   00351    0.4425   -1103.4963  0.5375 
   00352    0.3900   -1099.1270  0.5448 
   00353    0.4425   -1104.4060  0.5477 
   00354    0.4675   -1117.2258  0.5433 
   00355    0.4100   -1116.1357  0.5402 
   00356    0.4275   -1123.6268  0.5382 
   00357    0.4450   -1118.1482  0.5315 
   00358    0.4300   -1120.5643  0.5345 
   00359    0.4525   -1126.6690  0.5259 
   00360    0.4150   -1121.3529  0.5181 
   00361    0.4600   -1123.0641  0.5155 
   00362    0.4500   -1134.1895  0.5155 
   00363    0.4500   -1114.8160  0.5108 
   00364    0.4650   -1119.6804  0.5141 
   00365    0.4675   -1095.2728  0.4965 
   00366    0.4175   -1090.6445  0.4936 
   00367    0.4725   -1073.6380  0.4970 
   00368    0.4750   -1068.6859  0.4913 
   00369    0.4950   -1052.1696  0.4990 
   00370    0.4800   -1054.0607  0.4943 
   00371    0.4300   -1056.8744  0.4989 
   00372    0.4450   -1069.7855  0.4984 
   00373    0.4250   -1056.0290  0.4934 
   00374    0.4425   -1058.2107  0.4991 
   00375    0.4775   -1036.6658  0.4961 
   00376    0.4400   -1012.9286  0.4891 
   00377    0.4450    -993.5425  0.4700 
   00378    0.4350   -1007.0695  0.4718 
   00379    0.4775    -984.6503  0.4813 
   00380    0.4700    -991.5232  0.4904 
   00381    0.4350   -1031.0908  0.5064 
   00382    0.4275   -1024.4337  0.5012 
   00383    0.4625   -1045.7979  0.5073 
   00384    0.4300   -1067.9543  0.5072 
   00385    0.4750   -1084.0876  0.4978 
   00386    0.4200   -1071.1678  0.4919 
   00387    0.4825   -1068.6017  0.4914 
   00388    0.4400   -1078.4367  0.4713 
   00389    0.4775   -1076.5872  0.4730 
   00390    0.4675   -1059.6613  0.4633 
   00391    0.4100   -1072.3921  0.4528 
   00392    0.4500   -1069.6710  0.4433 
   00393    0.4650   -1085.3080  0.4461 
   00394    0.4575   -1081.0211  0.4388 
   00395    0.4050   -1074.9653  0.4396 
   00396    0.4425   -1099.8159  0.4358 
   00397    0.4975   -1095.5270  0.4380 
   00398    0.4200   -1074.9984  0.4237 
   00399    0.4175   -1097.3009  0.4206 
   00400    0.4475   -1082.6167  0.4112 
   00401    0.4175   -1096.2509  0.4145 
   00402    0.4500   -1107.9080  0.4219 
   00403    0.4450   -1097.1054  0.4214 
   00404    0.4700   -1095.6763  0.4202 
   00405    0.4300   -1084.9919  0.4285 
   00406    0.4725   -1098.2027  0.4289 
   00407    0.4575   -1082.9195  0.4199 
   00408    0.4500   -1111.5234  0.4295 
   00409    0.4650   -1098.4774  0.4364 
   00410    0.4300   -1118.4150  0.4547 
   00411    0.4300   -1122.0546  0.4594 
   00412    0.4600   -1116.6283  0.4585 
   00413    0.4425   -1132.9068  0.4565 
   00414    0.4700   -1140.9796  0.4453 
   00415    0.4125   -1091.2501  0.4489 
   00416    0.4300   -1099.8979  0.4400 
   00417    0.4500   -1097.3028  0.4305 
   00418    0.4300   -1108.3686  0.4344 
   00419    0.4450   -1101.0697  0.4356 
   00420    0.4775   -1097.9694  0.4238 
   00421    0.4450   -1120.9180  0.4353 
   00422    0.4100   -1120.9415  0.4356 
   00423    0.4325   -1117.4476  0.4288 
   00424    0.4125   -1128.3557  0.4312 
   00425    0.4600   -1123.2923  0.4274 
   00426    0.4150   -1119.3447  0.4348 
   00427    0.4325   -1113.9130  0.4187 
   00428    0.4275   -1114.6387  0.4185 
   00429    0.4275   -1094.5574  0.4147 
   00430    0.4475   -1105.1007  0.4033 
   00431    0.4600   -1126.3933  0.3952 
   00432    0.4400   -1134.1269  0.3972 
   00433    0.4600   -1133.0942  0.3987 
   00434    0.4650   -1127.4994  0.4137 
   00435    0.4750   -1130.4582  0.4029 
   00436    0.4500   -1127.9370  0.3825 
   00437    0.4450   -1126.1693  0.3749 
   00438    0.4225   -1107.9556  0.3682 
   00439    0.4400   -1097.4729  0.3691 
   00440    0.4875   -1093.3728  0.3815 
   00441    0.4225   -1087.1312  0.3888 
   00442    0.4550   -1086.4275  0.3914 
   00443    0.4400   -1087.2669  0.4031 
   00444    0.4125   -1096.7509  0.4004 
   00445    0.4650   -1079.9811  0.3957 
   00446    0.4225   -1062.8388  0.3930 
   00447    0.4400   -1065.9021  0.3981 
   00448    0.4275   -1055.2898  0.3913 
   00449    0.3650   -1058.2230  0.3754 
   00450    0.4400   -1084.9276  0.3773 
   00451    0.4650   -1079.2063  0.3693 
   00452    0.4125   -1081.9745  0.3596 
   00453    0.4250   -1088.2750  0.3585 
   00454    0.4025   -1077.4578  0.3592 
   00455    0.4575   -1084.6388  0.3697 
   00456    0.4350   -1107.1453  0.3733 
   00457    0.4500   -1111.2811  0.3839 
   00458    0.4375   -1106.5461  0.3953 
   00459    0.4500   -1084.2969  0.3796 
   00460    0.4500   -1075.8998  0.4052 
   00461    0.4775   -1072.7091  0.4075 
   00462    0.4650   -1051.1794  0.4177 
   00463    0.4800   -1052.0121  0.4193 
   00464    0.4325   -1074.3071  0.4336 
   00465    0.4300   -1042.1099  0.4102 
   00466    0.4525   -1033.2384  0.4062 
   00467    0.5125   -1044.4531  0.4143 
   00468    0.4600   -1022.3424  0.3992 
   00469    0.4800   -1055.3145  0.3952 
   00470    0.4850   -1051.6589  0.3873 
   00471    0.4225   -1053.2390  0.3908 
   00472    0.4025   -1047.6090  0.3951 
   00473    0.4150   -1031.1595  0.4029 
   00474    0.4550    -995.4854  0.4032 
   00475    0.4350   -1015.0660  0.4086 
   00476    0.4850   -1027.9736  0.4089 
   00477    0.4650   -1037.8075  0.4078 
   00478    0.4350   -1055.2232  0.4201 
   00479    0.4650   -1047.6089  0.4185 
   00480    0.4375   -1041.9981  0.4183 
   00481    0.4475   -1054.8966  0.4031 
   00482    0.4925   -1047.3312  0.3991 
   00483    0.4625   -1025.5801  0.3887 
   00484    0.4325   -1019.7675  0.3890 
   00485    0.4925   -1008.6752  0.3926 
   00486    0.4775   -1001.8207  0.3770 
   00487    0.4875   -1004.4560  0.3760 
   00488    0.4300   -1011.5770  0.3702 
   00489    0.4850   -1011.8172  0.3872 
   00490    0.4550   -1042.4978  0.3892 
   00491    0.4600   -1049.6309  0.3988 
   00492    0.4325   -1052.3061  0.3926 
   00493    0.5200   -1042.6853  0.3680 
   00494    0.4400   -1031.7963  0.3430 
   00495    0.4375   -1041.7584  0.3595 
   00496    0.4400   -1020.8109  0.3519 
   00497    0.4475   -1022.8001  0.3344 
   00498    0.5000   -1024.5833  0.3376 
   00499    0.4450   -1019.7591  0.3394 
   00500    0.4575   -1013.8449  0.3359 
   00501    0.4125   -1025.2262  0.3222 
   00502    0.4625   -1017.7954  0.3230 
   00503    0.4525   -1004.2054  0.3241 
   00504    0.4300   -1010.6489  0.3135 
   00505    0.4550   -1009.7484  0.3340 
   00506    0.4775   -1004.3354  0.3386 
   00507    0.4625    -986.8830  0.3440 
   00508    0.4925    -994.4409  0.3339 
   00509    0.4900    -983.6583  0.3426 
   00510    0.4250    -993.1566  0.3445 
   00511    0.4850   -1023.6931  0.3574 
   00512    0.4650   -1023.9965  0.3705 
   00513    0.4700   -1013.2584  0.3841 
   00514    0.4550   -1036.2677  0.3833 
   00515    0.4550   -1051.4430  0.3649 
   00516    0.4575   -1056.3256  0.3670 
   00517    0.4450   -1080.1131  0.3858 
   00518    0.4000   -1068.6703  0.3793 
   00519    0.4900   -1066.5427  0.3832 
   00520    0.5025   -1051.6685  0.3912 
   00521    0.4725   -1050.3829  0.3796 
   00522    0.4800   -1057.3813  0.3712 
   00523    0.4400   -1072.5848  0.3657 
   00524    0.4400   -1070.9691  0.3701 
   00525    0.4550   -1068.5749  0.3691 
   00526    0.4925   -1060.7788  0.3664 
   00527    0.4750   -1052.9603  0.3754 
   00528    0.4350   -1058.9688  0.3751 
   00529    0.4275   -1059.2242  0.3715 
   00530    0.4775   -1056.3197  0.3767 
   00531    0.4375   -1043.0866  0.3765 
   00532    0.4450   -1050.7867  0.3727 
   00533    0.4600   -1064.8691  0.3717 
   00534    0.4675   -1062.8558  0.3784 
   00535    0.4625   -1045.6519  0.3711 
   00536    0.5175   -1047.0196  0.3925 
   00537    0.4500   -1049.9989  0.3866 
   00538    0.4450   -1058.4890  0.3863 
   00539    0.4825   -1048.3806  0.3845 
   00540    0.4525   -1051.9768  0.3847 
   00541    0.4575   -1055.8019  0.3780 
   00542    0.4725   -1046.3236  0.3762 
   00543    0.4550   -1046.1709  0.3689 
   00544    0.4875   -1045.6764  0.3840 
   00545    0.4325   -1023.8823  0.3734 
   00546    0.4500   -1020.1070  0.3704 
   00547    0.4500   -1040.9662  0.3570 
   00548    0.4575   -1036.3214  0.3531 
   00549    0.4125   -1055.7818  0.3472 
   00550    0.4150   -1057.7658  0.3367 
   00551    0.4200   -1067.6070  0.3352 
   00552    0.4575   -1076.7281  0.3430 
   00553    0.4500   -1084.3563  0.3354 
   00554    0.4600   -1088.3284  0.3314 
   00555    0.4250   -1101.6641  0.3305 
   00556    0.5275   -1109.0106  0.3359 
   00557    0.4475   -1113.0888  0.3313 
   00558    0.4575   -1104.1394  0.3584 
   00559    0.3950   -1095.4100  0.3523 
   00560    0.4225   -1104.5462  0.3473 
   00561    0.4450   -1098.1717  0.3531 
   00562    0.4300   -1110.2184  0.3414 
   00563    0.4525   -1101.2700  0.3275 
   00564    0.4600   -1084.3182  0.3260 
   00565    0.4300   -1091.9433  0.3312 
   00566    0.4475   -1095.8659  0.3259 
   00567    0.4275   -1100.6995  0.3197 
   00568    0.4250   -1088.3267  0.3115 
   00569    0.4975   -1081.8446  0.3098 
   00570    0.4350   -1093.1131  0.2936 
   00571    0.4225   -1106.7375  0.2809 
   00572    0.4625   -1106.5781  0.2866 
   00573    0.4400   -1089.7410  0.2905 
   00574    0.4200   -1095.8524  0.2814 
   00575    0.4225   -1075.2999  0.2912 
   00576    0.4300   -1073.0448  0.2925 
   00577    0.4350   -1065.0246  0.2988 
   00578    0.4850   -1035.4166  0.3127 
   00579    0.4200   -1027.8267  0.3200 
   00580    0.4750   -1029.1933  0.3026 
   00581    0.4775   -1013.6794  0.3168 
   00582    0.5225    -991.9064  0.3321 
   00583    0.4575    -996.9273  0.3113 
   00584    0.4575    -982.3167  0.3167 
   00585    0.4525    -976.2600  0.3255 
   00586    0.4850    -970.4004  0.3399 
   00587    0.4875    -983.3088  0.3361 
   00588    0.4825    -986.7000  0.3187 
   00589    0.4625   -1000.7920  0.3312 
   00590    0.4325   -1014.7194  0.3205 
   00591    0.4775   -1018.7316  0.3065 
   00592    0.4375   -1014.1356  0.3090 
   00593    0.4500   -1034.8908  0.3047 
   00594    0.4600   -1036.2512  0.2972 
   00595    0.4750   -1048.2560  0.3157 
   00596    0.4500   -1043.5597  0.3022 
   00597    0.4400   -1045.1644  0.2808 
   00598    0.4475   -1067.8820  0.2906 
   00599    0.4250   -1076.5837  0.2850 
   00600    0.4375   -1082.2004  0.2954 
   00601    0.4150   -1075.2758  0.3131 
   00602    0.4250   -1089.3810  0.3237 
   00603    0.4475   -1103.7134  0.3165 
   00604    0.4375   -1083.4922  0.3184 
   00605    0.4100   -1084.2951  0.3209 
   00606    0.4050   -1080.9168  0.3172 
   00607    0.4275   -1082.6251  0.3190 
   00608    0.4225   -1087.7335  0.3215 
   00609    0.4450   -1067.8404  0.3199 
   00610    0.4325   -1062.5360  0.3269 
   00611    0.4550   -1079.1265  0.3443 
   00612    0.3900   -1076.1478  0.3308 
   00613    0.4125   -1071.0744  0.3235 
   00614    0.4225   -1077.4848  0.3250 
   00615    0.5025   -1062.1670  0.3140 
   00616    0.4125   -1059.2013  0.3263 
   00617    0.4300   -1077.5296  0.3208 
   00618    0.4250   -1098.1289  0.3240 
   00619    0.4725   -1100.2159  0.3249 
   00620    0.4475   -1099.2238  0.3280 
   00621    0.4950   -1097.4806  0.3307 
   00622    0.4925   -1086.5054  0.3349 
   00623    0.4450   -1089.5072  0.3343 
   00624    0.4050   -1098.4053  0.3340 
   00625    0.4800   -1101.0095  0.3354 
   00626    0.4450   -1090.5056  0.3279 
   00627    0.4675   -1097.1890  0.3382 
   00628    0.4225   -1106.7424  0.3246 
   00629    0.4425   -1106.2044  0.3305 
   00630    0.4175   -1121.4627  0.3351 
   00631    0.4100   -1103.4243  0.3329 
   00632    0.4600   -1102.8528  0.3306 
   00633    0.4325   -1121.2246  0.3224 
   00634    0.4350   -1123.2159  0.3390 
   00635    0.4275   -1119.3728  0.3418 
   00636    0.4725   -1097.2959  0.3496 
   00637    0.3925   -1101.2975  0.3475 
   00638    0.4550   -1096.8685  0.3476 
   00639    0.4900   -1115.2716  0.3522 
   00640    0.4375   -1084.9507  0.3517 
   00641    0.5075   -1106.7013  0.3475 
   00642    0.3950   -1104.9558  0.3516 
   00643    0.4675   -1105.4854  0.3619 
   00644    0.4575   -1106.8102  0.3682 
   00645    0.3950   -1112.5773  0.3746 
   00646    0.4125   -1120.3966  0.3540 
   00647    0.4400   -1121.8286  0.3601 
   00648    0.4375   -1102.2308  0.3726 
   00649    0.4125   -1107.2923  0.3791 
   00650    0.4750   -1092.9523  0.3861 
   00651    0.4100   -1089.6400  0.3881 
   00652    0.3850   -1078.3824  0.3848 
   00653    0.4425   -1074.3796  0.3730 
   00654    0.4600   -1060.9107  0.3650 
   00655    0.4725   -1066.8448  0.3881 
   00656    0.4550   -1081.8732  0.3791 
   00657    0.4450   -1088.1913  0.3785 
   00658    0.4325   -1090.6555  0.3830 
   00659    0.4225   -1095.1256  0.3876 
   00660    0.4650   -1110.5777  0.3987 
   00661    0.4750   -1096.5338  0.3977 
   00662    0.4250   -1089.4992  0.3908 
   00663    0.4250   -1087.6623  0.3882 
   00664    0.4075   -1091.4465  0.4013 
   00665    0.4425   -1081.8463  0.3976 
   00666    0.4550   -1070.2083  0.3863 
   00667    0.4550   -1074.6761  0.3903 
   00668    0.4425   -1068.7521  0.3861 
   00669    0.4375   -1062.6863  0.3946 
   00670    0.4450   -1071.9939  0.3966 
   00671    0.4575   -1099.7661  0.4119 
   00672    0.4075   -1120.2802  0.4202 
   00673    0.4625   -1122.7173  0.4339 
   00674    0.4325   -1140.9078  0.4285 
   00675    0.4275   -1127.6132  0.4351 
   00676    0.4300   -1118.8838  0.4249 
   00677    0.4050   -1130.3305  0.4058 
   00678    0.4675   -1112.8430  0.4099 
   00679    0.4175   -1098.4668  0.4235 
   00680    0.4750   -1100.6680  0.4187 
   00681    0.4450   -1087.4145  0.4170 
   00682    0.4350   -1110.6556  0.4233 
   00683    0.4225   -1119.0927  0.4127 
   00684    0.4475   -1114.1606  0.4134 
   00685    0.4125   -1109.8219  0.4040 
   00686    0.4725   -1100.4593  0.4100 
   00687    0.4425   -1084.7918  0.4089 
   00688    0.4250   -1065.1237  0.3919 
   00689    0.4700   -1087.9323  0.4060 
   00690    0.4700   -1092.2770  0.3957 
   00691    0.4425   -1089.0155  0.3757 
   00692    0.4250   -1092.8163  0.3832 
   00693    0.4775   -1087.6184  0.3868 
   00694    0.4375   -1083.8002  0.3866 
   00695    0.4925   -1066.6300  0.3809 
   00696    0.4650   -1079.1659  0.3531 
   00697    0.4750   -1085.4045  0.3480 
   00698    0.4400   -1074.1737  0.3322 
   00699    0.4450   -1090.2650  0.3452 
   00700    0.4500   -1089.7035  0.3532 
   00701    0.4250   -1095.0759  0.3575 
   00702    0.4575   -1084.7011  0.3352 
   00703    0.4550   -1111.8292  0.3298 
   00704    0.4275   -1109.3083  0.3485 
   00705    0.4600   -1114.2233  0.3382 
   00706    0.4550   -1116.8434  0.3377 
   00707    0.4075   -1103.6514  0.3402 
   00708    0.4475   -1104.3947  0.3409 
   00709    0.4475   -1084.2745  0.3431 
   00710    0.4850   -1072.8104  0.3353 
   00711    0.4075   -1088.2301  0.3389 
   00712    0.4400   -1096.6276  0.3526 
   00713    0.4325   -1088.0319  0.3530 
   00714    0.4000   -1080.5263  0.3589 
   00715    0.4575   -1079.7181  0.3645 
   00716    0.4650   -1081.4066  0.3728 
   00717    0.4775   -1086.7649  0.3657 
   00718    0.4525   -1082.7629  0.3727 
   00719    0.4250   -1064.4694  0.3807 
   00720    0.4825   -1075.3534  0.3730 
   00721    0.4550   -1078.1286  0.3727 
   00722    0.4775   -1074.3252  0.3649 
   00723    0.4375   -1085.3369  0.3662 
   00724    0.4225   -1077.6083  0.3590 
   00725    0.4525   -1083.4457  0.3539 
   00726    0.4350   -1090.5001  0.3516 
   00727    0.4250   -1090.6637  0.3561 
   00728    0.4275   -1082.3236  0.3654 
   00729    0.4500   -1072.1515  0.3599 
   00730    0.4500   -1076.4211  0.3525 
   00731    0.3725   -1066.0064  0.3518 
   00732    0.4125   -1072.3274  0.3545 
   00733    0.4500   -1086.3469  0.3565 
   00734    0.4775   -1090.2798  0.3620 
   00735    0.4800   -1086.6329  0.3646 
   00736    0.4350   -1077.1749  0.3632 
   00737    0.4625   -1101.7172  0.3504 
   00738    0.4175   -1089.6777  0.3462 
   00739    0.4200   -1094.1580  0.3568 
   00740    0.4575   -1115.0724  0.3540 
   00741    0.4375   -1103.6590  0.3490 
   00742    0.4300   -1110.0554  0.3537 
   00743    0.4150   -1099.6904  0.3545 
   00744    0.4425   -1072.6098  0.3558 
   00745    0.4425   -1098.2517  0.3608 
   00746    0.4700   -1079.9140  0.3437 
   00747    0.3900   -1063.8751  0.3388 
   00748    0.3925   -1061.5618  0.3422 
   00749    0.4600   -1058.5556  0.3340 
   00750    0.4725   -1048.2013  0.3306 
   00751    0.4425   -1044.7529  0.3313 
   00752    0.4325   -1034.7015  0.3264 
   00753    0.4875   -1030.7820  0.3356 
   00754    0.4775   -1062.1185  0.3539 
   00755    0.4150   -1072.0851  0.3639 
   00756    0.4575   -1077.4486  0.3715 
   00757    0.4650   -1060.0182  0.3743 
   00758    0.4750   -1058.5097  0.3774 
   00759    0.4550   -1073.2302  0.3862 
   00760    0.4600   -1081.5721  0.3928 
   00761    0.4775   -1101.1074  0.3881 
   00762    0.4625   -1089.0030  0.3956 
   00763    0.4650   -1090.0053  0.3776 
   00764    0.4625   -1085.0473  0.3824 
   00765    0.4325   -1093.5665  0.3805 
   00766    0.4200   -1109.5463  0.3782 
   00767    0.4475   -1097.8262  0.3733 
   00768    0.4300   -1107.3748  0.3698 
   00769    0.4750   -1077.8925  0.3481 
   00770    0.4575   -1069.6744  0.3439 
   00771    0.4500   -1058.3863  0.3441 
   00772    0.4000   -1046.1562  0.3458 
   00773    0.4525   -1054.6621  0.3504 
   00774    0.4300   -1059.9453  0.3618 
   00775    0.4600   -1070.1636  0.3668 
   00776    0.4275   -1068.2048  0.3587 
   00777    0.4475   -1067.2087  0.3552 
   00778    0.4350   -1055.4536  0.3523 
   00779    0.4200   -1059.6866  0.3520 
   00780    0.4325   -1064.9745  0.3657 
   00781    0.4525   -1064.5014  0.3569 
   00782    0.4825   -1054.9782  0.3617 
   00783    0.4400   -1049.5536  0.3532 
   00784    0.4475   -1059.4589  0.3605 
   00785    0.5250   -1052.3496  0.3723 
   00786    0.4700   -1056.8440  0.3759 
   00787    0.4325   -1057.0895  0.3803 
   00788    0.4525   -1039.2182  0.3907 
   00789    0.5100   -1030.5726  0.3904 
   00790    0.4150   -1017.0973  0.3924 
   00791    0.4700   -1016.1843  0.3794 
   00792    0.4400   -1021.1213  0.3688 
   00793    0.4050   -1031.0298  0.3747 
   00794    0.4950   -1019.6837  0.3745 
   00795    0.4825   -1036.0291  0.3704 
   00796    0.4025   -1034.2091  0.3683 
   00797    0.4150   -1054.9836  0.3600 
   00798    0.4600   -1055.0123  0.3715 
   00799    0.4700   -1075.0387  0.3742 
   00800    0.4125   -1088.3074  0.3667 
   00801    0.4550   -1085.9692  0.3705 
   00802    0.4250   -1080.6260  0.3657 
   00803    0.4725   -1087.0654  0.3518 
   00804    0.4550   -1069.4538  0.3642 
   00805    0.4450   -1061.1617  0.3767 
   00806    0.4575   -1073.6414  0.3643 
   00807    0.4575   -1081.4741  0.3608 
   00808    0.4875   -1087.9281  0.3388 
   00809    0.4400   -1094.4227  0.3368 
   00810    0.4425   -1090.8157  0.3168 
   00811    0.4550   -1068.7003  0.3238 
   00812    0.4225   -1072.5764  0.3499 
   00813    0.4700   -1071.5103  0.3351 
   00814    0.4325   -1077.5557  0.3425 
   00815    0.4500   -1083.1580  0.3390 
   00816    0.4350   -1082.1746  0.3404 
   00817    0.4250   -1090.6641  0.3516 
   00818    0.4375   -1071.2063  0.3486 
   00819    0.4500   -1085.7370  0.3514 
   00820    0.4250   -1098.9545  0.3595 
   00821    0.4625   -1092.2063  0.3640 
   00822    0.4825   -1102.8016  0.3643 
   00823    0.4750   -1094.9864  0.3712 
   00824    0.4875   -1070.7964  0.3423 
   00825    0.4650   -1090.4632  0.3379 
   00826    0.4375   -1080.4060  0.3417 
   00827    0.4875   -1057.5393  0.3598 
   00828    0.4725   -1051.2244  0.3585 
   00829    0.4575   -1038.9854  0.3538 
   00830    0.4550   -1043.0074  0.3638 
   00831    0.4275   -1041.1316  0.3820 
   00832    0.4900   -1037.9396  0.3776 
   00833    0.4550   -1023.9683  0.3710 
   00834    0.4650   -1013.5048  0.3700 
   00835    0.4225   -1025.7038  0.3686 
   00836    0.4550   -1033.4953  0.3807 
   00837    0.4450   -1065.5468  0.3892 
   00838    0.4400   -1091.5939  0.3880 
   00839    0.4275   -1105.3854  0.3819 
   00840    0.4650   -1099.4724  0.3755 
   00841    0.4625   -1090.5513  0.3658 
   00842    0.4550   -1098.0994  0.3676 
   00843    0.4350   -1098.6775  0.3713 
   00844    0.4575   -1096.3718  0.3639 
   00845    0.4700   -1081.5357  0.3587 
   00846    0.4225   -1068.9286  0.3511 
   00847    0.4275   -1062.7771  0.3649 
   00848    0.4175   -1084.6039  0.3783 
   00849    0.4675   -1061.1997  0.3865 
   00850    0.4550   -1063.1851  0.3879 
   00851    0.4425   -1071.6888  0.3934 
   00852    0.4425   -1083.5343  0.3998 
   00853    0.4600   -1083.3755  0.4045 
   00854    0.4150   -1077.0535  0.4170 
   00855    0.4375   -1078.1324  0.4331 
   00856    0.4225   -1077.6844  0.4309 
   00857    0.4500   -1099.6386  0.4505 
   00858    0.4525   -1081.3947  0.4405 
   00859    0.4125   -1055.2962  0.4241 
   00860    0.4525   -1068.0591  0.4096 
   00861    0.4300   -1068.3528  0.4085 
   00862    0.4100   -1056.0408  0.4218 
   00863    0.4550   -1066.1855  0.4256 
   00864    0.4950   -1070.4392  0.4326 
   00865    0.4175   -1098.4745  0.4405 
   00866    0.4400   -1075.3132  0.4404 
   00867    0.4525   -1072.1471  0.4300 
   00868    0.4275   -1069.7838  0.4236 
   00869    0.4425   -1073.5021  0.4219 
   00870    0.4625   -1081.8732  0.4256 
   00871    0.4400   -1070.6054  0.4206 
   00872    0.4900   -1049.5036  0.4083 
   00873    0.4500   -1047.8659  0.4051 
   00874    0.4500   -1035.5407  0.3978 
   00875    0.4125   -1034.7355  0.3822 
   00876    0.4775   -1041.8369  0.3868 
   00877    0.4650   -1024.0576  0.3754 
   00878    0.4500   -1021.2584  0.3790 
   00879    0.4750   -1023.4693  0.3869 
   00880    0.4675   -1009.7551  0.3931 
   00881    0.4825   -1046.6990  0.4091 
   00882    0.4325   -1066.0444  0.3955 
   00883    0.4425   -1067.8420  0.3833 
   00884    0.4750   -1063.9233  0.3886 
   00885    0.4525   -1060.8789  0.3809 
   00886    0.4575   -1056.1116  0.3663 
   00887    0.4575   -1060.1514  0.3534 
   00888    0.4825   -1059.1714  0.3584 
   00889    0.4625   -1050.4934  0.3623 
   00890    0.4750   -1049.6102  0.3461 
   00891    0.4825   -1054.5152  0.3550 
   00892    0.4525   -1075.7463  0.3382 
   00893    0.4875   -1058.7882  0.3378 
   00894    0.4950   -1045.2452  0.3540 
   00895    0.4450   -1047.8568  0.3564 
   00896    0.4450   -1046.8182  0.3381 
   00897    0.4775   -1034.4123  0.3372 
   00898    0.4875   -1028.2490  0.3582 
   00899    0.4425   -1042.1972  0.3474 
   00900    0.4750   -1036.3448  0.3465 
   00901    0.4450   -1050.9976  0.3473 
   00902    0.4575   -1049.6650  0.3402 
   00903    0.4925   -1053.8059  0.3536 
   00904    0.4500   -1063.0885  0.3662 
   00905    0.4675   -1077.7574  0.3773 
   00906    0.4550   -1065.8583  0.3712 
   00907    0.4475   -1081.4167  0.3668 
   00908    0.4325   -1087.7543  0.3599 
   00909    0.4325   -1073.6502  0.3800 
   00910    0.4100   -1070.4397  0.3570 
   00911    0.4750   -1060.7731  0.3616 
   00912    0.4400   -1058.6433  0.3785 
   00913    0.4650   -1071.9722  0.3912 
   00914    0.4325   -1080.7214  0.4013 
   00915    0.4675   -1043.4174  0.3896 
   00916    0.4500   -1045.2417  0.4057 
   00917    0.4325   -1037.6539  0.4046 
   00918    0.4550   -1029.6974  0.3981 
   00919    0.4425   -1020.2350  0.4187 
   00920    0.4625   -1020.8190  0.4075 
   00921    0.4600   -1012.6540  0.4062 
   00922    0.4850   -1006.7500  0.3978 
   00923    0.4975   -1025.3337  0.4042 
   00924    0.4525   -1019.5325  0.3908 
   00925    0.4600   -1029.7377  0.3904 
   00926    0.5150   -1037.5964  0.3719 
   00927    0.4575   -1020.7091  0.3726 
   00928    0.4450   -1023.4928  0.3831 
   00929    0.4475   -1033.6134  0.3761 
   00930    0.5025   -1035.2298  0.3621 
   00931    0.4700   -1022.2134  0.3708 
   00932    0.4775   -1014.6034  0.3513 
   00933    0.4750   -1021.8462  0.3505 
   00934    0.4750   -1010.7484  0.3469 
   00935    0.4900   -1021.9755  0.3615 
   00936    0.4250   -1007.3702  0.3567 
   00937    0.4375   -1011.8258  0.3614 
   00938    0.4300   -1022.3388  0.3729 
   00939    0.4675   -1010.2879  0.3738 
   00940    0.4500   -1026.5667  0.3845 
   00941    0.4625   -1023.1762  0.3817 
   00942    0.4900   -1011.9453  0.3754 
   00943    0.4850    -997.8129  0.3715 
   00944    0.5075   -1005.6029  0.3713 
   00945    0.4700   -1010.4092  0.3706 
   00946    0.4375   -1012.5915  0.3620 
   00947    0.4875   -1012.6022  0.3712 
   00948    0.4750    -995.7618  0.3667 
   00949    0.4525    -977.9310  0.3726 
   00950    0.4825    -982.0734  0.3619 
   00951    0.4675    -983.0110  0.3745 
   00952    0.4450    -995.0487  0.3942 
   00953    0.5125   -1002.2337  0.3961 
   00954    0.5000   -1000.4783  0.3674 
   00955    0.4875   -1002.8447  0.3631 
   00956    0.4400   -1022.0049  0.3502 
   00957    0.4475   -1032.3585  0.3592 
   00958    0.4225   -1048.0932  0.3707 
   00959    0.4275   -1029.8063  0.3857 
   00960    0.4275   -1032.3220  0.3734 
   00961    0.4275   -1054.0622  0.3950 
   00962    0.4250   -1027.6992  0.3818 
   00963    0.4850   -1032.8007  0.3857 
   00964    0.4775   -1043.2505  0.3726 
   00965    0.4575   -1032.3749  0.3857 
   00966    0.4525   -1021.2303  0.3836 
   00967    0.4675    -996.4098  0.3851 
   00968    0.4975    -996.0575  0.4006 
   00969    0.4975    -996.1691  0.4043 
   00970    0.4900   -1011.8899  0.4341 
   00971    0.4750   -1015.8568  0.4280 
   00972    0.4600   -1015.2160  0.4308 
   00973    0.4625   -1030.6996  0.4398 
   00974    0.4850   -1050.5287  0.4406 
   00975    0.4950   -1043.8554  0.4420 
   00976    0.4375   -1056.9509  0.4323 
   00977    0.5125   -1071.9188  0.4300 
   00978    0.5175   -1072.5911  0.4364 
   00979    0.4825   -1086.7158  0.4421 
   00980    0.4650   -1070.6963  0.4353 
   00981    0.4275   -1071.2378  0.4415 
   00982    0.4600   -1068.8099  0.4564 
   00983    0.3900   -1107.5710  0.4582 
   00984    0.4450   -1109.6784  0.4717 
   00985    0.4450   -1108.3134  0.4744 
   00986    0.4200   -1076.2705  0.4513 
   00987    0.4600   -1063.3201  0.4577 
   00988    0.5150   -1044.1480  0.4722 
   00989    0.4875   -1026.9163  0.4641 
   00990    0.4700   -1035.9123  0.4642 
   00991    0.4700   -1036.6173  0.4545 
   00992    0.4500   -1045.4321  0.4605 
   00993    0.4950   -1052.3095  0.4534 
   00994    0.4250   -1042.6171  0.4444 
   00995    0.4400   -1024.9926  0.4479 
   00996    0.4850   -1023.1506  0.4671 
   00997    0.4500   -1053.3715  0.4660 
   00998    0.4575   -1079.8866  0.4738 
   00999    0.4475   -1083.1350  0.4865 
   01000    0.4425   -1073.7488  0.4866 
