#=====================================================
# File created:        Wed-05-Nov-2025-at-12-04-40AM
# Size of lattice:     20x20
# Number of MC steps:  1000
# Reduced temperature: 1.400
# Run time (s):        1.557443
#=====================================================
# MC step:  Ratio:     Energy:   Order:
#=====================================================
   00000    0.5000    -380.9056  0.2831 
   00001    0.7800    -420.3902  0.2848 
   00002    0.7225    -435.9745  0.2902 
   00003    0.7325    -471.9498  0.2901 
   00004    0.7375    -507.1041  0.3040 
   00005    0.7375    -541.8124  0.3068 
   00006    0.7025    -591.3279  0.2959 
   00007    0.7225    -583.0548  0.2821 
   00008    0.7125    -617.7002  0.3085 
   00009    0.7175    -614.8806  0.2987 
   00010    0.6950    -639.7607  0.3041 
   00011    0.6950    -613.8145  0.3104 
   00012    0.6200    -617.3173  0.3160 
   00013    0.6825    -628.1300  0.3136 
   00014    0.6700    -634.9655  0.3139 
   00015    0.6550    -614.4791  0.3006 
   00016    0.6800    -630.3173  0.2890 
   00017    0.6775    -653.0259  0.2982 
   00018    0.6325    -662.3554  0.2782 
   00019    0.6275    -677.0393  0.2653 
   00020    0.6550    -692.0975  0.2746 
   00021    0.6025    -679.8971  0.2662 
   00022    0.6725    -695.3452  0.2574 
   00023    0.6350    -709.9769  0.2775 
   00024    0.5900    -711.6541  0.2854 
   00025    0.6525    -710.3284  0.2985 
   00026    0.6900    -710.9203  0.3018 
   00027    0.5975    -735.4675  0.2948 
   00028    0.6550    -723.4965  0.3023 
   00029    0.6075    -707.1809  0.3069 
   00030    0.6775    -717.8590  0.2984 
   00031    0.6425    -754.2099  0.3018 
   00032    0.6325    -730.1453  0.2951 
   00033    0.6275    -734.5820  0.2805 
   00034    0.6475    -758.6511  0.2961 
   00035    0.6275    -752.4318  0.2874 
   00036    0.6400    -736.3691  0.2872 
   00037    0.6550    -735.3455  0.2916 
   00038    0.6325    -714.8554  0.2828 
   00039    0.6175    -736.3903  0.2729 
   00040    0.6575    -742.6672  0.2654 
   00041    0.5875    -750.7459  0.2857 
   00042    0.6725    -748.9530  0.2828 
   00043    0.6400    -769.1239  0.2863 
   00044    0.6225    -770.7390  0.2736 
   00045    0.6325    -748.1782  0.2685 
   00046    0.6050    -743.7695  0.2653 
   00047    0.5875    -736.9319  0.2520 
   00048    0.6275    -721.3393  0.2708 
   00049    0.6300    -705.3380  0.2547 
   00050    0.6675    -731.9403  0.2711 
   00051    0.6650    -750.6813  0.2830 
   00052    0.6525    -747.3172  0.2807 
   00053    0.6275    -710.9356  0.2887 
   00054    0.6550    -724.4532  0.2832 
   00055    0.6500    -736.6803  0.2983 
   00056    0.6350    -735.4215  0.2974 
   00057    0.6225    -739.8693  0.2956 
   00058    0.6675    -739.0514  0.2959 
   00059    0.6200    -738.1135  0.2916 
   00060    0.6300    -732.5072  0.2752 
   00061    0.6325    -730.4504  0.2856 
   00062    0.6725    -711.4663  0.2857 
   00063    0.6375    -721.3130  0.2941 
   00064    0.5975    -727.7312  0.2801 
   00065    0.6575    -709.0966  0.2705 
   00066    0.6375    -709.9217  0.2796 
   00067    0.6600    -688.7500  0.2730 
   00068    0.6425    -681.2494  0.2788 
   00069    0.6550    -688.0393  0.2865 
   00070    0.6050    -691.5746  0.2753 
   00071    0.5775    -678.0355  0.2920 
   00072    0.5850    -689.5673  0.2926 
   00073    0.5925    -691.6188  0.2961 
   00074    0.6225    -730.3880  0.2933 
   00075    0.6675    -750.3410  0.3171 
   00076    0.6125    -752.0539  0.3088 
   00077    0.6150    -753.8597  0.3125 
   00078    0.6475    -754.6433  0.3100 
   00079    0.6600    -787.1417  0.3163 
   00080    0.6400    -763.6385  0.2950 
   00081    0.6300    -743.2654  0.2932 
   00082    0.6450    -756.1427  0.2904 
   00083    0.6375    -753.8637  0.3012 
   00084    0.6450    -754.2705  0.3041 
   00085    0.6525    -754.6260  0.3102 
   00086    0.6400    -764.0898  0.2914 
   00087    0.6725    -772.5194  0.2802 
   00088    0.6675    -768.5778  0.2891 
   00089    0.6300    -760.0990  0.3017 
   00090    0.6200    -757.9931  0.3042 
   00091    0.6350    -783.2039  0.3055 
   00092    0.6800    -785.3436  0.2933 
   00093    0.6050    -775.4610  0.2694 
   00094    0.5975    -786.5468  0.2579 
   00095    0.6900    -775.6517  0.2615 
   00096    0.6150    -773.9526  0.2690 
   00097    0.6300    -772.3845  0.2624 
   00098    0.6300    -768.2744  0.2637 
   00099    0.5450    -760.5399  0.2639 
   00100    0.6575    -756.2203  0.2550 
   00101    0.6050    -761.8202  0.2600 
   00102    0.6100    -760.5960  0.2713 
   00103    0.5675    -752.6275  0.2712 
   00104    0.6325    -747.4881  0.2874 
   00105    0.6800    -751.7693  0.2921 
   00106    0.6225    -751.5672  0.2917 
   00107    0.6600    -745.0481  0.3008 
   00108    0.6050    -760.6712  0.3107 
   00109    0.5875    -764.1990  0.3047 
   00110    0.6475    -753.1436  0.2901 
   00111    0.6225    -751.8516  0.2800 
   00112    0.6300    -764.7690  0.2818 
   00113    0.6350    -779.0898  0.2896 
   00114    0.6550    -793.7443  0.2805 
   00115    0.6425    -802.2025  0.2636 
   00116    0.6250    -755.4819  0.2739 
   00117    0.6250    -780.0374  0.2887 
   00118    0.6200    -770.3693  0.2929 
   00119    0.6650    -778.7166  0.2984 
   00120    0.6575    -795.1128  0.3051 
   00121    0.6225    -783.4332  0.2960 
   00122    0.6200    -775.3225  0.2973 
   00123    0.5925    -772.5562  0.2853 
   00124    0.6575    -772.2607  0.3088 
   00125    0.6500    -773.9052  0.3145 
   00126    0.6750    -773.0148  0.3308 
   00127    0.6425    -780.5394  0.3311 
   00128    0.5700    -784.7436  0.3185 
   00129    0.5900    -796.1107  0.3272 
   00130    0.6350    -800.3908  0.3503 
   00131    0.6175    -823.7548  0.3559 
   00132    0.6375    -814.9749  0.3652 
   00133    0.6100    -831.2223  0.3744 
   00134    0.6175    -826.3908  0.3857 
   00135    0.6150    -817.3455  0.3744 
   00136    0.6075    -818.3834  0.3724 
   00137    0.6475    -820.0762  0.3805 
   00138    0.6325    -816.3814  0.3802 
   00139    0.6050    -812.1120  0.3708 
   00140    0.6175    -808.0303  0.3805 
   00141    0.6100    -790.1909  0.4012 
   00142    0.6800    -773.8815  0.4005 
   00143    0.6250    -786.4690  0.3897 
   00144    0.6350    -781.7986  0.3842 
   00145    0.6275    -791.8655  0.3891 
   00146    0.5850    -779.4095  0.3779 
   00147    0.6275    -792.0237  0.3790 
   00148    0.6100    -800.0694  0.3735 
   00149    0.6225    -782.6713  0.3562 
   00150    0.6375    -778.1450  0.3538 
   00151    0.6325    -758.6177  0.3459 
   00152    0.5800    -757.9334  0.3312 
   00153    0.6250    -748.3070  0.3188 
   00154    0.5875    -757.4668  0.3176 
   00155    0.6050    -763.9980  0.3153 
   00156    0.6000    -752.4639  0.3069 
   00157    0.6500    -773.5094  0.3321 
   00158    0.6050    -761.6067  0.3368 
   00159    0.6000    -748.0964  0.3391 
   00160    0.6225    -753.9974  0.3431 
   00161    0.6375    -760.8449  0.3462 
   00162    0.6600    -775.8114  0.3457 
   00163    0.6225    -772.7781  0.3559 
   00164    0.6200    -771.9906  0.3533 
   00165    0.6125    -739.8455  0.3416 
   00166    0.5550    -741.2297  0.3322 
   00167    0.6625    -745.1826  0.3216 
   00168    0.5950    -756.8763  0.3259 
   00169    0.6625    -730.0695  0.3297 
   00170    0.6025    -724.1684  0.3388 
   00171    0.6275    -721.2915  0.3452 
   00172    0.6550    -720.8704  0.3406 
   00173    0.6675    -711.9804  0.3464 
   00174    0.6500    -736.8889  0.3392 
   00175    0.5875    -743.8338  0.3308 
   00176    0.6075    -740.3876  0.3396 
   00177    0.6275    -745.4324  0.3444 
   00178    0.6375    -729.3781  0.3417 
   00179    0.6225    -746.5203  0.3436 
   00180    0.5950    -758.3220  0.3256 
   00181    0.5900    -757.5832  0.3214 
   00182    0.6200    -749.6775  0.3120 
   00183    0.6125    -727.2721  0.3325 
   00184    0.6125    -730.5515  0.3274 
   00185    0.6125    -717.9691  0.3306 
   00186    0.6050    -727.7640  0.3306 
   00187    0.6150    -735.1629  0.3191 
   00188    0.5850    -738.1327  0.3160 
   00189    0.6150    -755.0783  0.3313 
   00190    0.6175    -727.5829  0.3227 
   00191    0.6250    -735.5911  0.3333 
   00192    0.6050    -713.9809  0.3491 
   00193    0.6125    -715.2635  0.3427 
   00194    0.5925    -721.2520  0.3343 
   00195    0.6050    -724.0530  0.3277 
   00196    0.6350    -744.6794  0.3331 
   00197    0.6725    -731.9202  0.3239 
   00198    0.6650    -717.0196  0.3249 
   00199    0.6250    -725.0349  0.3200 
   00200    0.5950    -732.3509  0.3319 
   00201    0.6575    -734.3717  0.3435 
   00202    0.6475    -726.7426  0.3466 
   00203    0.6275    -732.2360  0.3658 
   00204    0.6575    -731.9444  0.3633 
   00205    0.5950    -738.3745  0.3644 
   00206    0.6125    -748.4985  0.3542 
   00207    0.6525    -741.4082  0.3570 
   00208    0.6450    -744.0063  0.3560 
   00209    0.6125    -737.4006  0.3567 
   00210    0.6300    -761.2430  0.3536 
   00211    0.5825    -755.0263  0.3456 
   00212    0.6225    -748.9535  0.3471 
   00213    0.6250    -717.3806  0.3309 
   00214    0.6275    -725.1906  0.3425 
   00215    0.6600    -749.3937  0.3510 
   00216    0.6400    -731.9052  0.3503 
   00217    0.6500    -723.5207  0.3398 
   00218    0.6575    -686.9836  0.3333 
   00219    0.6500    -700.9309  0.3436 
   00220    0.5950    -690.3979  0.3450 
   00221    0.6350    -687.2635  0.3394 
   00222    0.6375    -670.8975  0.3471 
   00223    0.6450    -674.1465  0.3283 
   00224    0.6150    -685.6781  0.3353 
   00225    0.5825    -688.3611  0.3154 
   00226    0.6050    -683.4641  0.3191 
   00227    0.6200    -658.4066  0.3290 
   00228    0.6325    -663.0607  0.3373 
   00229    0.6500    -660.0830  0.3373 
   00230    0.6175    -669.6638  0.3286 
   00231    0.6000    -678.3275  0.3226 
   00232    0.6525    -692.6220  0.3296 
   00233    0.5875    -708.2486  0.3318 
   00234    0.5850    -708.2001  0.3253 
   00235    0.6875    -695.8448  0.3226 
   00236    0.6250    -715.3514  0.3218 
   00237    0.6625    -704.7090  0.2979 
   00238    0.5900    -699.0435  0.2938 
   00239    0.6350    -673.6970  0.2962 
   00240    0.6150    -664.8761  0.2978 
   00241    0.6150    -671.0725  0.3058 
   00242    0.6475    -658.6212  0.2994 
   00243    0.6150    -653.1502  0.2971 
   00244    0.6425    -653.0453  0.2889 
   00245    0.6150    -677.6319  0.3009 
   00246    0.6275    -685.1661  0.3086 
   00247    0.6075    -689.4183  0.2940 
   00248    0.6150    -718.1270  0.2819 
   00249    0.6300    -696.6395  0.2865 
   00250    0.6200    -701.1942  0.2800 
   00251    0.6150    -693.5688  0.2916 
   00252    0.6100    -715.5236  0.2853 
   00253    0.6650    -717.7777  0.2776 
   00254    0.6125    -729.3724  0.2758 
   00255    0.6500    -729.6320  0.2824 
   00256    0.6050    -746.5420  0.2804 
   00257    0.6475    -725.5162  0.2675 
   00258    0.6550    -736.1141  0.2753 
   00259    0.5900    -731.1466  0.2774 
   00260    0.6625    -722.0945  0.2710 
   00261    0.5900    -716.3774  0.2827 
   00262    0.6600    -717.8250  0.2867 
   00263    0.6200    -728.9270  0.2823 
   00264    0.6000    -726.6926  0.2820 
   00265    0.6050    -722.9684  0.2881 
   00266    0.6150    -739.5822  0.2782 
   00267    0.6500    -727.4373  0.2656 
   00268    0.6350    -723.0510  0.2713 
   00269    0.6100    -711.7562  0.2670 
   00270    0.6275    -716.5972  0.2719 
   00271    0.6250    -691.3342  0.2630 
   00272    0.6350    -705.2758  0.2733 
   00273    0.6000    -694.4880  0.2687 
   00274    0.6075    -702.8675  0.2830 
   00275    0.6625    -706.6516  0.2790 
   00276    0.6125    -721.7500  0.3022 
   00277    0.6475    -712.8460  0.2990 
   00278    0.6250    -738.0446  0.2864 
   00279    0.6325    -717.1441  0.2977 
   00280    0.5975    -720.2147  0.2941 
   00281    0.5725    -720.7938  0.3014 
   00282    0.6400    -717.2895  0.2980 
   00283    0.6375    -724.8558  0.3084 
   00284    0.6500    -706.3348  0.3263 
   00285    0.6925    -692.2798  0.3195 
   00286    0.6150    -695.8830  0.3226 
   00287    0.5925    -675.0498  0.3109 
   00288    0.6200    -661.7811  0.3073 
   00289    0.6075    -662.4669  0.3165 
   00290    0.6075    -653.5295  0.3080 
   00291    0.6250    -647.8712  0.2994 
   00292    0.6625    -649.0037  0.3065 
   00293    0.6025    -659.9480  0.3008 
   00294    0.6050    -649.7422  0.3116 
   00295    0.6100    -652.3114  0.3077 
   00296    0.6325    -650.2666  0.3092 
   00297    0.6000    -654.0252  0.3112 
   00298    0.6525    -632.8367  0.3097 
   00299    0.6450    -650.5949  0.2980 
   00300    0.6650    -695.5299  0.3012 
   00301    0.6175    -688.4613  0.3113 
   00302    0.6200    -709.7725  0.3338 
   00303    0.6375    -713.1904  0.3350 
   00304    0.6375    -696.0945  0.3244 
   00305    0.6225    -691.4856  0.3323 
   00306    0.5925    -696.0439  0.3249 
   00307    0.6025    -688.5280  0.3159 
   00308    0.6225    -705.2608  0.3012 
   00309    0.6300    -699.8092  0.3114 
   00310    0.5975    -721.5845  0.3225 
   00311    0.6025    -722.1144  0.3270 
   00312    0.6150    -710.0511  0.3109 
   00313    0.5575    -728.2733  0.3081 
   00314    0.6125    -722.1537  0.3254 
   00315    0.5925    -738.7731  0.3195 
   00316    0.6125    -727.9974  0.3329 
   00317    0.6325    -741.5616  0.3378 
   00318    0.6150    -755.0666  0.3186 
   00319    0.6300    -743.8466  0.3039 
   00320    0.6200    -745.5309  0.3202 
   00321    0.6575    -743.7075  0.3161 
   00322    0.6000    -734.3744  0.3250 
   00323    0.5900    -728.7818  0.3058 
   00324    0.5700    -750.2392  0.3104 
   00325    0.6350    -739.2648  0.3344 
   00326    0.6375    -753.0102  0.3326 
   00327    0.6350    -752.5132  0.3216 
   00328    0.6125    -780.0248  0.3202 
   00329    0.6325    -774.7151  0.3196 
   00330    0.5975    -764.8790  0.3061 
   00331    0.6125    -756.8842  0.3156 
   00332    0.6125    -761.0722  0.3020 
   00333    0.6275    -757.7923  0.3057 
   00334    0.6225    -731.1276  0.3090 
   00335    0.6500    -738.6687  0.3251 
   00336    0.5900    -747.4045  0.3208 
   00337    0.5975    -736.0929  0.3268 
   00338    0.6300    -745.8170  0.3349 
   00339    0.6225    -744.7754  0.3423 
   00340    0.5850    -718.0939  0.3572 
   00341    0.6475    -726.7361  0.3683 
   00342    0.6200    -746.8733  0.3771 
   00343    0.6150    -775.5643  0.3720 
   00344    0.6550    -751.6812  0.3773 
   00345    0.6050    -746.0433  0.3890 
   00346    0.6625    -767.5231  0.3979 
   00347    0.6175    -765.9115  0.4004 
   00348    0.6250    -741.1011  0.3781 
   00349    0.6050    -749.2880  0.3776 
   00350    0.6150    -756.6701  0.3743 
   00351    0.6350    -772.9112  0.3806 
   00352    0.5975    -757.8585  0.3923 
   00353    0.6475    -746.4510  0.3745 
   00354    0.5900    -737.2331  0.3836 
   00355    0.6200    -742.0855  0.3873 
   00356    0.6150    -732.5263  0.3848 
   00357    0.6400    -712.1320  0.3937 
   00358    0.6625    -709.4271  0.3985 
   00359    0.6475    -697.0154  0.3726 
   00360    0.6225    -734.4274  0.3637 
   00361    0.6200    -732.4999  0.3654 
   00362    0.6550    -748.2406  0.3673 
   00363    0.5825    -731.5650  0.3615 
   00364    0.6150    -730.2759  0.3416 
   00365    0.6125    -728.2145  0.3373 
   00366    0.6125    -742.6957  0.3275 
   00367    0.6275    -742.2815  0.3158 
   00368    0.6300    -755.7057  0.3137 
   00369    0.6325    -751.8349  0.3207 
   00370    0.6275    -751.7361  0.3007 
   00371    0.6400    -779.0642  0.3260 
   00372    0.6100    -773.7491  0.3121 
   00373    0.6400    -769.5151  0.3043 
   00374    0.6175    -768.7455  0.3059 
   00375    0.6450    -758.5931  0.3080 
   00376    0.5900    -740.7660  0.3010 
   00377    0.5725    -751.6761  0.2861 
   00378    0.6525    -745.6832  0.2818 
   00379    0.6125    -750.2806  0.2937 
   00380    0.6050    -760.0899  0.3232 
   00381    0.5925    -773.1990  0.3169 
   00382    0.6250    -782.7030  0.3124 
   00383    0.6100    -798.2477  0.3201 
   00384    0.5800    -801.2545  0.3185 
   00385    0.6500    -798.1639  0.3034 
   00386    0.5975    -780.3660  0.3084 
   00387    0.6650    -793.1749  0.3098 
   00388    0.5975    -795.8880  0.3133 
   00389    0.6375    -762.5579  0.3101 
   00390    0.6425    -753.6310  0.3046 
   00391    0.5750    -744.1858  0.3072 
   00392    0.6150    -732.3588  0.3121 
   00393    0.6600    -730.9179  0.3184 
   00394    0.5725    -725.9946  0.3423 
   00395    0.6175    -739.1347  0.3471 
   00396    0.6175    -727.0875  0.3460 
   00397    0.6050    -733.2220  0.3289 
   00398    0.6350    -737.9143  0.3243 
   00399    0.6050    -741.5432  0.3264 
   00400    0.5900    -716.6428  0.3196 
   00401    0.6525    -728.5946  0.3227 
   00402    0.6325    -736.4548  0.3259 
   00403    0.5950    -739.1179  0.3228 
   00404    0.6000    -730.9889  0.3275 
   00405    0.6050    -735.5783  0.3285 
   00406    0.6375    -711.4796  0.3072 
   00407    0.6300    -734.8019  0.2979 
   00408    0.6125    -720.3828  0.2947 
   00409    0.6200    -722.1472  0.2975 
   00410    0.5850    -722.4666  0.3167 
   00411    0.6125    -734.3841  0.3155 
   00412    0.6175    -739.5141  0.3183 
   00413    0.6025    -754.0281  0.3260 
   00414    0.6250    -755.6761  0.3308 
   00415    0.6250    -751.6145  0.3415 
   00416    0.6100    -764.2348  0.3379 
   00417    0.6250    -747.0425  0.3393 
   00418    0.6825    -761.2040  0.3393 
   00419    0.6050    -759.3773  0.3405 
   00420    0.6275    -761.6046  0.3361 
   00421    0.6200    -738.3366  0.3306 
   00422    0.6150    -728.3215  0.3270 
   00423    0.6275    -728.3742  0.3364 
   00424    0.5850    -729.6193  0.3317 
   00425    0.5750    -733.7451  0.3200 
   00426    0.6675    -759.6401  0.3325 
   00427    0.6575    -771.9612  0.3325 
   00428    0.6225    -730.9414  0.3245 
   00429    0.6125    -719.2639  0.3242 
   00430    0.5800    -727.2240  0.3329 
   00431    0.6550    -748.2427  0.3371 
   00432    0.5875    -751.0304  0.3432 
   00433    0.5925    -767.3890  0.3507 
   00434    0.5925    -737.4854  0.3438 
   00435    0.6725    -744.3318  0.3674 
   00436    0.5950    -739.8520  0.3655 
   00437    0.6225    -751.3648  0.3648 
   00438    0.5925    -754.5734  0.3612 
   00439    0.6050    -759.5161  0.3624 
   00440    0.5925    -733.9071  0.3850 
   00441    0.6300    -760.2190  0.3782 
   00442    0.6450    -741.0537  0.3805 
   00443    0.6500    -753.4508  0.3761 
   00444    0.6275    -764.9978  0.3735 
   00445    0.6400    -776.7245  0.3727 
   00446    0.6000    -775.9224  0.3810 
   00447    0.5725    -771.7135  0.3739 
   00448    0.6525    -744.3293  0.3740 
   00449    0.6475    -723.4678  0.3573 
   00450    0.6625    -709.1896  0.3328 
   00451    0.6475    -706.7960  0.3191 
   00452    0.6325    -704.9637  0.3022 
   00453    0.6325    -722.9398  0.2969 
   00454    0.5950    -729.1517  0.2969 
   00455    0.6200    -732.6064  0.2917 
   00456    0.6175    -751.6791  0.2856 
   00457    0.6250    -752.7612  0.2837 
   00458    0.6325    -751.7339  0.2982 
   00459    0.6050    -738.6523  0.2947 
   00460    0.5950    -736.8906  0.2949 
   00461    0.6675    -747.9896  0.2850 
   00462    0.6475    -744.6007  0.2862 
   00463    0.6075    -761.7584  0.2832 
   00464    0.6325    -765.8787  0.2876 
   00465    0.6475    -751.3328  0.2912 
   00466    0.6225    -768.5364  0.2951 
   00467    0.6425    -757.2594  0.3081 
   00468    0.6575    -750.4169  0.2948 
   00469    0.6075    -751.5891  0.2911 
   00470    0.6475    -759.0902  0.2926 
   00471    0.6350    -748.5950  0.3037 
   00472    0.6175    -749.8188  0.2926 
   00473    0.6050    -719.7602  0.2873 
   00474    0.6375    -715.9818  0.2889 
   00475    0.6775    -719.1867  0.2924 
   00476    0.6150    -698.5748  0.2986 
   00477    0.6300    -688.8424  0.3082 
   00478    0.6575    -676.4286  0.2945 
   00479    0.6375    -685.4642  0.2983 
   00480    0.6125    -688.1036  0.3147 
   00481    0.6550    -694.9009  0.3153 
   00482    0.6450    -699.7531  0.3135 
   00483    0.6500    -688.1227  0.3119 
   00484    0.6550    -690.6405  0.3371 
   00485    0.6300    -694.3054  0.3413 
   00486    0.6825    -704.5749  0.3443 
   00487    0.6325    -735.7658  0.3443 
   00488    0.5850    -730.8216  0.3427 
   00489    0.6050    -731.2423  0.3469 
   00490    0.6175    -720.7465  0.3505 
   00491    0.6375    -738.4109  0.3609 
   00492    0.6300    -730.6756  0.3585 
   00493    0.6000    -717.5553  0.3355 
   00494    0.6650    -731.9750  0.3329 
   00495    0.6100    -752.3111  0.3463 
   00496    0.6350    -733.3156  0.3658 
   00497    0.6175    -720.0080  0.3681 
   00498    0.5875    -697.6249  0.3683 
   00499    0.6250    -696.5338  0.3640 
   00500    0.6500    -709.3451  0.3708 
   00501    0.6425    -701.5906  0.3696 
   00502    0.5925    -725.2652  0.3513 
   00503    0.6400    -749.7442  0.3401 
   00504    0.6100    -745.6382  0.3457 
   00505    0.6275    -770.5285  0.3552 
   00506    0.6225    -783.6590  0.3645 
   00507    0.6300    -754.2534  0.3652 
   00508    0.5875    -757.2177  0.3788 
   00509    0.6200    -775.1230  0.3797 
   00510    0.6300    -780.2933  0.3750 
   00511    0.6425    -791.1412  0.3743 
   00512    0.5650    -797.6237  0.3676 
   00513    0.6475    -802.4517  0.3598 
   00514    0.5975    -793.9679  0.3528 
   00515    0.6375    -788.2917  0.3456 
   00516    0.6575    -786.3550  0.3377 
   00517    0.6425    -798.9601  0.3447 
   00518    0.6000    -798.4681  0.3304 
   00519    0.6300    -820.3851  0.3327 
   00520    0.5875    -830.1330  0.3325 
   00521    0.5825    -797.2675  0.3202 
   00522    0.6375    -806.7078  0.3189 
   00523    0.6000    -816.4926  0.3190 
   00524    0.5875    -807.9985  0.3193 
   00525    0.6550    -814.2438  0.3175 
   00526    0.6050    -809.9293  0.3112 
   00527    0.6350    -831.4787  0.3114 
   00528    0.6150    -821.0882  0.3226 
   00529    0.6025    -826.1848  0.3297 
   00530    0.6600    -829.7986  0.3228 
   00531    0.6250    -815.6351  0.3127 
   00532    0.6150    -814.8144  0.3164 
   00533    0.5900    -823.6619  0.3185 
   00534    0.5925    -822.0838  0.3217 
   00535    0.6275    -828.3092  0.3224 
   00536    0.6325    -831.7711  0.3235 
   00537    0.6050    -829.0206  0.3253 
   00538    0.6125    -839.3347  0.3190 
   00539    0.6025    -806.6195  0.3272 
   00540    0.5925    -810.9132  0.3349 
   00541    0.6200    -794.0744  0.3416 
   00542    0.6175    -779.7162  0.3410 
   00543    0.5825    -817.0437  0.3539 
   00544    0.6100    -803.6444  0.3517 
   00545    0.6250    -796.7743  0.3377 
   00546    0.6300    -808.5422  0.3392 
   00547    0.6475    -815.0107  0.3413 
   00548    0.6125    -809.8675  0.3431 
   00549    0.6150    -790.4346  0.3282 
   00550    0.6550    -790.9126  0.3524 
   00551    0.6125    -802.7081  0.3553 
   00552    0.6050    -806.2398  0.3432 
   00553    0.6125    -783.8969  0.3404 
   00554    0.6125    -795.9540  0.3509 
   00555    0.6150    -790.3914  0.3413 
   00556    0.5950    -777.7792  0.3351 
   00557    0.6200    -766.6512  0.3438 
   00558    0.5525    -773.6467  0.3372 
   00559    0.6025    -787.2646  0.3440 
   00560    0.6350    -787.5721  0.3445 
   00561    0.6200    -798.0178  0.3458 
   00562    0.6225    -778.8103  0.3523 
   00563    0.6000    -773.7474  0.3422 
   00564    0.6450    -775.3502  0.3586 
   00565    0.6375    -769.3355  0.3563 
   00566    0.6575    -775.6867  0.3634 
   00567    0.5900    -780.9322  0.3555 
   00568    0.6300    -769.5200  0.3569 
   00569    0.6000    -774.7736  0.3611 
   00570    0.6575    -775.4147  0.3478 
   00571    0.6375    -763.6586  0.3457 
   00572    0.5875    -767.5064  0.3532 
   00573    0.6300    -789.7833  0.3476 
   00574    0.6150    -815.0367  0.3482 
   00575    0.6150    -789.3661  0.3357 
   00576    0.6125    -802.3329  0.3273 
   00577    0.5925    -813.8091  0.3291 
   00578    0.5850    -816.2401  0.3443 
   00579    0.6500    -798.8676  0.3441 
   00580    0.5900    -804.4699  0.3468 
   00581    0.6550    -804.2546  0.3520 
   00582    0.6250    -805.4638  0.3411 
   00583    0.5875    -804.3520  0.3490 
   00584    0.6075    -777.4548  0.3400 
   00585    0.6225    -762.7771  0.3304 
   00586    0.5800    -774.4165  0.3237 
   00587    0.6175    -775.8541  0.3135 
   00588    0.6275    -769.9483  0.3081 
   00589    0.6350    -756.4558  0.3130 
   00590    0.5975    -720.0613  0.3022 
   00591    0.6100    -697.9586  0.3131 
   00592    0.5975    -702.6208  0.3101 
   00593    0.6150    -705.4401  0.3180 
   00594    0.6725    -709.2072  0.3080 
   00595    0.5950    -720.2510  0.3231 
   00596    0.5975    -727.5667  0.3112 
   00597    0.6350    -710.8681  0.2966 
   00598    0.6250    -711.7899  0.3058 
   00599    0.6425    -723.3666  0.2942 
   00600    0.6325    -721.7171  0.3003 
   00601    0.6325    -734.7596  0.2933 
   00602    0.5925    -750.7073  0.2931 
   00603    0.6125    -743.7850  0.3077 
   00604    0.6400    -748.6783  0.3029 
   00605    0.6250    -727.5554  0.3004 
   00606    0.6425    -699.3147  0.2941 
   00607    0.6025    -707.9413  0.2978 
   00608    0.6025    -710.2114  0.3107 
   00609    0.6225    -734.0859  0.3001 
   00610    0.6150    -736.7650  0.3120 
   00611    0.6450    -716.1309  0.3231 
   00612    0.6300    -732.8489  0.3263 
   00613    0.6300    -750.7103  0.3350 
   00614    0.6350    -737.4297  0.3293 
   00615    0.6375    -744.2788  0.3383 
   00616    0.6025    -732.6352  0.3450 
   00617    0.6300    -734.9670  0.3539 
   00618    0.5925    -753.3916  0.3531 
   00619    0.6125    -768.1849  0.3582 
   00620    0.6550    -751.7888  0.3505 
   00621    0.6175    -741.5498  0.3440 
   00622    0.7000    -735.3539  0.3426 
   00623    0.6000    -743.4632  0.3367 
   00624    0.6475    -753.2619  0.3200 
   00625    0.6025    -761.1917  0.3279 
   00626    0.6300    -787.1586  0.3180 
   00627    0.6175    -789.1731  0.3111 
   00628    0.6200    -781.2628  0.3160 
   00629    0.6200    -793.8374  0.3020 
   00630    0.6375    -793.4270  0.3117 
   00631    0.6150    -796.7323  0.3042 
   00632    0.6325    -776.0390  0.3076 
   00633    0.6250    -773.4678  0.3058 
   00634    0.6650    -793.0641  0.3087 
   00635    0.6225    -790.0567  0.2987 
   00636    0.5950    -799.7004  0.2967 
   00637    0.6000    -785.3350  0.3092 
   00638    0.5825    -794.9918  0.3080 
   00639    0.5850    -807.0183  0.3183 
   00640    0.5900    -792.6475  0.3246 
   00641    0.6225    -788.4451  0.3290 
   00642    0.6100    -786.2457  0.3330 
   00643    0.6075    -784.3806  0.3227 
   00644    0.6625    -781.5518  0.3281 
   00645    0.6250    -801.8114  0.3326 
   00646    0.6400    -775.2144  0.3096 
   00647    0.6825    -781.1906  0.3185 
   00648    0.6225    -777.4568  0.3041 
   00649    0.6125    -777.4158  0.3050 
   00650    0.6175    -815.8393  0.3040 
   00651    0.6150    -804.0890  0.3027 
   00652    0.5750    -807.3550  0.3114 
   00653    0.6225    -814.3410  0.3327 
   00654    0.6125    -825.5039  0.3539 
   00655    0.6200    -813.2702  0.3583 
   00656    0.5900    -807.0230  0.3451 
   00657    0.6500    -806.2831  0.3493 
   00658    0.6575    -813.3119  0.3395 
   00659    0.6375    -822.9119  0.3432 
   00660    0.6100    -825.5355  0.3378 
   00661    0.6350    -819.6358  0.3352 
   00662    0.6100    -802.4862  0.3218 
   00663    0.5600    -809.4778  0.3299 
   00664    0.6425    -797.2363  0.3228 
   00665    0.6250    -770.3620  0.3142 
   00666    0.6000    -768.6094  0.3187 
   00667    0.5875    -791.7669  0.3285 
   00668    0.6575    -795.3492  0.3115 
   00669    0.5875    -783.9958  0.3062 
   00670    0.6300    -776.4952  0.3013 
   00671    0.6525    -788.3110  0.3102 
   00672    0.6100    -806.8727  0.3195 
   00673    0.6200    -822.9788  0.3112 
   00674    0.6275    -819.1047  0.3126 
   00675    0.6475    -827.8474  0.3189 
   00676    0.6200    -839.7061  0.3284 
   00677    0.6450    -835.0627  0.3146 
   00678    0.5775    -839.5663  0.3001 
   00679    0.6650    -820.5779  0.2720 
   00680    0.6400    -830.3545  0.2795 
   00681    0.6575    -836.4848  0.3089 
   00682    0.6000    -816.9559  0.3130 
   00683    0.6025    -828.6494  0.3284 
   00684    0.6050    -824.3184  0.3451 
   00685    0.6500    -821.6096  0.3482 
   00686    0.5925    -812.9279  0.3451 
   00687    0.5850    -807.1126  0.3499 
   00688    0.6425    -781.8628  0.3452 
   00689    0.6100    -764.6743  0.3491 
   00690    0.6150    -742.7571  0.3473 
   00691    0.5975    -752.3869  0.3565 
   00692    0.5925    -752.4352  0.3565 
   00693    0.6200    -769.4967  0.3687 
   00694    0.6225    -788.0943  0.3617 
   00695    0.6275    -782.2930  0.3603 
   00696    0.6300    -761.4183  0.3651 
   00697    0.5650    -745.6644  0.3665 
   00698    0.6025    -752.6278  0.3593 
   00699    0.6350    -748.4347  0.3590 
   00700    0.6175    -748.7643  0.3661 
   00701    0.6025    -745.0324  0.3788 
   00702    0.6375    -733.6437  0.3704 
   00703    0.6875    -736.2261  0.3693 
   00704    0.6300    -768.1307  0.3648 
   00705    0.6750    -755.2754  0.3691 
   00706    0.6175    -759.4103  0.3588 
   00707    0.6375    -772.2145  0.3536 
   00708    0.6350    -774.2998  0.3546 
   00709    0.6250    -746.4670  0.3689 
   00710    0.6650    -743.8131  0.3544 
   00711    0.6600    -742.1055  0.3471 
   00712    0.6100    -733.6501  0.3478 
   00713    0.5775    -744.2494  0.3515 
   00714    0.5875    -757.6618  0.3632 
   00715    0.5625    -734.2962  0.3503 
   00716    0.5925    -742.9158  0.3438 
   00717    0.6200    -752.5928  0.3527 
   00718    0.6275    -748.1311  0.3690 
   00719    0.6225    -756.5158  0.3840 
   00720    0.6350    -779.1318  0.3936 
   00721    0.6150    -767.7780  0.3777 
   00722    0.5775    -765.3965  0.3898 
   00723    0.6325    -754.0675  0.3928 
   00724    0.6475    -776.8586  0.4155 
   00725    0.6150    -758.7588  0.4131 
   00726    0.5875    -747.6116  0.4068 
   00727    0.6250    -744.2730  0.3964 
   00728    0.6400    -747.6441  0.4162 
   00729    0.5725    -746.6145  0.4088 
   00730    0.5950    -758.2555  0.4054 
   00731    0.6450    -760.7210  0.3874 
   00732    0.5500    -755.7908  0.3867 
   00733    0.6325    -761.0069  0.3850 
   00734    0.6125    -761.8747  0.3655 
   00735    0.6275    -760.8829  0.3607 
   00736    0.6275    -765.5261  0.3563 
   00737    0.6025    -767.0457  0.3539 
   00738    0.6100    -770.8341  0.3440 
   00739    0.6300    -767.7131  0.3357 
   00740    0.6175    -762.7916  0.3176 
   00741    0.6200    -781.5237  0.3326 
   00742    0.6325    -801.5803  0.3200 
   00743    0.6325    -807.8826  0.3325 
   00744    0.6250    -805.6070  0.3378 
   00745    0.5975    -800.6269  0.3390 
   00746    0.5975    -795.8333  0.3515 
   00747    0.6200    -779.7759  0.3644 
   00748    0.5850    -785.2379  0.3547 
   00749    0.5800    -778.2354  0.3595 
   00750    0.6275    -763.5130  0.3571 
   00751    0.6300    -757.6901  0.3484 
   00752    0.5950    -754.6409  0.3521 
   00753    0.6025    -758.1949  0.3643 
   00754    0.5875    -766.0072  0.3696 
   00755    0.6150    -753.0292  0.3624 
   00756    0.6025    -746.0922  0.3634 
   00757    0.5875    -733.3261  0.3453 
   00758    0.6175    -751.1420  0.3445 
   00759    0.6225    -754.1331  0.3440 
   00760    0.5875    -740.6253  0.3321 
   00761    0.6475    -743.7761  0.3295 
   00762    0.6400    -741.9953  0.3214 
   00763    0.5850    -746.5528  0.3311 
   00764    0.5900    -758.6912  0.3347 
   00765    0.5875    -778.6889  0.3198 
   00766    0.6175    -772.8120  0.3330 
   00767    0.6450    -778.7347  0.3423 
   00768    0.5750    -771.2667  0.3471 
   00769    0.6000    -795.4949  0.3455 
   00770    0.6125    -798.3054  0.3502 
   00771    0.5975    -795.7484  0.3559 
   00772    0.5975    -790.1784  0.3470 
   00773    0.5975    -793.8500  0.3520 
   00774    0.5925    -793.7149  0.3352 
   00775    0.5575    -814.1928  0.3329 
   00776    0.5750    -808.2705  0.3475 
   00777    0.5800    -798.7854  0.3383 
   00778    0.6175    -790.8656  0.3418 
   00779    0.5950    -777.6401  0.3284 
   00780    0.6050    -773.4585  0.3222 
   00781    0.5825    -786.2010  0.3147 
   00782    0.6150    -776.0794  0.3193 
   00783    0.6325    -760.0721  0.3210 
   00784    0.6325    -723.7761  0.3130 
   00785    0.6250    -731.9285  0.3135 
   00786    0.5875    -736.0420  0.3295 
   00787    0.6150    -760.1183  0.3306 
   00788    0.6300    -759.8568  0.3345 
   00789    0.6750    -766.9854  0.3403 
   00790    0.6200    -751.5106  0.3366 
   00791    0.6375    -771.8076  0.3563 
   00792    0.6050    -761.4315  0.3463 
   00793    0.6325    -753.4793  0.3557 
   00794    0.6300    -746.3912  0.3535 
   00795    0.6350    -731.4885  0.3493 
   00796    0.6375    -740.4832  0.3480 
   00797    0.6125    -736.8652  0.3276 
   00798    0.6425    -751.3111  0.3143 
   00799    0.6450    -761.5241  0.3302 
   00800    0.5650    -763.9993  0.3395 
   00801    0.5925    -763.8194  0.3393 
   00802    0.5925    -787.6569  0.3487 
   00803    0.6050    -797.5052  0.3415 
   00804    0.6250    -815.0240  0.3577 
   00805    0.6300    -806.9775  0.3559 
   00806    0.6425    -818.4492  0.3524 
   00807    0.6100    -804.9739  0.3529 
   00808    0.6175    -805.7655  0.3416 
   00809    0.6125    -809.0669  0.3338 
   00810    0.6050    -794.6260  0.3351 
   00811    0.6300    -775.9674  0.3395 
   00812    0.6175    -768.3504  0.3471 
   00813    0.5950    -751.6583  0.3296 
   00814    0.5950    -752.6453  0.3364 
   00815    0.5975    -751.0351  0.3206 
   00816    0.6025    -731.8672  0.3135 
   00817    0.6425    -739.8245  0.3092 
   00818    0.6100    -747.9750  0.3171 
   00819    0.6200    -741.0085  0.3197 
   00820    0.6250    -759.5552  0.3150 
   00821    0.5825    -748.9579  0.3191 
   00822    0.6075    -757.1545  0.3300 
   00823    0.6200    -753.5661  0.3283 
   00824    0.6600    -732.4349  0.3233 
   00825    0.6425    -739.5979  0.3352 
   00826    0.6475    -729.3502  0.3398 
   00827    0.6650    -737.5627  0.3368 
   00828    0.6000    -730.4942  0.3194 
   00829    0.6550    -751.7556  0.3242 
   00830    0.6100    -734.1937  0.3231 
   00831    0.6000    -719.5504  0.3174 
   00832    0.6075    -708.8089  0.3140 
   00833    0.6325    -723.7699  0.3368 
   00834    0.6150    -725.9683  0.3402 
   00835    0.5975    -732.2709  0.3451 
   00836    0.5875    -714.8524  0.3454 
   00837    0.6375    -711.1516  0.3258 
   00838    0.6100    -714.4092  0.3154 
   00839    0.5875    -721.2147  0.3184 
   00840    0.6950    -698.1936  0.3158 
   00841    0.6300    -725.6113  0.3181 
   00842    0.6375    -746.0830  0.3250 
   00843    0.6475    -762.5753  0.3078 
   00844    0.6100    -735.5328  0.3033 
   00845    0.5925    -729.6666  0.3117 
   00846    0.6275    -760.4502  0.3271 
   00847    0.6800    -749.6371  0.3159 
   00848    0.5975    -756.7845  0.3235 
   00849    0.6250    -747.6713  0.3267 
   00850    0.5950    -737.8776  0.3132 
   00851    0.6250    -766.9012  0.3274 
   00852    0.5850    -759.4408  0.3343 
   00853    0.6000    -780.8417  0.3366 
   00854    0.6650    -777.1611  0.3436 
   00855    0.6525    -781.2509  0.3390 
   00856    0.5950    -779.8393  0.3446 
   00857    0.6175    -796.3322  0.3477 
   00858    0.6350    -801.9593  0.3395 
   00859    0.5975    -813.5194  0.3432 
   00860    0.5950    -775.9000  0.3418 
   00861    0.6275    -764.3372  0.3326 
   00862    0.6250    -774.4807  0.3405 
   00863    0.5900    -765.5980  0.3303 
   00864    0.6375    -775.6258  0.3284 
   00865    0.6125    -772.6226  0.3312 
   00866    0.6400    -770.8749  0.3176 
   00867    0.6125    -753.2863  0.3192 
   00868    0.6375    -762.9560  0.3161 
   00869    0.6200    -734.4979  0.3003 
   00870    0.6400    -726.0907  0.2971 
   00871    0.6025    -733.7162  0.2972 
   00872    0.6525    -741.0710  0.2866 
   00873    0.5800    -728.0393  0.2886 
   00874    0.5775    -723.4637  0.2937 
   00875    0.6150    -738.7763  0.2865 
   00876    0.6300    -766.7645  0.2872 
   00877    0.5950    -766.5216  0.2824 
   00878    0.6450    -763.6326  0.2768 
   00879    0.5925    -761.7640  0.2800 
   00880    0.6150    -758.3275  0.2903 
   00881    0.6625    -738.1312  0.2956 
   00882    0.6075    -748.9345  0.2775 
   00883    0.6375    -729.0932  0.2791 
   00884    0.6550    -694.9616  0.2638 
   00885    0.6475    -694.4424  0.2599 
   00886    0.7075    -724.2612  0.2569 
   00887    0.6350    -718.5731  0.2539 
   00888    0.6175    -693.1971  0.2551 
   00889    0.6350    -715.0690  0.2637 
   00890    0.6800    -718.9619  0.2717 
   00891    0.6450    -739.7745  0.2653 
   00892    0.6050    -750.6335  0.2737 
   00893    0.6500    -742.9690  0.2730 
   00894    0.6100    -752.9946  0.2892 
   00895    0.6550    -736.8474  0.2898 
   00896    0.6000    -750.2938  0.3012 
   00897    0.6650    -750.3711  0.3089 
   00898    0.6375    -748.7665  0.2993 
   00899    0.6600    -754.8267  0.3093 
   00900    0.6625    -772.5688  0.2983 
   00901    0.6175    -757.9492  0.2904 
   00902    0.6450    -746.9251  0.2849 
   00903    0.5900    -741.8970  0.2731 
   00904    0.6175    -756.4210  0.2730 
   00905    0.6225    -763.1955  0.2751 
   00906    0.6400    -747.0590  0.2738 
   00907    0.6050    -748.3481  0.2681 
   00908    0.6300    -751.8417  0.2732 
   00909    0.6375    -739.3652  0.2864 
   00910    0.6150    -732.9958  0.2758 
   00911    0.6075    -729.1038  0.2682 
   00912    0.6475    -712.3322  0.2822 
   00913    0.6025    -720.9993  0.2699 
   00914    0.5875    -727.7951  0.2930 
   00915    0.6050    -706.5998  0.2899 
   00916    0.6100    -716.7098  0.2775 
   00917    0.6325    -710.8630  0.2954 
   00918    0.6125    -700.8095  0.2817 
   00919    0.6400    -693.2232  0.2937 
   00920    0.6200    -692.7500  0.2781 
   00921    0.5875    -689.1450  0.2728 
   00922    0.6550    -687.7280  0.2828 
   00923    0.5975    -697.1744  0.2808 
   00924    0.6150    -700.1928  0.2774 
   00925    0.5950    -689.8034  0.2604 
   00926    0.6450    -682.2792  0.2560 
   00927    0.6625    -698.8756  0.2561 
   00928    0.6025    -713.3221  0.2653 
   00929    0.6325    -727.9154  0.2569 
   00930    0.6075    -723.2791  0.2594 
   00931    0.6150    -753.7505  0.2640 
   00932    0.6300    -745.4174  0.2750 
   00933    0.6575    -758.1564  0.2894 
   00934    0.6075    -759.5317  0.2887 
   00935    0.6550    -745.9855  0.2920 
   00936    0.6050    -724.1487  0.2949 
   00937    0.6275    -733.2283  0.3191 
   00938    0.6125    -743.9403  0.3146 
   00939    0.5725    -733.1480  0.2987 
   00940    0.6250    -729.8783  0.2979 
   00941    0.6400    -745.2136  0.3086 
   00942    0.6500    -743.0138  0.3126 
   00943    0.6425    -740.2023  0.3098 
   00944    0.6075    -736.4235  0.3136 
   00945    0.6000    -738.0538  0.3078 
   00946    0.5950    -742.9915  0.2869 
   00947    0.6000    -740.0780  0.2805 
   00948    0.6300    -733.5748  0.2792 
   00949    0.6175    -713.3431  0.2951 
   00950    0.6225    -710.5242  0.3049 
   00951    0.6550    -707.8282  0.3080 
   00952    0.6500    -722.6954  0.3200 
   00953    0.6025    -726.6813  0.3283 
   00954    0.6375    -736.3573  0.3330 
   00955    0.6150    -735.6386  0.3428 
   00956    0.5800    -721.5665  0.3452 
   00957    0.6125    -726.0104  0.3534 
   00958    0.5975    -732.3832  0.3353 
   00959    0.6150    -726.2127  0.3442 
   00960    0.6525    -715.4935  0.3458 
   00961    0.6425    -717.0072  0.3557 
   00962    0.6325    -714.5830  0.3565 
   00963    0.5775    -722.1447  0.3588 
   00964    0.6100    -725.5572  0.3431 
   00965    0.5750    -719.2091  0.3560 
   00966    0.6150    -731.6610  0.3765 
   00967    0.6175    -743.0800  0.3673 
   00968    0.6475    -750.6520  0.3612 
   00969    0.5825    -751.1071  0.3565 
   00970    0.6625    -745.2117  0.3688 
   00971    0.5950    -733.3911  0.3775 
   00972    0.6175    -720.5783  0.3716 
   00973    0.6350    -723.7603  0.3643 
   00974    0.6075    -717.1505  0.3821 
   00975    0.5775    -708.2885  0.3784 
   00976    0.6150    -714.9405  0.3719 
   00977    0.6200    -711.4736  0.3606 
   00978    0.6200    -734.5879  0.3498 
   00979    0.6225    -737.6351  0.3515 
   00980    0.6575    -759.4360  0.3528 
   00981    0.6250    -752.7556  0.3423 
   00982    0.6175    -723.6704  0.3470 
   00983    0.6275    -714.1011  0.3448 
   00984    0.6175    -710.5514  0.3558 
   00985    0.6300    -724.2429  0.3467 
   00986    0.6175    -712.5023  0.3376 
   00987    0.5650    -707.3289  0.3374 
   00988    0.5950    -712.5026  0.3286 
   00989    0.6250    -727.4313  0.3343 
   00990    0.6050    -732.9327  0.3301 
   00991    0.6275    -738.6055  0.3292 
   00992    0.6475    -736.2754  0.3267 
   00993    0.6050    -739.6122  0.3042 
   00994    0.6200    -744.8153  0.3204 
   00995    0.5850    -756.6537  0.3132 
   00996    0.6075    -733.2636  0.3190 
   00997    0.6225    -729.3949  0.3047 
   00998    0.6250    -721.8129  0.3069 
   00999    0.5900    -737.3574  0.3078 
   01000    0.5800    -714.2111  0.2988 
