#=====================================================
# File created:        Tue-04-Nov-2025-at-11-52-29PM
# Size of lattice:     20x20
# Number of MC steps:  1000
# Reduced temperature: 0.150
# Run time (s):        0.734980
#=====================================================
# MC step:  Ratio:     Energy:   Order:
#=====================================================
   00000    0.5000    -410.9831  0.2878 
   00001    0.6200    -513.1416  0.2937 
   00002    0.6450    -603.8544  0.2955 
   00003    0.6150    -691.4902  0.3029 
   00004    0.5975    -762.6691  0.3143 
   00005    0.6325    -833.2715  0.3083 
   00006    0.5800    -892.8628  0.3293 
   00007    0.5700    -941.8194  0.3435 
   00008    0.5800   -1003.0059  0.3470 
   00009    0.5775   -1041.7318  0.3583 
   00010    0.5675   -1075.0362  0.3638 
   00011    0.5450   -1109.9372  0.3745 
   00012    0.5525   -1139.5024  0.3756 
   00013    0.5350   -1162.2363  0.3893 
   00014    0.5325   -1174.1490  0.3898 
   00015    0.5150   -1204.8450  0.4053 
   00016    0.5700   -1228.8913  0.4000 
   00017    0.5275   -1246.1842  0.4041 
   00018    0.4825   -1258.4565  0.4036 
   00019    0.4850   -1270.0627  0.4108 
   00020    0.4825   -1281.7993  0.4154 
   00021    0.5000   -1295.1979  0.4229 
   00022    0.5250   -1302.2707  0.4262 
   00023    0.5425   -1315.3848  0.4397 
   00024    0.5400   -1330.7302  0.4491 
   00025    0.5175   -1343.3303  0.4620 
   00026    0.4925   -1356.4087  0.4718 
   00027    0.4825   -1357.3147  0.4797 
   00028    0.5000   -1365.1953  0.4814 
   00029    0.4975   -1374.3682  0.4856 
   00030    0.4975   -1382.8203  0.4887 
   00031    0.5250   -1389.6992  0.4996 
   00032    0.4725   -1396.6643  0.5038 
   00033    0.5000   -1400.0734  0.5152 
   00034    0.4925   -1403.6245  0.5220 
   00035    0.5300   -1402.9635  0.5293 
   00036    0.5275   -1411.4211  0.5412 
   00037    0.5150   -1420.4113  0.5530 
   00038    0.4950   -1421.9249  0.5569 
   00039    0.5350   -1425.1031  0.5579 
   00040    0.5175   -1422.6053  0.5621 
   00041    0.5000   -1421.6214  0.5667 
   00042    0.4525   -1419.2387  0.5620 
   00043    0.4675   -1419.6764  0.5774 
   00044    0.5100   -1424.9488  0.5863 
   00045    0.5250   -1427.9961  0.5958 
   00046    0.4700   -1431.9145  0.5905 
   00047    0.4850   -1440.8100  0.5982 
   00048    0.5250   -1443.8758  0.6000 
   00049    0.4700   -1450.5719  0.6024 
   00050    0.4550   -1452.5032  0.6078 
   00051    0.4775   -1454.8266  0.6102 
   00052    0.5075   -1458.5496  0.6138 
   00053    0.4750   -1459.1780  0.6164 
   00054    0.4575   -1457.8995  0.6175 
   00055    0.5125   -1449.2249  0.6156 
   00056    0.5275   -1453.8380  0.6250 
   00057    0.5025   -1454.4969  0.6224 
   00058    0.4650   -1462.3764  0.6315 
   00059    0.4225   -1460.8892  0.6309 
   00060    0.4975   -1460.7445  0.6348 
   00061    0.5325   -1466.5872  0.6356 
   00062    0.5150   -1467.2018  0.6427 
   00063    0.4975   -1464.7465  0.6424 
   00064    0.5325   -1465.9327  0.6552 
   00065    0.4625   -1466.2778  0.6586 
   00066    0.4675   -1470.5223  0.6607 
   00067    0.4850   -1462.4076  0.6613 
   00068    0.4550   -1464.1995  0.6579 
   00069    0.4975   -1467.9460  0.6728 
   00070    0.5100   -1468.4052  0.6796 
   00071    0.4775   -1469.6760  0.6816 
   00072    0.5000   -1473.3122  0.6850 
   00073    0.4550   -1476.2743  0.6815 
   00074    0.5025   -1476.1961  0.6825 
   00075    0.4975   -1475.5367  0.6879 
   00076    0.5000   -1467.8931  0.6868 
   00077    0.4925   -1468.4018  0.6942 
   00078    0.5200   -1476.2310  0.6958 
   00079    0.4925   -1476.1438  0.6975 
   00080    0.4925   -1481.0549  0.7091 
   00081    0.4900   -1487.6872  0.7121 
   00082    0.4925   -1490.3046  0.7167 
   00083    0.4975   -1496.3755  0.7253 
   00084    0.4950   -1501.8708  0.7415 
   00085    0.4700   -1506.2214  0.7482 
   00086    0.4975   -1507.7630  0.7583 
   00087    0.4950   -1512.2344  0.7643 
   00088    0.4800   -1510.1796  0.7746 
   00089    0.4550   -1508.6517  0.7811 
   00090    0.4450   -1513.7849  0.7840 
   00091    0.4700   -1515.3140  0.7847 
   00092    0.5025   -1512.0210  0.7841 
   00093    0.4050   -1513.8408  0.7964 
   00094    0.4725   -1515.0444  0.8009 
   00095    0.4725   -1521.2728  0.8077 
   00096    0.5050   -1523.1636  0.8096 
   00097    0.4350   -1524.6007  0.8092 
   00098    0.4800   -1525.0592  0.8115 
   00099    0.4950   -1524.5701  0.8162 
   00100    0.4525   -1529.4247  0.8272 
   00101    0.4625   -1533.0431  0.8295 
   00102    0.4200   -1528.6495  0.8314 
   00103    0.4250   -1525.4179  0.8283 
   00104    0.4275   -1525.9471  0.8327 
   00105    0.5225   -1524.1102  0.8309 
   00106    0.4875   -1521.9784  0.8327 
   00107    0.4775   -1522.1846  0.8307 
   00108    0.4300   -1523.2012  0.8375 
   00109    0.4725   -1526.6990  0.8427 
   00110    0.4475   -1529.3747  0.8420 
   00111    0.4650   -1529.1331  0.8494 
   00112    0.4850   -1532.8199  0.8473 
   00113    0.4650   -1537.7507  0.8534 
   00114    0.4725   -1531.7603  0.8562 
   00115    0.4750   -1529.4355  0.8564 
   00116    0.4600   -1528.1749  0.8580 
   00117    0.5125   -1523.8596  0.8597 
   00118    0.5350   -1524.7884  0.8591 
   00119    0.4675   -1527.4113  0.8646 
   00120    0.4600   -1527.6520  0.8671 
   00121    0.4800   -1530.1736  0.8653 
   00122    0.4775   -1527.4259  0.8606 
   00123    0.4650   -1536.2753  0.8647 
   00124    0.4450   -1535.3354  0.8697 
   00125    0.4475   -1529.2006  0.8665 
   00126    0.4600   -1530.8429  0.8738 
   00127    0.4725   -1538.0223  0.8716 
   00128    0.4600   -1534.7976  0.8735 
   00129    0.4125   -1532.1898  0.8726 
   00130    0.4900   -1532.4291  0.8731 
   00131    0.4750   -1532.5548  0.8725 
   00132    0.5025   -1530.9543  0.8719 
   00133    0.4675   -1533.6933  0.8734 
   00134    0.4625   -1536.5625  0.8727 
   00135    0.4425   -1533.4286  0.8735 
   00136    0.4700   -1529.2765  0.8756 
   00137    0.4775   -1536.6501  0.8797 
   00138    0.4625   -1533.1653  0.8797 
   00139    0.5100   -1531.8175  0.8852 
   00140    0.4600   -1527.9247  0.8857 
   00141    0.4500   -1524.1327  0.8866 
   00142    0.4725   -1526.4116  0.8819 
   00143    0.5275   -1527.9739  0.8841 
   00144    0.4425   -1530.9663  0.8808 
   00145    0.4650   -1528.7212  0.8816 
   00146    0.4525   -1525.5562  0.8846 
   00147    0.4750   -1524.4950  0.8813 
   00148    0.4825   -1529.4367  0.8856 
   00149    0.5175   -1526.0549  0.8892 
   00150    0.4950   -1530.7239  0.8937 
   00151    0.4775   -1532.0033  0.8968 
   00152    0.4750   -1530.5528  0.8962 
   00153    0.4775   -1533.6336  0.9028 
   00154    0.4525   -1537.3832  0.9025 
   00155    0.4775   -1536.1069  0.9038 
   00156    0.4575   -1535.2300  0.8962 
   00157    0.4675   -1531.7688  0.8996 
   00158    0.4225   -1531.0373  0.9033 
   00159    0.4300   -1532.5453  0.9078 
   00160    0.5050   -1528.1802  0.9043 
   00161    0.5075   -1526.3963  0.9072 
   00162    0.4575   -1526.7299  0.9132 
   00163    0.4575   -1528.0911  0.9159 
   00164    0.4825   -1538.3547  0.9187 
   00165    0.4150   -1539.5789  0.9210 
   00166    0.4900   -1535.2975  0.9194 
   00167    0.4700   -1535.7463  0.9161 
   00168    0.4800   -1534.1284  0.9191 
   00169    0.4950   -1535.2397  0.9253 
   00170    0.4650   -1540.4241  0.9253 
   00171    0.4500   -1538.7050  0.9237 
   00172    0.5050   -1538.3301  0.9260 
   00173    0.4500   -1538.6573  0.9282 
   00174    0.4825   -1534.3248  0.9228 
   00175    0.4975   -1533.0335  0.9199 
   00176    0.4600   -1537.4650  0.9193 
   00177    0.4975   -1537.9715  0.9166 
   00178    0.4900   -1538.4130  0.9158 
   00179    0.4875   -1534.3672  0.9089 
   00180    0.5175   -1533.6447  0.9173 
   00181    0.4625   -1532.8373  0.9210 
   00182    0.4675   -1536.5912  0.9234 
   00183    0.4475   -1533.0313  0.9222 
   00184    0.5050   -1530.5240  0.9193 
   00185    0.4800   -1529.5577  0.9144 
   00186    0.4775   -1529.0264  0.9183 
   00187    0.5075   -1526.9719  0.9187 
   00188    0.4825   -1529.2817  0.9222 
   00189    0.4350   -1529.6715  0.9227 
   00190    0.4600   -1527.6022  0.9216 
   00191    0.4850   -1532.1232  0.9260 
   00192    0.4700   -1538.9541  0.9273 
   00193    0.4825   -1534.4272  0.9284 
   00194    0.4175   -1533.5663  0.9245 
   00195    0.5000   -1541.3369  0.9304 
   00196    0.4925   -1536.9913  0.9352 
   00197    0.4925   -1537.6910  0.9362 
   00198    0.4825   -1534.5378  0.9358 
   00199    0.4825   -1532.1318  0.9348 
   00200    0.5075   -1526.6647  0.9366 
   00201    0.4500   -1528.0986  0.9388 
   00202    0.5075   -1529.2539  0.9358 
   00203    0.5050   -1528.5884  0.9346 
   00204    0.4350   -1529.4326  0.9392 
   00205    0.4650   -1537.1249  0.9445 
   00206    0.4175   -1537.9990  0.9485 
   00207    0.4425   -1540.1318  0.9484 
   00208    0.4875   -1542.6712  0.9475 
   00209    0.4675   -1542.8347  0.9500 
   00210    0.4125   -1543.4219  0.9481 
   00211    0.4525   -1543.2699  0.9451 
   00212    0.4300   -1539.7567  0.9431 
   00213    0.4500   -1542.4046  0.9417 
   00214    0.4550   -1541.3465  0.9434 
   00215    0.4600   -1539.4941  0.9459 
   00216    0.4525   -1540.0957  0.9453 
   00217    0.4650   -1542.3427  0.9455 
   00218    0.4325   -1536.4271  0.9444 
   00219    0.4600   -1540.3457  0.9475 
   00220    0.4250   -1534.8649  0.9448 
   00221    0.5000   -1537.4875  0.9483 
   00222    0.5050   -1538.9875  0.9499 
   00223    0.4575   -1540.8186  0.9504 
   00224    0.4525   -1535.3489  0.9482 
   00225    0.4525   -1536.7460  0.9476 
   00226    0.4675   -1536.6879  0.9473 
   00227    0.4700   -1536.1279  0.9482 
   00228    0.4500   -1530.9806  0.9413 
   00229    0.4775   -1535.9484  0.9411 
   00230    0.4700   -1544.5295  0.9434 
   00231    0.4325   -1541.0359  0.9437 
   00232    0.4350   -1543.9281  0.9431 
   00233    0.4650   -1542.1287  0.9463 
   00234    0.4500   -1540.0706  0.9459 
   00235    0.4650   -1543.1740  0.9437 
   00236    0.4800   -1541.9849  0.9414 
   00237    0.4475   -1546.1613  0.9428 
   00238    0.5075   -1540.5367  0.9426 
   00239    0.4275   -1541.5442  0.9433 
   00240    0.4800   -1535.9856  0.9413 
   00241    0.4400   -1534.9803  0.9422 
   00242    0.4875   -1534.8327  0.9468 
   00243    0.4775   -1538.1830  0.9468 
   00244    0.4975   -1533.7105  0.9451 
   00245    0.4575   -1536.4750  0.9469 
   00246    0.4550   -1533.1261  0.9475 
   00247    0.5275   -1532.8381  0.9498 
   00248    0.4775   -1530.7640  0.9479 
   00249    0.4750   -1531.0714  0.9494 
   00250    0.5000   -1530.7930  0.9515 
   00251    0.4750   -1533.5083  0.9541 
   00252    0.4700   -1534.1377  0.9537 
   00253    0.4700   -1535.1148  0.9543 
   00254    0.4975   -1538.8414  0.9543 
   00255    0.4650   -1539.6433  0.9547 
   00256    0.4675   -1537.8068  0.9560 
   00257    0.4775   -1540.6164  0.9531 
   00258    0.5225   -1539.4814  0.9551 
   00259    0.4600   -1540.1127  0.9521 
   00260    0.5000   -1539.4368  0.9511 
   00261    0.4350   -1543.7940  0.9525 
   00262    0.4750   -1535.1374  0.9487 
   00263    0.4250   -1534.6010  0.9489 
   00264    0.4300   -1530.6456  0.9462 
   00265    0.5075   -1530.6012  0.9468 
   00266    0.4825   -1535.2661  0.9525 
   00267    0.4825   -1540.2698  0.9562 
   00268    0.4650   -1533.9556  0.9494 
   00269    0.5075   -1533.2365  0.9491 
   00270    0.4350   -1531.8922  0.9514 
   00271    0.4850   -1534.9852  0.9510 
   00272    0.4825   -1535.9340  0.9512 
   00273    0.5250   -1537.7862  0.9545 
   00274    0.5025   -1540.6062  0.9560 
   00275    0.4725   -1538.5052  0.9578 
   00276    0.4650   -1537.5139  0.9595 
   00277    0.4850   -1534.6280  0.9596 
   00278    0.5150   -1533.0818  0.9563 
   00279    0.4600   -1539.4022  0.9579 
   00280    0.4525   -1537.3864  0.9565 
   00281    0.4375   -1529.8822  0.9536 
   00282    0.4575   -1532.7124  0.9542 
   00283    0.4625   -1534.3849  0.9535 
   00284    0.4850   -1534.0449  0.9510 
   00285    0.4700   -1533.3519  0.9514 
   00286    0.4825   -1530.8608  0.9523 
   00287    0.5025   -1533.5488  0.9551 
   00288    0.4375   -1537.5749  0.9576 
   00289    0.4775   -1539.1699  0.9601 
   00290    0.4650   -1537.1939  0.9625 
   00291    0.4900   -1541.3353  0.9662 
   00292    0.4925   -1545.3866  0.9671 
   00293    0.4325   -1546.7135  0.9676 
   00294    0.4575   -1542.7835  0.9658 
   00295    0.4750   -1539.2415  0.9646 
   00296    0.4275   -1540.2104  0.9638 
   00297    0.4425   -1537.7882  0.9625 
   00298    0.5150   -1530.3471  0.9599 
   00299    0.4900   -1531.6017  0.9631 
   00300    0.4700   -1534.8677  0.9643 
   00301    0.4900   -1531.1474  0.9633 
   00302    0.4525   -1530.1032  0.9634 
   00303    0.5150   -1537.3354  0.9651 
   00304    0.5025   -1537.0531  0.9622 
   00305    0.4650   -1536.3037  0.9622 
   00306    0.4900   -1534.9573  0.9607 
   00307    0.4500   -1536.8246  0.9619 
   00308    0.4850   -1538.0216  0.9618 
   00309    0.4750   -1543.7200  0.9637 
   00310    0.4800   -1542.9706  0.9634 
   00311    0.4500   -1539.7357  0.9615 
   00312    0.4775   -1538.5630  0.9617 
   00313    0.4850   -1537.4556  0.9625 
   00314    0.4675   -1537.5062  0.9627 
   00315    0.4925   -1536.0372  0.9620 
   00316    0.4350   -1538.2052  0.9612 
   00317    0.4675   -1538.8104  0.9623 
   00318    0.4650   -1541.9597  0.9637 
   00319    0.5000   -1541.4444  0.9635 
   00320    0.4625   -1542.9217  0.9634 
   00321    0.4425   -1542.8563  0.9663 
   00322    0.4700   -1547.3148  0.9689 
   00323    0.4800   -1545.2213  0.9678 
   00324    0.4650   -1537.5558  0.9640 
   00325    0.4875   -1536.6410  0.9604 
   00326    0.5200   -1532.8236  0.9606 
   00327    0.4425   -1534.7772  0.9619 
   00328    0.5050   -1538.0317  0.9614 
   00329    0.4350   -1539.6290  0.9628 
   00330    0.4450   -1536.1216  0.9617 
   00331    0.4675   -1539.1539  0.9619 
   00332    0.4800   -1541.5810  0.9637 
   00333    0.5350   -1540.7050  0.9604 
   00334    0.4925   -1533.3355  0.9593 
   00335    0.5025   -1527.6881  0.9573 
   00336    0.4725   -1530.3651  0.9568 
   00337    0.4975   -1533.7054  0.9584 
   00338    0.4775   -1533.2639  0.9579 
   00339    0.5075   -1531.7371  0.9576 
   00340    0.4550   -1531.0175  0.9562 
   00341    0.4775   -1529.4101  0.9550 
   00342    0.3900   -1533.0838  0.9529 
   00343    0.4325   -1534.4534  0.9561 
   00344    0.5000   -1537.6663  0.9557 
   00345    0.4625   -1534.9038  0.9525 
   00346    0.4675   -1539.8872  0.9552 
   00347    0.5075   -1537.0837  0.9549 
   00348    0.4625   -1533.8748  0.9557 
   00349    0.4400   -1538.8456  0.9595 
   00350    0.4850   -1541.2287  0.9608 
   00351    0.4625   -1538.6932  0.9632 
   00352    0.4650   -1542.1757  0.9627 
   00353    0.4475   -1540.0903  0.9612 
   00354    0.5050   -1540.1693  0.9624 
   00355    0.4475   -1537.4861  0.9596 
   00356    0.4650   -1536.3555  0.9605 
   00357    0.4625   -1541.5657  0.9632 
   00358    0.4625   -1541.8447  0.9611 
   00359    0.4875   -1538.9079  0.9592 
   00360    0.4475   -1537.6708  0.9573 
   00361    0.4975   -1538.3318  0.9593 
   00362    0.4750   -1538.2848  0.9590 
   00363    0.4300   -1537.6944  0.9581 
   00364    0.4850   -1539.8740  0.9600 
   00365    0.4600   -1544.5696  0.9610 
   00366    0.4600   -1545.6339  0.9621 
   00367    0.4900   -1544.3865  0.9572 
   00368    0.5025   -1544.0117  0.9589 
   00369    0.4625   -1539.6395  0.9558 
   00370    0.4275   -1543.6288  0.9600 
   00371    0.4850   -1539.8316  0.9593 
   00372    0.4925   -1538.0070  0.9589 
   00373    0.4600   -1535.0556  0.9604 
   00374    0.4150   -1536.9928  0.9635 
   00375    0.5000   -1532.4888  0.9637 
   00376    0.4300   -1542.0908  0.9660 
   00377    0.4725   -1536.8776  0.9666 
   00378    0.4600   -1536.1117  0.9630 
   00379    0.4850   -1539.4851  0.9622 
   00380    0.4850   -1537.9568  0.9601 
   00381    0.4575   -1537.1343  0.9596 
   00382    0.4650   -1536.1217  0.9591 
   00383    0.4525   -1537.9159  0.9584 
   00384    0.4125   -1537.3506  0.9577 
   00385    0.4425   -1535.9107  0.9568 
   00386    0.4375   -1533.7135  0.9560 
   00387    0.4650   -1535.7321  0.9566 
   00388    0.4450   -1536.2016  0.9595 
   00389    0.4950   -1533.7248  0.9611 
   00390    0.4975   -1539.5433  0.9620 
   00391    0.4600   -1540.0712  0.9621 
   00392    0.4275   -1539.8952  0.9642 
   00393    0.4750   -1541.5610  0.9630 
   00394    0.4875   -1542.4344  0.9621 
   00395    0.4600   -1539.2274  0.9587 
   00396    0.4775   -1535.5176  0.9595 
   00397    0.5050   -1536.6649  0.9581 
   00398    0.4475   -1539.2791  0.9591 
   00399    0.4900   -1543.2451  0.9580 
   00400    0.4950   -1542.7121  0.9595 
   00401    0.4425   -1545.3905  0.9617 
   00402    0.4600   -1544.4813  0.9612 
   00403    0.4400   -1540.8589  0.9610 
   00404    0.4600   -1542.6454  0.9635 
   00405    0.4825   -1541.8355  0.9617 
   00406    0.4875   -1538.2593  0.9595 
   00407    0.5150   -1541.8331  0.9613 
   00408    0.4200   -1541.3826  0.9559 
   00409    0.4850   -1540.2710  0.9590 
   00410    0.4750   -1540.0742  0.9597 
   00411    0.4750   -1537.1356  0.9570 
   00412    0.4625   -1536.6422  0.9567 
   00413    0.4675   -1537.6600  0.9573 
   00414    0.4925   -1534.5623  0.9542 
   00415    0.4600   -1537.3741  0.9546 
   00416    0.4850   -1531.8007  0.9523 
   00417    0.4575   -1539.8063  0.9569 
   00418    0.4000   -1538.7024  0.9551 
   00419    0.5100   -1540.1882  0.9574 
   00420    0.4625   -1539.5135  0.9611 
   00421    0.4750   -1540.8576  0.9614 
   00422    0.4525   -1538.8504  0.9602 
   00423    0.4500   -1530.9758  0.9587 
   00424    0.4325   -1533.2300  0.9567 
   00425    0.4900   -1530.2055  0.9555 
   00426    0.4675   -1530.3870  0.9580 
   00427    0.4875   -1537.5725  0.9593 
   00428    0.4400   -1536.6573  0.9595 
   00429    0.4700   -1534.2920  0.9593 
   00430    0.5075   -1536.7636  0.9580 
   00431    0.4775   -1535.7271  0.9569 
   00432    0.4975   -1534.6638  0.9587 
   00433    0.4200   -1532.2931  0.9590 
   00434    0.4800   -1539.4248  0.9615 
   00435    0.4875   -1535.0779  0.9617 
   00436    0.4850   -1535.8242  0.9623 
   00437    0.4675   -1538.7499  0.9633 
   00438    0.5150   -1535.2724  0.9621 
   00439    0.4900   -1531.5821  0.9623 
   00440    0.4775   -1526.6361  0.9603 
   00441    0.4650   -1530.4941  0.9603 
   00442    0.4400   -1532.2254  0.9612 
   00443    0.4600   -1534.2844  0.9613 
   00444    0.4450   -1534.3922  0.9619 
   00445    0.4750   -1538.5577  0.9646 
   00446    0.4775   -1542.7842  0.9636 
   00447    0.4425   -1538.9857  0.9630 
   00448    0.5150   -1538.0251  0.9614 
   00449    0.4825   -1536.4692  0.9618 
   00450    0.4825   -1535.1465  0.9622 
   00451    0.4300   -1537.6474  0.9630 
   00452    0.4725   -1540.7261  0.9653 
   00453    0.4550   -1543.7611  0.9660 
   00454    0.4775   -1544.1356  0.9661 
   00455    0.4425   -1538.8256  0.9645 
   00456    0.4700   -1540.3488  0.9639 
   00457    0.4675   -1535.9376  0.9621 
   00458    0.5050   -1538.5674  0.9610 
   00459    0.4625   -1539.5138  0.9626 
   00460    0.4475   -1538.4668  0.9619 
   00461    0.4925   -1534.8030  0.9601 
   00462    0.4975   -1535.7090  0.9621 
   00463    0.4675   -1538.5996  0.9619 
   00464    0.4525   -1543.5374  0.9631 
   00465    0.4575   -1540.8828  0.9635 
   00466    0.5125   -1546.0269  0.9640 
   00467    0.4800   -1542.0160  0.9609 
   00468    0.4750   -1533.6838  0.9586 
   00469    0.5000   -1533.8363  0.9605 
   00470    0.4875   -1528.6880  0.9614 
   00471    0.4425   -1533.8475  0.9630 
   00472    0.4925   -1537.6825  0.9629 
   00473    0.4575   -1539.9375  0.9653 
   00474    0.4700   -1541.1265  0.9656 
   00475    0.4675   -1545.2282  0.9680 
   00476    0.4925   -1541.1268  0.9646 
   00477    0.4575   -1541.4845  0.9641 
   00478    0.4875   -1540.8539  0.9669 
   00479    0.5300   -1540.6580  0.9650 
   00480    0.4875   -1542.0157  0.9670 
   00481    0.4350   -1539.0721  0.9666 
   00482    0.4250   -1537.0088  0.9643 
   00483    0.5050   -1538.7509  0.9647 
   00484    0.4900   -1538.8842  0.9659 
   00485    0.4650   -1538.8627  0.9662 
   00486    0.4775   -1537.3450  0.9634 
   00487    0.4875   -1543.0123  0.9663 
   00488    0.4850   -1543.3519  0.9674 
   00489    0.4275   -1544.6409  0.9660 
   00490    0.4700   -1538.1129  0.9642 
   00491    0.4600   -1544.4664  0.9673 
   00492    0.4800   -1547.1137  0.9692 
   00493    0.4775   -1547.7073  0.9697 
   00494    0.4475   -1542.1955  0.9673 
   00495    0.4650   -1537.7958  0.9643 
   00496    0.4550   -1537.3747  0.9646 
   00497    0.5050   -1539.4354  0.9670 
   00498    0.4675   -1538.6568  0.9669 
   00499    0.4825   -1539.4701  0.9656 
   00500    0.4775   -1534.8701  0.9631 
   00501    0.4325   -1536.7727  0.9662 
   00502    0.4750   -1529.1089  0.9599 
   00503    0.4950   -1527.8633  0.9590 
   00504    0.4675   -1536.5828  0.9585 
   00505    0.4750   -1539.7112  0.9615 
   00506    0.4475   -1539.9797  0.9619 
   00507    0.4925   -1537.8572  0.9595 
   00508    0.4375   -1540.8622  0.9597 
   00509    0.4950   -1535.5467  0.9559 
   00510    0.4500   -1533.8287  0.9569 
   00511    0.4900   -1540.0183  0.9616 
   00512    0.4675   -1545.2100  0.9645 
   00513    0.5175   -1545.3419  0.9653 
   00514    0.4450   -1551.6985  0.9682 
   00515    0.4650   -1547.6962  0.9675 
   00516    0.4675   -1540.6770  0.9651 
   00517    0.4875   -1534.8158  0.9624 
   00518    0.5100   -1538.8512  0.9657 
   00519    0.4750   -1536.9019  0.9650 
   00520    0.4650   -1540.6536  0.9642 
   00521    0.5025   -1539.2652  0.9646 
   00522    0.5150   -1537.0653  0.9650 
   00523    0.4350   -1538.6470  0.9667 
   00524    0.4650   -1536.9543  0.9654 
   00525    0.5050   -1539.4821  0.9658 
   00526    0.4375   -1536.9372  0.9634 
   00527    0.4600   -1536.0746  0.9650 
   00528    0.5025   -1537.8193  0.9663 
   00529    0.4700   -1541.4977  0.9678 
   00530    0.4600   -1540.2538  0.9684 
   00531    0.4425   -1540.5428  0.9682 
   00532    0.4500   -1542.3608  0.9663 
   00533    0.5200   -1541.7798  0.9680 
   00534    0.4600   -1541.1632  0.9668 
   00535    0.4700   -1538.2989  0.9650 
   00536    0.4900   -1539.7727  0.9653 
   00537    0.4925   -1546.2040  0.9696 
   00538    0.4800   -1541.8133  0.9674 
   00539    0.4500   -1545.3962  0.9683 
   00540    0.4350   -1542.2836  0.9661 
   00541    0.4850   -1541.1948  0.9672 
   00542    0.4925   -1543.5775  0.9693 
   00543    0.5000   -1541.4624  0.9690 
   00544    0.4900   -1541.0975  0.9679 
   00545    0.5075   -1539.9521  0.9656 
   00546    0.4700   -1540.1570  0.9632 
   00547    0.4150   -1538.6639  0.9619 
   00548    0.4750   -1535.2154  0.9591 
   00549    0.5500   -1536.7458  0.9647 
   00550    0.4500   -1538.2605  0.9655 
   00551    0.4700   -1541.4934  0.9687 
   00552    0.4700   -1543.9937  0.9704 
   00553    0.4550   -1545.8379  0.9700 
   00554    0.4500   -1543.7887  0.9697 
   00555    0.4725   -1544.0779  0.9686 
   00556    0.4625   -1545.5361  0.9706 
   00557    0.4450   -1540.2171  0.9674 
   00558    0.4400   -1542.7306  0.9683 
   00559    0.4575   -1542.6426  0.9682 
   00560    0.4900   -1539.1687  0.9669 
   00561    0.4450   -1538.3475  0.9657 
   00562    0.4575   -1540.9786  0.9680 
   00563    0.4300   -1548.4208  0.9696 
   00564    0.4750   -1545.4983  0.9672 
   00565    0.4675   -1546.4588  0.9660 
   00566    0.4500   -1546.2619  0.9659 
   00567    0.4675   -1542.8552  0.9658 
   00568    0.4700   -1536.6705  0.9628 
   00569    0.4600   -1537.8208  0.9633 
   00570    0.4625   -1537.1639  0.9632 
   00571    0.4500   -1537.7300  0.9626 
   00572    0.4550   -1540.6880  0.9639 
   00573    0.4700   -1544.2365  0.9645 
   00574    0.4425   -1543.2561  0.9628 
   00575    0.4575   -1543.6558  0.9633 
   00576    0.4775   -1540.3610  0.9616 
   00577    0.4600   -1541.8768  0.9610 
   00578    0.4550   -1540.6887  0.9593 
   00579    0.4575   -1537.4772  0.9568 
   00580    0.4925   -1536.5922  0.9574 
   00581    0.5175   -1532.4177  0.9547 
   00582    0.4925   -1535.3225  0.9562 
   00583    0.4625   -1536.4557  0.9548 
   00584    0.4875   -1536.2717  0.9564 
   00585    0.4925   -1530.6506  0.9547 
   00586    0.4875   -1527.0807  0.9516 
   00587    0.4775   -1531.2518  0.9556 
   00588    0.4550   -1535.9158  0.9593 
   00589    0.4675   -1539.1319  0.9598 
   00590    0.4625   -1537.3031  0.9563 
   00591    0.4600   -1531.7112  0.9541 
   00592    0.4950   -1532.3344  0.9527 
   00593    0.4650   -1536.6104  0.9547 
   00594    0.4275   -1535.5007  0.9543 
   00595    0.4700   -1537.0235  0.9538 
   00596    0.4650   -1527.3068  0.9532 
   00597    0.4950   -1530.9393  0.9519 
   00598    0.4750   -1532.5899  0.9545 
   00599    0.4850   -1531.5469  0.9561 
   00600    0.4700   -1529.7063  0.9544 
   00601    0.4625   -1539.8991  0.9573 
   00602    0.4375   -1533.2369  0.9568 
   00603    0.4675   -1540.4434  0.9612 
   00604    0.4550   -1545.3274  0.9652 
   00605    0.5000   -1540.1318  0.9632 
   00606    0.4725   -1545.5107  0.9660 
   00607    0.4425   -1545.3117  0.9682 
   00608    0.5000   -1544.2499  0.9679 
   00609    0.4750   -1536.1635  0.9643 
   00610    0.5000   -1540.4464  0.9664 
   00611    0.4350   -1542.9436  0.9656 
   00612    0.4575   -1542.9757  0.9651 
   00613    0.4625   -1542.0332  0.9649 
   00614    0.4575   -1539.9671  0.9645 
   00615    0.4825   -1542.5296  0.9654 
   00616    0.4450   -1540.0968  0.9626 
   00617    0.4575   -1543.0881  0.9639 
   00618    0.4750   -1541.4413  0.9628 
   00619    0.4750   -1538.9356  0.9626 
   00620    0.4525   -1537.7920  0.9603 
   00621    0.4200   -1535.4552  0.9589 
   00622    0.4625   -1534.2811  0.9562 
   00623    0.4725   -1537.9559  0.9564 
   00624    0.4850   -1540.0055  0.9571 
   00625    0.4950   -1542.0911  0.9571 
   00626    0.5125   -1541.1748  0.9554 
   00627    0.4825   -1540.1466  0.9554 
   00628    0.4875   -1542.3198  0.9587 
   00629    0.5000   -1540.2810  0.9585 
   00630    0.5075   -1543.5699  0.9583 
   00631    0.4775   -1544.5877  0.9565 
   00632    0.4400   -1540.8133  0.9557 
   00633    0.4925   -1539.9346  0.9592 
   00634    0.4700   -1539.1995  0.9591 
   00635    0.5125   -1539.9671  0.9606 
   00636    0.4750   -1536.9520  0.9615 
   00637    0.5050   -1537.1087  0.9584 
   00638    0.5000   -1536.6060  0.9551 
   00639    0.4550   -1536.4155  0.9564 
   00640    0.4675   -1539.6632  0.9603 
   00641    0.4500   -1539.3296  0.9603 
   00642    0.5000   -1540.5638  0.9620 
   00643    0.4950   -1545.5240  0.9612 
   00644    0.4975   -1544.1837  0.9619 
   00645    0.4650   -1537.2987  0.9601 
   00646    0.4900   -1541.3267  0.9639 
   00647    0.4825   -1535.0596  0.9625 
   00648    0.4800   -1534.5878  0.9612 
   00649    0.4900   -1534.0553  0.9608 
   00650    0.4475   -1532.2810  0.9608 
   00651    0.4925   -1536.9522  0.9633 
   00652    0.4350   -1543.1508  0.9649 
   00653    0.4350   -1543.7209  0.9677 
   00654    0.4800   -1542.7303  0.9670 
   00655    0.4775   -1543.0344  0.9671 
   00656    0.4800   -1541.6899  0.9659 
   00657    0.4750   -1540.4357  0.9645 
   00658    0.4825   -1535.2477  0.9631 
   00659    0.4525   -1531.6707  0.9614 
   00660    0.4800   -1533.8750  0.9622 
   00661    0.4650   -1534.0268  0.9621 
   00662    0.5000   -1537.4518  0.9644 
   00663    0.4825   -1529.7746  0.9618 
   00664    0.4175   -1528.9547  0.9598 
   00665    0.4750   -1535.6024  0.9630 
   00666    0.5225   -1536.0687  0.9657 
   00667    0.4350   -1533.6471  0.9645 
   00668    0.4700   -1536.7622  0.9662 
   00669    0.4775   -1536.6276  0.9631 
   00670    0.4525   -1535.9486  0.9620 
   00671    0.4525   -1540.5602  0.9652 
   00672    0.4625   -1541.1136  0.9658 
   00673    0.5050   -1537.5138  0.9633 
   00674    0.4700   -1537.0826  0.9629 
   00675    0.4500   -1536.2947  0.9636 
   00676    0.4800   -1538.2053  0.9634 
   00677    0.5150   -1545.0039  0.9668 
   00678    0.4625   -1543.8363  0.9663 
   00679    0.4675   -1539.9555  0.9645 
   00680    0.4200   -1541.9888  0.9662 
   00681    0.4925   -1540.5730  0.9668 
   00682    0.4700   -1540.7517  0.9683 
   00683    0.4825   -1542.2054  0.9695 
   00684    0.4425   -1543.7517  0.9698 
   00685    0.4625   -1546.7242  0.9699 
   00686    0.4750   -1542.3344  0.9675 
   00687    0.4700   -1541.7471  0.9678 
   00688    0.4450   -1539.8664  0.9638 
   00689    0.4475   -1535.0320  0.9626 
   00690    0.4750   -1536.8772  0.9619 
   00691    0.5075   -1533.6092  0.9624 
   00692    0.5050   -1537.2258  0.9642 
   00693    0.4800   -1534.2152  0.9636 
   00694    0.4900   -1537.8070  0.9651 
   00695    0.4450   -1538.0823  0.9662 
   00696    0.4950   -1539.8242  0.9678 
   00697    0.4650   -1540.6942  0.9700 
   00698    0.4400   -1546.9752  0.9715 
   00699    0.4650   -1542.2254  0.9720 
   00700    0.4575   -1537.0256  0.9670 
   00701    0.4525   -1539.6233  0.9712 
   00702    0.4675   -1534.4810  0.9683 
   00703    0.4475   -1536.5322  0.9658 
   00704    0.4625   -1530.1335  0.9633 
   00705    0.4775   -1530.3127  0.9613 
   00706    0.4700   -1533.1301  0.9618 
   00707    0.4650   -1537.0575  0.9631 
   00708    0.4750   -1545.8742  0.9655 
   00709    0.4225   -1543.5178  0.9631 
   00710    0.4525   -1543.9899  0.9636 
   00711    0.4425   -1547.9479  0.9653 
   00712    0.4625   -1548.0781  0.9665 
   00713    0.4875   -1546.7667  0.9641 
   00714    0.4875   -1546.9219  0.9647 
   00715    0.4225   -1541.6516  0.9633 
   00716    0.4300   -1540.8782  0.9640 
   00717    0.4750   -1536.2112  0.9651 
   00718    0.5175   -1533.4596  0.9613 
   00719    0.4925   -1535.9189  0.9621 
   00720    0.4800   -1532.7025  0.9627 
   00721    0.4800   -1533.1990  0.9632 
   00722    0.4825   -1537.4853  0.9658 
   00723    0.5200   -1543.4371  0.9680 
   00724    0.4725   -1542.7644  0.9672 
   00725    0.4875   -1541.2203  0.9651 
   00726    0.4700   -1538.0987  0.9648 
   00727    0.5000   -1537.7737  0.9658 
   00728    0.4500   -1543.1207  0.9677 
   00729    0.5050   -1544.4387  0.9689 
   00730    0.4500   -1544.1640  0.9669 
   00731    0.4250   -1540.8090  0.9672 
   00732    0.4775   -1539.4004  0.9659 
   00733    0.4675   -1539.1274  0.9649 
   00734    0.4700   -1539.2849  0.9625 
   00735    0.4600   -1543.0856  0.9644 
   00736    0.4700   -1536.5029  0.9625 
   00737    0.4650   -1540.4976  0.9631 
   00738    0.4725   -1539.2833  0.9615 
   00739    0.5100   -1535.5613  0.9595 
   00740    0.4800   -1536.1322  0.9592 
   00741    0.4575   -1535.3575  0.9598 
   00742    0.4275   -1535.1225  0.9607 
   00743    0.4775   -1539.6727  0.9617 
   00744    0.4500   -1542.9336  0.9611 
   00745    0.4250   -1537.4173  0.9581 
   00746    0.4750   -1537.7807  0.9582 
   00747    0.4575   -1538.4616  0.9573 
   00748    0.4825   -1539.0035  0.9573 
   00749    0.4825   -1537.6387  0.9572 
   00750    0.4725   -1537.8559  0.9585 
   00751    0.4975   -1538.1688  0.9592 
   00752    0.4850   -1534.1525  0.9587 
   00753    0.4450   -1540.8135  0.9631 
   00754    0.4650   -1545.2613  0.9625 
   00755    0.4625   -1543.5689  0.9634 
   00756    0.4400   -1543.6795  0.9632 
   00757    0.4400   -1542.8776  0.9617 
   00758    0.4825   -1539.1711  0.9605 
   00759    0.4575   -1537.9480  0.9621 
   00760    0.5150   -1539.3786  0.9648 
   00761    0.4825   -1537.5089  0.9642 
   00762    0.4225   -1532.0971  0.9618 
   00763    0.5050   -1539.6534  0.9619 
   00764    0.4650   -1546.9816  0.9632 
   00765    0.4400   -1546.1812  0.9628 
   00766    0.4300   -1542.3097  0.9583 
   00767    0.5050   -1547.6061  0.9603 
   00768    0.4475   -1545.3523  0.9615 
   00769    0.4750   -1546.4073  0.9639 
   00770    0.4425   -1543.5336  0.9643 
   00771    0.4800   -1542.0881  0.9630 
   00772    0.4500   -1545.0915  0.9647 
   00773    0.4625   -1543.7881  0.9627 
   00774    0.5075   -1539.5554  0.9615 
   00775    0.4400   -1538.2878  0.9612 
   00776    0.4475   -1539.6093  0.9625 
   00777    0.4975   -1544.6395  0.9613 
   00778    0.4500   -1543.4019  0.9643 
   00779    0.4525   -1543.1820  0.9622 
   00780    0.4575   -1534.0686  0.9589 
   00781    0.4850   -1532.8687  0.9581 
   00782    0.4775   -1533.2939  0.9596 
   00783    0.4975   -1537.5823  0.9598 
   00784    0.4500   -1542.1677  0.9604 
   00785    0.4650   -1538.7263  0.9619 
   00786    0.4925   -1538.5305  0.9588 
   00787    0.4975   -1535.9098  0.9584 
   00788    0.5125   -1536.3558  0.9541 
   00789    0.5050   -1539.5198  0.9593 
   00790    0.4775   -1543.3499  0.9615 
   00791    0.4425   -1539.7337  0.9600 
   00792    0.4725   -1543.2137  0.9597 
   00793    0.4925   -1543.9414  0.9604 
   00794    0.4925   -1543.6867  0.9597 
   00795    0.4450   -1541.5384  0.9606 
   00796    0.4600   -1542.4043  0.9615 
   00797    0.4475   -1542.0656  0.9630 
   00798    0.4875   -1541.4706  0.9646 
   00799    0.4300   -1542.8184  0.9633 
   00800    0.4950   -1544.1130  0.9636 
   00801    0.5050   -1545.3069  0.9630 
   00802    0.4900   -1542.3962  0.9625 
   00803    0.4200   -1540.3356  0.9635 
   00804    0.4975   -1539.0081  0.9641 
   00805    0.3950   -1537.9722  0.9643 
   00806    0.4800   -1541.5525  0.9656 
   00807    0.4675   -1541.2387  0.9592 
   00808    0.4775   -1540.4275  0.9594 
   00809    0.4625   -1538.6698  0.9583 
   00810    0.4500   -1537.6496  0.9563 
   00811    0.4300   -1530.9174  0.9558 
   00812    0.4525   -1534.1817  0.9577 
   00813    0.4800   -1536.5483  0.9579 
   00814    0.4650   -1535.6611  0.9568 
   00815    0.4575   -1532.6067  0.9574 
   00816    0.4775   -1534.0882  0.9578 
   00817    0.4950   -1538.0855  0.9595 
   00818    0.4850   -1535.6939  0.9592 
   00819    0.4625   -1537.4317  0.9584 
   00820    0.4825   -1538.1381  0.9597 
   00821    0.4500   -1539.1687  0.9618 
   00822    0.4650   -1539.1632  0.9631 
   00823    0.5225   -1530.5849  0.9618 
   00824    0.4775   -1535.4339  0.9635 
   00825    0.4775   -1535.6134  0.9634 
   00826    0.4850   -1534.9690  0.9626 
   00827    0.4500   -1535.4219  0.9618 
   00828    0.4975   -1532.2955  0.9611 
   00829    0.4450   -1535.1596  0.9633 
   00830    0.4600   -1531.4939  0.9657 
   00831    0.4375   -1528.6315  0.9628 
   00832    0.4475   -1530.9914  0.9627 
   00833    0.4650   -1537.5809  0.9647 
   00834    0.4675   -1541.9229  0.9661 
   00835    0.4425   -1543.1828  0.9674 
   00836    0.4850   -1538.6593  0.9667 
   00837    0.4425   -1538.6946  0.9658 
   00838    0.4325   -1543.3062  0.9683 
   00839    0.4850   -1543.0333  0.9673 
   00840    0.4575   -1541.1491  0.9654 
   00841    0.4700   -1543.0131  0.9662 
   00842    0.5100   -1541.8018  0.9654 
   00843    0.4775   -1537.2582  0.9631 
   00844    0.4650   -1539.4612  0.9641 
   00845    0.4575   -1541.8210  0.9652 
   00846    0.4925   -1537.7478  0.9642 
   00847    0.4900   -1535.3194  0.9608 
   00848    0.4600   -1535.1392  0.9589 
   00849    0.5100   -1532.0253  0.9581 
   00850    0.5150   -1530.3942  0.9596 
   00851    0.4675   -1527.0430  0.9594 
   00852    0.5025   -1532.3248  0.9583 
   00853    0.4850   -1532.6921  0.9604 
   00854    0.4050   -1538.0103  0.9631 
   00855    0.4400   -1538.8344  0.9661 
   00856    0.4475   -1548.4828  0.9686 
   00857    0.4650   -1542.9171  0.9663 
   00858    0.4725   -1542.4726  0.9665 
   00859    0.4850   -1546.5842  0.9666 
   00860    0.4475   -1546.4207  0.9670 
   00861    0.4650   -1545.6226  0.9628 
   00862    0.4750   -1540.8197  0.9615 
   00863    0.4825   -1535.7879  0.9585 
   00864    0.5075   -1536.4534  0.9577 
   00865    0.5025   -1539.7507  0.9579 
   00866    0.4575   -1541.2573  0.9591 
   00867    0.4650   -1539.1495  0.9563 
   00868    0.4975   -1542.9237  0.9571 
   00869    0.4450   -1539.4943  0.9552 
   00870    0.5100   -1537.9411  0.9541 
   00871    0.4475   -1540.6686  0.9503 
   00872    0.4550   -1541.3883  0.9531 
   00873    0.4850   -1539.5057  0.9537 
   00874    0.4700   -1540.7252  0.9528 
   00875    0.4550   -1540.9392  0.9510 
   00876    0.4700   -1539.8295  0.9517 
   00877    0.4475   -1540.6721  0.9507 
   00878    0.4500   -1539.5741  0.9502 
   00879    0.4750   -1543.2396  0.9517 
   00880    0.4450   -1539.5626  0.9507 
   00881    0.4725   -1540.0099  0.9512 
   00882    0.4550   -1538.4236  0.9519 
   00883    0.4950   -1539.4880  0.9516 
   00884    0.4725   -1541.3420  0.9541 
   00885    0.4750   -1536.8973  0.9552 
   00886    0.5100   -1542.5723  0.9556 
   00887    0.4600   -1549.2341  0.9608 
   00888    0.4800   -1547.7515  0.9596 
   00889    0.4650   -1547.4736  0.9605 
   00890    0.4850   -1538.8171  0.9587 
   00891    0.4650   -1536.5517  0.9579 
   00892    0.4625   -1540.2712  0.9566 
   00893    0.4800   -1542.9541  0.9565 
   00894    0.5150   -1536.5750  0.9557 
   00895    0.5175   -1536.6244  0.9568 
   00896    0.4925   -1536.9432  0.9576 
   00897    0.4650   -1539.2224  0.9562 
   00898    0.5000   -1538.6873  0.9551 
   00899    0.4850   -1537.2242  0.9545 
   00900    0.5100   -1539.4711  0.9564 
   00901    0.4625   -1541.5157  0.9611 
   00902    0.5375   -1536.8298  0.9575 
   00903    0.4850   -1536.5915  0.9600 
   00904    0.4700   -1537.5628  0.9612 
   00905    0.4600   -1537.4244  0.9617 
   00906    0.4600   -1538.5633  0.9600 
   00907    0.4900   -1542.0063  0.9612 
   00908    0.4625   -1541.3594  0.9615 
   00909    0.4750   -1543.0346  0.9634 
   00910    0.4450   -1545.4099  0.9649 
   00911    0.4250   -1543.5214  0.9641 
   00912    0.4550   -1541.8108  0.9619 
   00913    0.4800   -1541.5479  0.9627 
   00914    0.4875   -1540.0609  0.9611 
   00915    0.4750   -1541.5469  0.9627 
   00916    0.4825   -1538.1314  0.9628 
   00917    0.4950   -1542.6010  0.9632 
   00918    0.5000   -1542.1872  0.9637 
   00919    0.4375   -1540.0713  0.9637 
   00920    0.4700   -1536.1895  0.9606 
   00921    0.4775   -1533.4639  0.9624 
   00922    0.4950   -1542.4695  0.9650 
   00923    0.4750   -1542.5420  0.9669 
   00924    0.4275   -1539.4402  0.9633 
   00925    0.4350   -1536.1277  0.9612 
   00926    0.4725   -1541.4569  0.9650 
   00927    0.4775   -1539.3498  0.9647 
   00928    0.4750   -1539.5517  0.9630 
   00929    0.4675   -1543.0774  0.9633 
   00930    0.4375   -1538.8274  0.9632 
   00931    0.4850   -1544.1830  0.9642 
   00932    0.4600   -1537.4162  0.9609 
   00933    0.4575   -1542.4538  0.9642 
   00934    0.4400   -1538.2247  0.9617 
   00935    0.4275   -1538.7759  0.9606 
   00936    0.4550   -1535.3630  0.9582 
   00937    0.4525   -1533.6923  0.9564 
   00938    0.4475   -1529.8600  0.9550 
   00939    0.4650   -1537.2655  0.9558 
   00940    0.4675   -1537.9685  0.9583 
   00941    0.4750   -1541.4262  0.9628 
   00942    0.5200   -1537.1013  0.9613 
   00943    0.4625   -1537.2848  0.9613 
   00944    0.4500   -1539.9217  0.9617 
   00945    0.4700   -1540.9962  0.9626 
   00946    0.4475   -1537.2807  0.9614 
   00947    0.4925   -1537.6438  0.9600 
   00948    0.4150   -1534.5701  0.9585 
   00949    0.4325   -1536.3696  0.9591 
   00950    0.4575   -1539.4251  0.9601 
   00951    0.4700   -1543.3825  0.9607 
   00952    0.4750   -1540.2170  0.9633 
   00953    0.4525   -1543.4606  0.9639 
   00954    0.4400   -1542.8941  0.9624 
   00955    0.5000   -1537.5956  0.9609 
   00956    0.4675   -1534.5401  0.9584 
   00957    0.4675   -1536.9200  0.9572 
   00958    0.4600   -1536.4433  0.9589 
   00959    0.4925   -1533.2390  0.9577 
   00960    0.4475   -1536.0028  0.9583 
   00961    0.4575   -1538.8468  0.9599 
   00962    0.5275   -1538.6103  0.9590 
   00963    0.4300   -1537.3783  0.9593 
   00964    0.4600   -1533.9563  0.9587 
   00965    0.4675   -1534.2199  0.9589 
   00966    0.4975   -1534.1946  0.9599 
   00967    0.5075   -1536.4905  0.9592 
   00968    0.4575   -1530.4669  0.9598 
   00969    0.4375   -1534.1458  0.9626 
   00970    0.4700   -1536.6703  0.9619 
   00971    0.4300   -1538.8124  0.9606 
   00972    0.4775   -1536.5808  0.9602 
   00973    0.4625   -1531.7537  0.9571 
   00974    0.4800   -1533.4234  0.9589 
   00975    0.4575   -1534.7856  0.9625 
   00976    0.4875   -1534.1200  0.9607 
   00977    0.4950   -1536.7344  0.9633 
   00978    0.4925   -1541.7006  0.9630 
   00979    0.4700   -1540.5397  0.9633 
   00980    0.5000   -1539.1759  0.9624 
   00981    0.4725   -1538.3323  0.9638 
   00982    0.4650   -1539.0190  0.9653 
   00983    0.4750   -1537.2135  0.9615 
   00984    0.5025   -1536.8096  0.9593 
   00985    0.4225   -1533.2794  0.9573 
   00986    0.4625   -1531.7073  0.9559 
   00987    0.4550   -1532.7616  0.9553 
   00988    0.5150   -1539.8332  0.9608 
   00989    0.4700   -1540.5559  0.9635 
   00990    0.4425   -1542.9460  0.9658 
   00991    0.4625   -1539.7426  0.9649 
   00992    0.4500   -1545.1493  0.9685 
   00993    0.4350   -1545.0193  0.9653 
   00994    0.4600   -1544.0164  0.9636 
   00995    0.4500   -1544.8058  0.9636 
   00996    0.4675   -1540.1082  0.9620 
   00997    0.5075   -1543.0792  0.9631 
   00998    0.4675   -1539.3157  0.9631 
   00999    0.4825   -1535.4959  0.9630 
   01000    0.4800   -1535.7985  0.9636 
