#=====================================================
# File created:        Wed-05-Nov-2025-at-05-12-21AM
# Size of lattice:     120x120
# Number of MC steps:  1000
# Reduced temperature: 0.500
# Run time (s):        5.596925
#=====================================================
# MC step:  Ratio:     Energy:   Order:
#=====================================================
   00000    0.5000  -14454.0394  0.2524 
   00001    0.6756  -21459.1006  0.2518 
   00002    0.6230  -25979.7292  0.2527 
   00003    0.5892  -29346.8853  0.2534 
   00004    0.5591  -31816.2259  0.2584 
   00005    0.5387  -33806.9667  0.2638 
   00006    0.5160  -35431.8017  0.2652 
   00007    0.5083  -36725.3805  0.2628 
   00008    0.5016  -37748.1647  0.2622 
   00009    0.4884  -38643.0589  0.2648 
   00010    0.4847  -39461.5935  0.2676 
   00011    0.4747  -40176.3222  0.2690 
   00012    0.4772  -40675.5129  0.2677 
   00013    0.4681  -41221.0449  0.2681 
   00014    0.4692  -41716.0499  0.2713 
   00015    0.4669  -42105.3874  0.2704 
   00016    0.4518  -42426.3522  0.2686 
   00017    0.4545  -42840.2363  0.2683 
   00018    0.4510  -43048.8060  0.2664 
   00019    0.4485  -43354.1691  0.2696 
   00020    0.4526  -43661.6387  0.2676 
   00021    0.4494  -43832.5892  0.2695 
   00022    0.4372  -43985.9238  0.2741 
   00023    0.4429  -44162.2128  0.2740 
   00024    0.4394  -44342.6515  0.2736 
   00025    0.4443  -44550.2863  0.2733 
   00026    0.4390  -44679.0692  0.2748 
   00027    0.4401  -44877.1846  0.2799 
   00028    0.4415  -45174.7033  0.2788 
   00029    0.4345  -45174.3511  0.2806 
   00030    0.4399  -45255.6919  0.2825 
   00031    0.4385  -45290.3285  0.2817 
   00032    0.4308  -45375.1532  0.2788 
   00033    0.4326  -45417.8089  0.2788 
   00034    0.4325  -45652.8180  0.2802 
   00035    0.4295  -45718.8640  0.2789 
   00036    0.4333  -45808.1932  0.2801 
   00037    0.4274  -45886.2109  0.2775 
   00038    0.4339  -45940.3695  0.2779 
   00039    0.4391  -45943.4886  0.2804 
   00040    0.4258  -46142.2601  0.2786 
   00041    0.4277  -46286.6456  0.2795 
   00042    0.4324  -46375.5128  0.2816 
   00043    0.4255  -46480.7971  0.2828 
   00044    0.4245  -46446.9870  0.2832 
   00045    0.4258  -46438.1327  0.2826 
   00046    0.4324  -46462.4691  0.2829 
   00047    0.4307  -46587.6500  0.2826 
   00048    0.4288  -46616.7339  0.2858 
   00049    0.4273  -46715.2911  0.2858 
   00050    0.4308  -46760.3453  0.2874 
   00051    0.4243  -46689.8187  0.2897 
   00052    0.4251  -46691.1936  0.2929 
   00053    0.4274  -46793.2194  0.2923 
   00054    0.4279  -46998.2911  0.2898 
   00055    0.4208  -47032.5915  0.2909 
   00056    0.4194  -47046.1667  0.2856 
   00057    0.4236  -47018.8872  0.2855 
   00058    0.4268  -46885.2153  0.2804 
   00059    0.4238  -46917.5252  0.2813 
   00060    0.4153  -46986.7514  0.2818 
   00061    0.4278  -47051.4659  0.2820 
   00062    0.4239  -47149.3482  0.2852 
   00063    0.4214  -47136.5562  0.2846 
   00064    0.4302  -47151.0527  0.2866 
   00065    0.4172  -47266.1343  0.2842 
   00066    0.4211  -47247.8452  0.2813 
   00067    0.4286  -47296.3627  0.2811 
   00068    0.4233  -47263.1155  0.2779 
   00069    0.4221  -47278.1091  0.2781 
   00070    0.4227  -47340.6581  0.2785 
   00071    0.4243  -47412.7451  0.2817 
   00072    0.4208  -47475.2798  0.2825 
   00073    0.4228  -47526.7069  0.2821 
   00074    0.4203  -47531.0768  0.2808 
   00075    0.4244  -47652.0519  0.2796 
   00076    0.4177  -47557.9625  0.2810 
   00077    0.4140  -47570.8294  0.2794 
   00078    0.4206  -47513.1800  0.2803 
   00079    0.4217  -47516.3524  0.2815 
   00080    0.4196  -47436.7991  0.2829 
   00081    0.4169  -47481.3289  0.2870 
   00082    0.4181  -47606.2411  0.2880 
   00083    0.4134  -47639.9020  0.2889 
   00084    0.4249  -47559.2079  0.2899 
   00085    0.4211  -47645.4847  0.2886 
   00086    0.4222  -47689.6378  0.2901 
   00087    0.4246  -47759.7104  0.2917 
   00088    0.4121  -47842.9876  0.2920 
   00089    0.4210  -47815.6175  0.2899 
   00090    0.4147  -47755.6043  0.2898 
   00091    0.4183  -47782.9752  0.2895 
   00092    0.4203  -47810.9825  0.2900 
   00093    0.4211  -47746.4090  0.2906 
   00094    0.4216  -47675.1251  0.2892 
   00095    0.4211  -47690.7606  0.2903 
   00096    0.4190  -47681.3707  0.2901 
   00097    0.4226  -47714.4085  0.2927 
   00098    0.4252  -47759.6162  0.2905 
   00099    0.4167  -47746.5712  0.2898 
   00100    0.4221  -47800.6295  0.2888 
   00101    0.4178  -47731.7457  0.2898 
   00102    0.4192  -47786.7436  0.2890 
   00103    0.4165  -47843.5330  0.2892 
   00104    0.4171  -47825.1778  0.2893 
   00105    0.4157  -47903.7195  0.2910 
   00106    0.4119  -47915.6948  0.2889 
   00107    0.4156  -47830.3641  0.2915 
   00108    0.4273  -47842.7538  0.2884 
   00109    0.4284  -47822.9146  0.2844 
   00110    0.4224  -47989.5547  0.2837 
   00111    0.4288  -48035.7305  0.2832 
   00112    0.4198  -48079.8954  0.2851 
   00113    0.4148  -48101.5761  0.2866 
   00114    0.4086  -48038.0785  0.2861 
   00115    0.4094  -47989.3889  0.2865 
   00116    0.4157  -47918.6318  0.2859 
   00117    0.4231  -47896.0863  0.2861 
   00118    0.4099  -47925.3650  0.2881 
   00119    0.4124  -47953.5072  0.2896 
   00120    0.4183  -47966.3404  0.2905 
   00121    0.4228  -47899.3248  0.2916 
   00122    0.4240  -47975.3657  0.2925 
   00123    0.4201  -47950.1651  0.2910 
   00124    0.4202  -47992.8321  0.2927 
   00125    0.4147  -48088.0441  0.2932 
   00126    0.4176  -48108.7056  0.2942 
   00127    0.4142  -48106.2204  0.2921 
   00128    0.4168  -48027.8846  0.2914 
   00129    0.4192  -48139.0646  0.2927 
   00130    0.4178  -48188.9728  0.2930 
   00131    0.4167  -48126.4271  0.2926 
   00132    0.4191  -48169.1598  0.2929 
   00133    0.4153  -48068.0673  0.2924 
   00134    0.4161  -48184.2878  0.2924 
   00135    0.4160  -48121.0110  0.2935 
   00136    0.4063  -48170.3041  0.2919 
   00137    0.4152  -48118.2671  0.2939 
   00138    0.4176  -48173.1286  0.2963 
   00139    0.4258  -48129.5442  0.2963 
   00140    0.4188  -48168.4569  0.2964 
   00141    0.4214  -48120.1075  0.2978 
   00142    0.4203  -48030.2621  0.2975 
   00143    0.4185  -48102.0165  0.2999 
   00144    0.4199  -48101.5701  0.3035 
   00145    0.4139  -48089.1498  0.3024 
   00146    0.4126  -48088.1563  0.3047 
   00147    0.4142  -48049.6978  0.3051 
   00148    0.4232  -48103.6846  0.3047 
   00149    0.4226  -48094.4259  0.3033 
   00150    0.4240  -48181.4950  0.3019 
   00151    0.4233  -48107.4349  0.3042 
   00152    0.4230  -48140.3240  0.3050 
   00153    0.4187  -48100.0648  0.3052 
   00154    0.4156  -48133.3366  0.3038 
   00155    0.4146  -48157.8607  0.3022 
   00156    0.4120  -48241.7525  0.3002 
   00157    0.4179  -48100.1287  0.2992 
   00158    0.4215  -48143.6821  0.3013 
   00159    0.4134  -48111.1445  0.3033 
   00160    0.4167  -48118.6652  0.3012 
   00161    0.4144  -48269.2907  0.3028 
   00162    0.4155  -48343.1274  0.3029 
   00163    0.4160  -48397.0587  0.3064 
   00164    0.4163  -48411.4705  0.3077 
   00165    0.4171  -48426.6501  0.3052 
   00166    0.4093  -48312.4142  0.3045 
   00167    0.4105  -48314.7665  0.3043 
   00168    0.4208  -48196.3300  0.3037 
   00169    0.4172  -48207.4984  0.3060 
   00170    0.4110  -48224.7306  0.3056 
   00171    0.4153  -48227.8585  0.3049 
   00172    0.4173  -48225.2752  0.3063 
   00173    0.4131  -48327.8152  0.3088 
   00174    0.4122  -48235.0633  0.3103 
   00175    0.4201  -48243.7596  0.3151 
   00176    0.4128  -48201.7611  0.3122 
   00177    0.4168  -48253.0614  0.3118 
   00178    0.4148  -48250.9029  0.3117 
   00179    0.4146  -48265.5948  0.3127 
   00180    0.4190  -48302.4380  0.3121 
   00181    0.4174  -48309.8395  0.3097 
   00182    0.4172  -48335.1904  0.3078 
   00183    0.4140  -48347.3934  0.3062 
   00184    0.4052  -48330.6398  0.3064 
   00185    0.4256  -48406.4113  0.3061 
   00186    0.4117  -48429.7749  0.3050 
   00187    0.4103  -48398.1209  0.3014 
   00188    0.4122  -48396.3756  0.3017 
   00189    0.4181  -48379.6357  0.3024 
   00190    0.4094  -48385.7509  0.3049 
   00191    0.4235  -48340.6647  0.3071 
   00192    0.4144  -48353.8689  0.3089 
   00193    0.4195  -48290.5502  0.3075 
   00194    0.4164  -48220.3431  0.3090 
   00195    0.4140  -48418.5701  0.3077 
   00196    0.4182  -48435.5992  0.3091 
   00197    0.4155  -48460.0224  0.3112 
   00198    0.4075  -48423.3972  0.3123 
   00199    0.4188  -48451.6146  0.3124 
   00200    0.4167  -48519.5693  0.3118 
   00201    0.4066  -48514.4667  0.3128 
   00202    0.4117  -48483.3886  0.3114 
   00203    0.4187  -48431.8676  0.3102 
   00204    0.4317  -48419.7159  0.3099 
   00205    0.4147  -48299.6770  0.3100 
   00206    0.4169  -48408.6420  0.3098 
   00207    0.4094  -48544.5666  0.3084 
   00208    0.4127  -48609.2847  0.3080 
   00209    0.4195  -48549.3790  0.3051 
   00210    0.4149  -48413.6393  0.3043 
   00211    0.4188  -48405.5010  0.3079 
   00212    0.4074  -48381.0668  0.3049 
   00213    0.4149  -48295.4142  0.3044 
   00214    0.4179  -48275.2543  0.3054 
   00215    0.4178  -48407.1296  0.3090 
   00216    0.4160  -48457.1690  0.3050 
   00217    0.4072  -48440.3943  0.3058 
   00218    0.4165  -48375.0228  0.3065 
   00219    0.4235  -48341.5915  0.3066 
   00220    0.4093  -48451.3487  0.3078 
   00221    0.4176  -48404.3228  0.3073 
   00222    0.4076  -48339.6614  0.3066 
   00223    0.4110  -48339.1447  0.3036 
   00224    0.4153  -48432.3458  0.3050 
   00225    0.4162  -48482.6214  0.3064 
   00226    0.4147  -48524.1339  0.3067 
   00227    0.4115  -48589.8637  0.3073 
   00228    0.4052  -48529.6934  0.3095 
   00229    0.4128  -48491.7031  0.3102 
   00230    0.4134  -48427.8460  0.3099 
   00231    0.4165  -48431.0596  0.3123 
   00232    0.4160  -48442.4041  0.3093 
   00233    0.4099  -48463.1052  0.3106 
   00234    0.4163  -48444.1099  0.3098 
   00235    0.4241  -48515.6140  0.3125 
   00236    0.4150  -48473.4054  0.3147 
   00237    0.4083  -48567.7784  0.3160 
   00238    0.4164  -48576.1294  0.3159 
   00239    0.4098  -48670.4328  0.3188 
   00240    0.4157  -48654.4928  0.3167 
   00241    0.4156  -48573.7514  0.3196 
   00242    0.4151  -48643.2190  0.3179 
   00243    0.4120  -48683.6823  0.3172 
   00244    0.4149  -48588.9936  0.3169 
   00245    0.4132  -48553.4805  0.3151 
   00246    0.4207  -48557.7878  0.3147 
   00247    0.4075  -48543.8972  0.3146 
   00248    0.4189  -48481.9104  0.3146 
   00249    0.4168  -48680.2119  0.3201 
   00250    0.4079  -48658.7736  0.3206 
   00251    0.4126  -48687.9741  0.3188 
   00252    0.4180  -48623.4313  0.3193 
   00253    0.4162  -48698.7977  0.3192 
   00254    0.4133  -48704.2362  0.3183 
   00255    0.4103  -48628.1996  0.3189 
   00256    0.4106  -48700.4682  0.3162 
   00257    0.4151  -48674.5934  0.3149 
   00258    0.4184  -48613.5964  0.3145 
   00259    0.4119  -48698.3158  0.3159 
   00260    0.4090  -48744.5720  0.3168 
   00261    0.4074  -48615.6584  0.3155 
   00262    0.4088  -48607.3946  0.3176 
   00263    0.4160  -48706.5717  0.3198 
   00264    0.4190  -48758.8986  0.3176 
   00265    0.4083  -48745.7285  0.3171 
   00266    0.4142  -48762.8072  0.3174 
   00267    0.4140  -48681.0118  0.3179 
   00268    0.4094  -48694.1423  0.3193 
   00269    0.4113  -48705.4755  0.3190 
   00270    0.4062  -48739.6569  0.3175 
   00271    0.4188  -48664.0352  0.3152 
   00272    0.4144  -48572.0738  0.3146 
   00273    0.4175  -48631.6797  0.3141 
   00274    0.4205  -48649.9494  0.3121 
   00275    0.4140  -48653.1283  0.3148 
   00276    0.4085  -48593.4334  0.3137 
   00277    0.4120  -48568.3707  0.3113 
   00278    0.4160  -48605.9529  0.3136 
   00279    0.4144  -48599.4831  0.3157 
   00280    0.4147  -48664.6425  0.3135 
   00281    0.4153  -48616.9588  0.3158 
   00282    0.4136  -48693.7675  0.3153 
   00283    0.4130  -48592.2205  0.3138 
   00284    0.4040  -48681.1672  0.3141 
   00285    0.4110  -48619.8530  0.3146 
   00286    0.4181  -48569.6767  0.3158 
   00287    0.4129  -48726.9821  0.3142 
   00288    0.4092  -48698.0444  0.3135 
   00289    0.4179  -48737.7547  0.3112 
   00290    0.4157  -48647.0953  0.3130 
   00291    0.4126  -48578.1187  0.3145 
   00292    0.4160  -48652.6406  0.3130 
   00293    0.4119  -48740.3201  0.3151 
   00294    0.4112  -48741.5806  0.3133 
   00295    0.4108  -48764.4234  0.3158 
   00296    0.4184  -48743.1549  0.3161 
   00297    0.4160  -48769.7331  0.3153 
   00298    0.4067  -48757.4904  0.3145 
   00299    0.4135  -48738.9493  0.3146 
   00300    0.4185  -48810.8827  0.3145 
   00301    0.4120  -48740.9103  0.3126 
   00302    0.4144  -48790.1003  0.3124 
   00303    0.4028  -48887.4563  0.3125 
   00304    0.4126  -48843.8881  0.3140 
   00305    0.4169  -48815.6018  0.3162 
   00306    0.4136  -48854.8275  0.3144 
   00307    0.4173  -48793.0855  0.3159 
   00308    0.4076  -48747.7289  0.3150 
   00309    0.4042  -48738.5649  0.3152 
   00310    0.4140  -48775.4043  0.3146 
   00311    0.4172  -48739.0120  0.3107 
   00312    0.4148  -48736.9109  0.3122 
   00313    0.4129  -48659.3922  0.3130 
   00314    0.4107  -48601.5599  0.3129 
   00315    0.4119  -48726.3470  0.3117 
   00316    0.4131  -48757.8373  0.3154 
   00317    0.4184  -48772.0673  0.3136 
   00318    0.4090  -48807.1812  0.3139 
   00319    0.4140  -48765.3899  0.3135 
   00320    0.4067  -48803.6795  0.3148 
   00321    0.4146  -48836.4514  0.3161 
   00322    0.4158  -48893.7810  0.3162 
   00323    0.4144  -48786.9959  0.3165 
   00324    0.4181  -48839.5717  0.3156 
   00325    0.4158  -48861.8080  0.3163 
   00326    0.4146  -48917.8374  0.3137 
   00327    0.4146  -48834.2033  0.3124 
   00328    0.4178  -48854.0480  0.3134 
   00329    0.4174  -48883.6031  0.3173 
   00330    0.4123  -48921.0925  0.3162 
   00331    0.4158  -48877.7805  0.3153 
   00332    0.4115  -48901.6014  0.3149 
   00333    0.4093  -48856.7518  0.3147 
   00334    0.4117  -48925.4510  0.3166 
   00335    0.4128  -48986.9944  0.3186 
   00336    0.4158  -48877.1046  0.3200 
   00337    0.4106  -48934.0354  0.3175 
   00338    0.4040  -48787.5681  0.3150 
   00339    0.4117  -48850.1428  0.3151 
   00340    0.4128  -48878.3360  0.3153 
   00341    0.4176  -48846.2702  0.3163 
   00342    0.4159  -48869.4060  0.3175 
   00343    0.4123  -48858.6995  0.3171 
   00344    0.4234  -48876.6766  0.3168 
   00345    0.4167  -48934.3385  0.3162 
   00346    0.4110  -48890.0252  0.3146 
   00347    0.4122  -48861.1153  0.3163 
   00348    0.4121  -48758.7617  0.3145 
   00349    0.4197  -48737.0927  0.3157 
   00350    0.4158  -48734.7559  0.3147 
   00351    0.4067  -48701.6708  0.3139 
   00352    0.4154  -48792.3789  0.3128 
   00353    0.4131  -48772.9191  0.3122 
   00354    0.4098  -48710.3303  0.3155 
   00355    0.4082  -48778.8422  0.3153 
   00356    0.4133  -48746.5338  0.3157 
   00357    0.4137  -48687.8656  0.3149 
   00358    0.4121  -48695.0348  0.3123 
   00359    0.4119  -48722.1465  0.3125 
   00360    0.4095  -48703.9790  0.3149 
   00361    0.4131  -48823.9844  0.3170 
   00362    0.4117  -48897.0020  0.3167 
   00363    0.4129  -48821.0617  0.3166 
   00364    0.4072  -48816.5567  0.3172 
   00365    0.4120  -48807.4876  0.3148 
   00366    0.4122  -48838.7102  0.3158 
   00367    0.4160  -48861.0457  0.3156 
   00368    0.4095  -48859.4787  0.3171 
   00369    0.4143  -48930.8775  0.3190 
   00370    0.4125  -48999.7726  0.3184 
   00371    0.4192  -48883.8370  0.3144 
   00372    0.4078  -48931.8293  0.3140 
   00373    0.4060  -48953.9218  0.3189 
   00374    0.4110  -48830.5578  0.3181 
   00375    0.4096  -48790.5411  0.3181 
   00376    0.4115  -48798.3921  0.3188 
   00377    0.4083  -48857.7253  0.3191 
   00378    0.4067  -48752.2857  0.3195 
   00379    0.4169  -48791.5738  0.3168 
   00380    0.4206  -48815.6328  0.3154 
   00381    0.4147  -48794.8991  0.3164 
   00382    0.4038  -48758.9212  0.3173 
   00383    0.4123  -48789.5563  0.3149 
   00384    0.4170  -48728.1723  0.3167 
   00385    0.4098  -48794.8394  0.3180 
   00386    0.4063  -48864.2720  0.3188 
   00387    0.4112  -48876.9569  0.3216 
   00388    0.4130  -48929.3756  0.3235 
   00389    0.4132  -48834.5361  0.3254 
   00390    0.4171  -48891.1545  0.3254 
   00391    0.4085  -48877.9339  0.3271 
   00392    0.4203  -48837.1442  0.3296 
   00393    0.4170  -48784.0776  0.3285 
   00394    0.4158  -48765.4262  0.3287 
   00395    0.4087  -48714.4015  0.3268 
   00396    0.4175  -48634.7186  0.3227 
   00397    0.4188  -48754.5070  0.3234 
   00398    0.4178  -48799.5238  0.3246 
   00399    0.4108  -48748.2027  0.3218 
   00400    0.4165  -48799.7001  0.3230 
   00401    0.4136  -48897.5867  0.3205 
   00402    0.4143  -48854.0295  0.3203 
   00403    0.4088  -48823.2157  0.3210 
   00404    0.4186  -48843.2548  0.3217 
   00405    0.4181  -48755.9621  0.3206 
   00406    0.4152  -48771.5160  0.3184 
   00407    0.4149  -48822.8300  0.3199 
   00408    0.4123  -48665.8288  0.3198 
   00409    0.4166  -48647.1185  0.3187 
   00410    0.4148  -48664.1639  0.3186 
   00411    0.4114  -48624.8804  0.3170 
   00412    0.4159  -48609.3654  0.3190 
   00413    0.4093  -48660.6621  0.3170 
   00414    0.4114  -48750.4921  0.3183 
   00415    0.4145  -48782.6284  0.3193 
   00416    0.4155  -48760.5866  0.3182 
   00417    0.4047  -48780.9872  0.3171 
   00418    0.4112  -48751.1268  0.3173 
   00419    0.4119  -48845.3079  0.3175 
   00420    0.4133  -48824.4239  0.3198 
   00421    0.4118  -48801.1605  0.3177 
   00422    0.4172  -48827.6950  0.3168 
   00423    0.4142  -48883.2645  0.3185 
   00424    0.4146  -48839.0430  0.3174 
   00425    0.4096  -48707.2365  0.3167 
   00426    0.4154  -48743.5299  0.3167 
   00427    0.4087  -48775.6380  0.3164 
   00428    0.4124  -48783.7676  0.3143 
   00429    0.4108  -48835.0359  0.3153 
   00430    0.4208  -48869.3701  0.3167 
   00431    0.4125  -48854.2672  0.3180 
   00432    0.4104  -48884.3398  0.3198 
   00433    0.4133  -48903.7319  0.3221 
   00434    0.4106  -48897.7467  0.3222 
   00435    0.4196  -48799.0258  0.3223 
   00436    0.4143  -48675.9218  0.3240 
   00437    0.4132  -48693.2265  0.3246 
   00438    0.4110  -48736.8459  0.3260 
   00439    0.4102  -48713.0816  0.3246 
   00440    0.4197  -48757.9947  0.3263 
   00441    0.4126  -48756.7150  0.3275 
   00442    0.4210  -48808.0697  0.3300 
   00443    0.4150  -48850.8519  0.3294 
   00444    0.4142  -48862.2553  0.3261 
   00445    0.4097  -48909.3041  0.3233 
   00446    0.4117  -48840.5574  0.3229 
   00447    0.4110  -48755.4959  0.3250 
   00448    0.4158  -48788.7252  0.3260 
   00449    0.4116  -48948.8051  0.3254 
   00450    0.4158  -49015.6953  0.3257 
   00451    0.4181  -48909.9105  0.3268 
   00452    0.4062  -48875.2618  0.3270 
   00453    0.4119  -48925.4671  0.3251 
   00454    0.4123  -48889.3934  0.3244 
   00455    0.4084  -48848.5603  0.3238 
   00456    0.4208  -48872.6687  0.3240 
   00457    0.4071  -48822.2674  0.3262 
   00458    0.4122  -48831.3230  0.3260 
   00459    0.4078  -48882.3878  0.3252 
   00460    0.4069  -48905.5115  0.3251 
   00461    0.4130  -48887.8481  0.3246 
   00462    0.4133  -48856.5920  0.3265 
   00463    0.4177  -48878.0208  0.3252 
   00464    0.4047  -48861.2376  0.3248 
   00465    0.4094  -48803.3384  0.3205 
   00466    0.4146  -48754.5148  0.3194 
   00467    0.4088  -48820.3098  0.3179 
   00468    0.4062  -48919.2665  0.3217 
   00469    0.4086  -48914.9653  0.3230 
   00470    0.4117  -48955.4908  0.3232 
   00471    0.4142  -48946.5190  0.3252 
   00472    0.4058  -49019.3749  0.3230 
   00473    0.4144  -49074.4160  0.3235 
   00474    0.4127  -48975.0370  0.3225 
   00475    0.4130  -49142.6756  0.3264 
   00476    0.4092  -49052.6322  0.3255 
   00477    0.4094  -49075.7564  0.3243 
   00478    0.4095  -49078.7941  0.3209 
   00479    0.4142  -49130.9445  0.3210 
   00480    0.4168  -49053.0403  0.3208 
   00481    0.4119  -49024.0098  0.3213 
   00482    0.4094  -49111.7476  0.3197 
   00483    0.4089  -48953.0400  0.3189 
   00484    0.4082  -49053.4741  0.3155 
   00485    0.4088  -49016.5888  0.3151 
   00486    0.4039  -49004.4051  0.3127 
   00487    0.4140  -48919.9818  0.3126 
   00488    0.4027  -48897.6687  0.3138 
   00489    0.4144  -49008.6076  0.3147 
   00490    0.4092  -49010.9607  0.3139 
   00491    0.4070  -48992.4796  0.3154 
   00492    0.4090  -48962.6436  0.3156 
   00493    0.4175  -48919.3668  0.3170 
   00494    0.4203  -49061.8013  0.3159 
   00495    0.4113  -49136.5792  0.3137 
   00496    0.4114  -49070.7409  0.3118 
   00497    0.4138  -49074.6411  0.3114 
   00498    0.4155  -49072.4083  0.3080 
   00499    0.4049  -49149.4007  0.3078 
   00500    0.4085  -49075.3934  0.3045 
   00501    0.4005  -49058.8530  0.3041 
   00502    0.4088  -48977.3223  0.3051 
   00503    0.4144  -48959.4482  0.3033 
   00504    0.4124  -48886.2192  0.3034 
   00505    0.4151  -48890.7598  0.3036 
   00506    0.4110  -48912.8436  0.3054 
   00507    0.4112  -48935.0285  0.3047 
   00508    0.4157  -48875.9681  0.3049 
   00509    0.4145  -48878.2584  0.3026 
   00510    0.4099  -48911.0169  0.3015 
   00511    0.4052  -48956.8809  0.3022 
   00512    0.4127  -48866.9073  0.3022 
   00513    0.4095  -48815.0019  0.3023 
   00514    0.4146  -48793.0510  0.3018 
   00515    0.4108  -48870.1046  0.3031 
   00516    0.4078  -48858.5430  0.3024 
   00517    0.4049  -48894.3097  0.3032 
   00518    0.4114  -48899.3687  0.3027 
   00519    0.4228  -48842.3445  0.3036 
   00520    0.4136  -48828.8092  0.3045 
   00521    0.4194  -48720.0239  0.3055 
   00522    0.4097  -48781.2399  0.3058 
   00523    0.4147  -48843.3651  0.3056 
   00524    0.4076  -48901.9945  0.3072 
   00525    0.4099  -48787.5565  0.3051 
   00526    0.4108  -48820.5806  0.3046 
   00527    0.4147  -48723.9702  0.3056 
   00528    0.4151  -48855.0460  0.3077 
   00529    0.4058  -48925.2041  0.3088 
   00530    0.4144  -48859.9113  0.3076 
   00531    0.4117  -48910.3605  0.3062 
   00532    0.4119  -48976.5936  0.3068 
   00533    0.4055  -48997.0806  0.3024 
   00534    0.4044  -48948.1446  0.3036 
   00535    0.4151  -48979.1419  0.3010 
   00536    0.4068  -49010.9051  0.3023 
   00537    0.4107  -48955.3419  0.3046 
   00538    0.4119  -49051.4588  0.3011 
   00539    0.4117  -49038.0395  0.3009 
   00540    0.4051  -48996.7731  0.3032 
   00541    0.4143  -49004.9061  0.2998 
   00542    0.4048  -48931.5609  0.3002 
   00543    0.4090  -48968.9922  0.2997 
   00544    0.4033  -48888.6284  0.2994 
   00545    0.4158  -48816.8448  0.2976 
   00546    0.4114  -48729.4715  0.3016 
   00547    0.4175  -48829.2830  0.3029 
   00548    0.4067  -48897.0510  0.3031 
   00549    0.4062  -48888.2729  0.3059 
   00550    0.4089  -48849.5921  0.3101 
   00551    0.4160  -48761.7470  0.3106 
   00552    0.4113  -48804.3498  0.3110 
   00553    0.4154  -48714.1089  0.3127 
   00554    0.4118  -48713.1064  0.3143 
   00555    0.4170  -48786.5134  0.3134 
   00556    0.4031  -48882.7620  0.3177 
   00557    0.4089  -48835.6649  0.3197 
   00558    0.4103  -48913.4339  0.3199 
   00559    0.4069  -48912.6946  0.3201 
   00560    0.4206  -48870.2638  0.3180 
   00561    0.4126  -48877.1184  0.3153 
   00562    0.4088  -48976.1532  0.3135 
   00563    0.4097  -48973.6290  0.3136 
   00564    0.4181  -48946.8157  0.3110 
   00565    0.4124  -48996.7158  0.3123 
   00566    0.4197  -48925.5494  0.3142 
   00567    0.4233  -49054.7535  0.3133 
   00568    0.4126  -48966.8145  0.3150 
   00569    0.4084  -48981.1134  0.3125 
   00570    0.4149  -48984.0418  0.3112 
   00571    0.4094  -49081.5759  0.3090 
   00572    0.4065  -48992.6689  0.3112 
   00573    0.4128  -49053.3285  0.3114 
   00574    0.4070  -49017.1518  0.3119 
   00575    0.4149  -48930.3622  0.3111 
   00576    0.4131  -48868.4200  0.3106 
   00577    0.4176  -48892.9220  0.3098 
   00578    0.4135  -48939.7453  0.3117 
   00579    0.4090  -48969.4629  0.3118 
   00580    0.4157  -48829.6259  0.3118 
   00581    0.4134  -48783.1658  0.3116 
   00582    0.4161  -48857.5090  0.3126 
   00583    0.4074  -48790.2083  0.3126 
   00584    0.4142  -48762.2265  0.3125 
   00585    0.4169  -48660.9774  0.3128 
   00586    0.4227  -48725.8373  0.3148 
   00587    0.4092  -48867.5970  0.3148 
   00588    0.4049  -48801.0234  0.3131 
   00589    0.4192  -48775.2750  0.3124 
   00590    0.4122  -48790.1213  0.3143 
   00591    0.4140  -48829.8629  0.3148 
   00592    0.4184  -48886.1415  0.3131 
   00593    0.4147  -48937.4188  0.3153 
   00594    0.4145  -48990.1173  0.3149 
   00595    0.4033  -48996.6813  0.3163 
   00596    0.4178  -49002.0737  0.3185 
   00597    0.4027  -49012.6902  0.3178 
   00598    0.4124  -48929.1231  0.3168 
   00599    0.4074  -48916.6891  0.3148 
   00600    0.4107  -48853.4494  0.3181 
   00601    0.4109  -48938.7444  0.3179 
   00602    0.4054  -48877.0370  0.3180 
   00603    0.4060  -48876.2470  0.3187 
   00604    0.4163  -48810.8579  0.3190 
   00605    0.4146  -48819.2467  0.3163 
   00606    0.4192  -48795.3244  0.3131 
   00607    0.4119  -48732.1189  0.3128 
   00608    0.4097  -48678.4419  0.3133 
   00609    0.4133  -48724.3074  0.3105 
   00610    0.4169  -48822.8189  0.3117 
   00611    0.4115  -48878.1620  0.3102 
   00612    0.4144  -48829.0844  0.3098 
   00613    0.4149  -48868.4773  0.3109 
   00614    0.4081  -48917.4675  0.3089 
   00615    0.4108  -48895.1744  0.3080 
   00616    0.4150  -48961.5254  0.3077 
   00617    0.4069  -48960.2087  0.3074 
   00618    0.4165  -49044.6970  0.3060 
   00619    0.4076  -49089.1086  0.3050 
   00620    0.4143  -49044.0370  0.3042 
   00621    0.4130  -49129.1417  0.3065 
   00622    0.4119  -49070.7552  0.3036 
   00623    0.4128  -48974.6680  0.3046 
   00624    0.4120  -48992.5647  0.3040 
   00625    0.4156  -48953.7409  0.3026 
   00626    0.4193  -48942.2808  0.2999 
   00627    0.4140  -48972.3686  0.2986 
   00628    0.4119  -48977.1131  0.2939 
   00629    0.4115  -48890.3478  0.2943 
   00630    0.4127  -48995.7400  0.2942 
   00631    0.4077  -49020.5585  0.2932 
   00632    0.4105  -49048.9112  0.2939 
   00633    0.4115  -48927.6615  0.2915 
   00634    0.4095  -48876.3561  0.2919 
   00635    0.4105  -48873.5188  0.2910 
   00636    0.4151  -48988.2175  0.2922 
   00637    0.4151  -49045.2029  0.2917 
   00638    0.4133  -48928.0151  0.2942 
   00639    0.4130  -48966.0928  0.2959 
   00640    0.4138  -49091.9302  0.2945 
   00641    0.4113  -49001.0063  0.2955 
   00642    0.4093  -48922.2050  0.2965 
   00643    0.4025  -49003.1708  0.2992 
   00644    0.4122  -49089.9805  0.3005 
   00645    0.4114  -49069.4753  0.2993 
   00646    0.4125  -49078.4624  0.3005 
   00647    0.4094  -49276.4285  0.2993 
   00648    0.4037  -49132.2247  0.3018 
   00649    0.4129  -49133.7551  0.3013 
   00650    0.4182  -49210.3775  0.3026 
   00651    0.4131  -49254.5379  0.3035 
   00652    0.4112  -49252.4555  0.3031 
   00653    0.4040  -49257.8688  0.3016 
   00654    0.4096  -49296.8305  0.3001 
   00655    0.4108  -49241.8487  0.3000 
   00656    0.4110  -49138.7288  0.2983 
   00657    0.4093  -49066.2605  0.2967 
   00658    0.4134  -49076.6985  0.2983 
   00659    0.4139  -48995.6466  0.2961 
   00660    0.4072  -49003.1757  0.2961 
   00661    0.4088  -49158.0950  0.2959 
   00662    0.4076  -49164.4426  0.2977 
   00663    0.4128  -49257.1558  0.2976 
   00664    0.4020  -49132.9171  0.2998 
   00665    0.4108  -49071.1162  0.3007 
   00666    0.4052  -49014.9245  0.2994 
   00667    0.4084  -48992.9152  0.2996 
   00668    0.4165  -49008.6282  0.3006 
   00669    0.4121  -49070.9786  0.3009 
   00670    0.4131  -49019.7335  0.3015 
   00671    0.4142  -48990.4322  0.3033 
   00672    0.4072  -49156.4313  0.3018 
   00673    0.4038  -49129.6481  0.3019 
   00674    0.4079  -49155.0364  0.3025 
   00675    0.4142  -48999.4539  0.3023 
   00676    0.4074  -48941.3586  0.3030 
   00677    0.4108  -49028.4438  0.3026 
   00678    0.4076  -48991.8580  0.3010 
   00679    0.4143  -49019.8027  0.3002 
   00680    0.4142  -49119.8032  0.2979 
   00681    0.4115  -49131.1169  0.2964 
   00682    0.4084  -48959.1458  0.2968 
   00683    0.4136  -48954.1889  0.2961 
   00684    0.4103  -49087.1101  0.2959 
   00685    0.4061  -49038.3960  0.2970 
   00686    0.4167  -49003.6044  0.2957 
   00687    0.4049  -49028.5919  0.2936 
   00688    0.4107  -49097.9245  0.2929 
   00689    0.4119  -49082.8841  0.2921 
   00690    0.4164  -49034.1969  0.2940 
   00691    0.4049  -48993.2724  0.2917 
   00692    0.4064  -49014.1251  0.2925 
   00693    0.4130  -48973.5720  0.2911 
   00694    0.4151  -48930.4976  0.2944 
   00695    0.4050  -48932.0282  0.2949 
   00696    0.4069  -49070.0335  0.2940 
   00697    0.4132  -49068.2228  0.2914 
   00698    0.4127  -49162.0069  0.2881 
   00699    0.4062  -49073.9657  0.2883 
   00700    0.4165  -49099.5559  0.2894 
   00701    0.4114  -49060.2482  0.2890 
   00702    0.4131  -49078.2810  0.2896 
   00703    0.4209  -49050.9742  0.2895 
   00704    0.4118  -49126.5173  0.2932 
   00705    0.4042  -49133.8338  0.2922 
   00706    0.4130  -49172.6718  0.2928 
   00707    0.4077  -49171.9161  0.2939 
   00708    0.4138  -49188.9247  0.2951 
   00709    0.4062  -49038.9526  0.2938 
   00710    0.4194  -49092.3722  0.2958 
   00711    0.4101  -49039.9007  0.2968 
   00712    0.4142  -48998.1413  0.2951 
   00713    0.4075  -48955.6731  0.2970 
   00714    0.4097  -48987.2245  0.2971 
   00715    0.4097  -49096.0418  0.2965 
   00716    0.4106  -49165.9524  0.2955 
   00717    0.4079  -49119.9365  0.2977 
   00718    0.4127  -49236.9137  0.2982 
   00719    0.4087  -49249.4452  0.2978 
   00720    0.4211  -49191.4250  0.2979 
   00721    0.4042  -49187.3377  0.3001 
   00722    0.4018  -49147.6050  0.3007 
   00723    0.4049  -49180.5911  0.2998 
   00724    0.4063  -49189.0526  0.3015 
   00725    0.4054  -49135.8534  0.3010 
   00726    0.4099  -49091.4195  0.3045 
   00727    0.4063  -49043.6507  0.3035 
   00728    0.4134  -49039.3772  0.3050 
   00729    0.4119  -49047.5031  0.3038 
   00730    0.4073  -48984.9146  0.3023 
   00731    0.4107  -49122.4468  0.3027 
   00732    0.4073  -49093.0387  0.3026 
   00733    0.4093  -49206.4433  0.3010 
   00734    0.4126  -49148.4971  0.3008 
   00735    0.4203  -49191.0226  0.2989 
   00736    0.4113  -49218.4652  0.3008 
   00737    0.4140  -49223.6512  0.3013 
   00738    0.4122  -49173.1910  0.3006 
   00739    0.4078  -49231.5319  0.3000 
   00740    0.4090  -49214.0970  0.3017 
   00741    0.4071  -49141.5285  0.3028 
   00742    0.4176  -49198.3282  0.3029 
   00743    0.4090  -49223.1813  0.3027 
   00744    0.4009  -49237.1693  0.3028 
   00745    0.4165  -49262.2651  0.3052 
   00746    0.4083  -49246.5427  0.3070 
   00747    0.4110  -49087.0879  0.3053 
   00748    0.4096  -49173.5135  0.3072 
   00749    0.4098  -49065.5266  0.3075 
   00750    0.4076  -49156.7465  0.3054 
   00751    0.4111  -49073.6450  0.3051 
   00752    0.4152  -49126.7622  0.3055 
   00753    0.4106  -49080.8468  0.3034 
   00754    0.4131  -49124.1394  0.3048 
   00755    0.4049  -49157.8007  0.3032 
   00756    0.4136  -49165.6091  0.3041 
   00757    0.4082  -49052.3816  0.3053 
   00758    0.4096  -49095.5513  0.3071 
   00759    0.4075  -49068.9417  0.3089 
   00760    0.4127  -49035.5260  0.3102 
   00761    0.4210  -49006.1489  0.3128 
   00762    0.4103  -49048.5038  0.3137 
   00763    0.4081  -49016.0884  0.3140 
   00764    0.4172  -48975.0701  0.3152 
   00765    0.4113  -48950.1904  0.3199 
   00766    0.4044  -48971.7556  0.3201 
   00767    0.4130  -48942.7636  0.3174 
   00768    0.4214  -49082.9045  0.3174 
   00769    0.4165  -49071.3844  0.3185 
   00770    0.4080  -49030.5854  0.3174 
   00771    0.4104  -49000.3626  0.3181 
   00772    0.4147  -49018.4788  0.3173 
   00773    0.4102  -48961.8529  0.3143 
   00774    0.4083  -49055.2848  0.3138 
   00775    0.4091  -49115.0464  0.3107 
   00776    0.4085  -49089.6018  0.3110 
   00777    0.4072  -49067.3869  0.3139 
   00778    0.4138  -49160.9812  0.3142 
   00779    0.4099  -49181.0154  0.3155 
   00780    0.4137  -49262.0113  0.3147 
   00781    0.4108  -49130.0002  0.3154 
   00782    0.4131  -49126.8282  0.3130 
   00783    0.4148  -49188.0921  0.3126 
   00784    0.4107  -49209.9868  0.3086 
   00785    0.4127  -49250.2780  0.3092 
   00786    0.4012  -49317.5282  0.3107 
   00787    0.4053  -49309.7131  0.3099 
   00788    0.4194  -49159.7006  0.3086 
   00789    0.4115  -49172.3299  0.3093 
   00790    0.4117  -49185.3623  0.3108 
   00791    0.4017  -49107.1224  0.3145 
   00792    0.4086  -49136.2638  0.3148 
   00793    0.4174  -49107.3013  0.3156 
   00794    0.4064  -49093.1328  0.3167 
   00795    0.4117  -49070.7816  0.3157 
   00796    0.4171  -49077.1913  0.3138 
   00797    0.4047  -49025.8425  0.3137 
   00798    0.4104  -49073.0099  0.3152 
   00799    0.4113  -49108.9157  0.3154 
   00800    0.4165  -49106.5335  0.3169 
   00801    0.4053  -49121.6036  0.3137 
   00802    0.4064  -49073.5683  0.3125 
   00803    0.4118  -49202.9820  0.3115 
   00804    0.4162  -49207.4688  0.3144 
   00805    0.4052  -49207.7803  0.3154 
   00806    0.4037  -49190.2926  0.3165 
   00807    0.4186  -49124.9912  0.3147 
   00808    0.4142  -49101.6048  0.3133 
   00809    0.4155  -49140.9849  0.3129 
   00810    0.4162  -49071.4254  0.3128 
   00811    0.4106  -49042.7126  0.3143 
   00812    0.4126  -49043.1325  0.3137 
   00813    0.4160  -49005.9254  0.3145 
   00814    0.4094  -49116.5879  0.3117 
   00815    0.4057  -49099.7764  0.3144 
   00816    0.4149  -49113.4891  0.3143 
   00817    0.4138  -49022.1697  0.3154 
   00818    0.4152  -49123.7750  0.3152 
   00819    0.4089  -49182.2508  0.3140 
   00820    0.4123  -49155.2849  0.3155 
   00821    0.4149  -49219.6213  0.3166 
   00822    0.4143  -49281.3987  0.3171 
   00823    0.4104  -49232.1777  0.3128 
   00824    0.4178  -49206.2749  0.3124 
   00825    0.4110  -49063.6072  0.3114 
   00826    0.4163  -49098.3076  0.3085 
   00827    0.4137  -49140.5966  0.3093 
   00828    0.4056  -49104.7259  0.3091 
   00829    0.4172  -49183.1667  0.3103 
   00830    0.4108  -49195.2711  0.3115 
   00831    0.4135  -49208.6690  0.3121 
   00832    0.4121  -49295.5882  0.3127 
   00833    0.4115  -49152.8310  0.3119 
   00834    0.4178  -49250.5470  0.3110 
   00835    0.4034  -49144.2286  0.3112 
   00836    0.4096  -49105.7113  0.3112 
   00837    0.4062  -49083.1067  0.3106 
   00838    0.4112  -49171.3052  0.3096 
   00839    0.4156  -49157.4462  0.3086 
   00840    0.4156  -49200.4253  0.3097 
   00841    0.4168  -49148.1802  0.3078 
   00842    0.4100  -49143.0328  0.3063 
   00843    0.4150  -49148.6981  0.3077 
   00844    0.4104  -49064.7656  0.3071 
   00845    0.4128  -49102.3474  0.3086 
   00846    0.4157  -48989.5170  0.3102 
   00847    0.4101  -49002.8225  0.3106 
   00848    0.4070  -49041.3784  0.3099 
   00849    0.4215  -49094.3516  0.3120 
   00850    0.4162  -49054.3886  0.3118 
   00851    0.4137  -48986.4911  0.3118 
   00852    0.4076  -49069.6473  0.3109 
   00853    0.4127  -49117.5357  0.3118 
   00854    0.4115  -49124.0643  0.3123 
   00855    0.4198  -49201.8513  0.3128 
   00856    0.4087  -49146.2318  0.3138 
   00857    0.4033  -49132.4358  0.3166 
   00858    0.4106  -48978.7562  0.3173 
   00859    0.4072  -49026.1002  0.3166 
   00860    0.4175  -48990.4449  0.3153 
   00861    0.4099  -48920.2785  0.3171 
   00862    0.4188  -48949.7328  0.3159 
   00863    0.4200  -49036.7376  0.3134 
   00864    0.4171  -49021.1812  0.3144 
   00865    0.4153  -49064.9813  0.3129 
   00866    0.4137  -48971.8506  0.3120 
   00867    0.4160  -49023.2273  0.3131 
   00868    0.4143  -49129.2637  0.3118 
   00869    0.4021  -49205.4671  0.3120 
   00870    0.4087  -49235.8600  0.3093 
   00871    0.4069  -49076.0485  0.3095 
   00872    0.4130  -48970.4196  0.3139 
   00873    0.4125  -48928.1367  0.3125 
   00874    0.4057  -48943.7482  0.3140 
   00875    0.4147  -48987.9686  0.3126 
   00876    0.4114  -49045.0003  0.3100 
   00877    0.4062  -49066.0902  0.3080 
   00878    0.4135  -49031.8370  0.3085 
   00879    0.4091  -49100.4008  0.3081 
   00880    0.4045  -49078.6418  0.3070 
   00881    0.4141  -49099.9191  0.3072 
   00882    0.4178  -49102.3611  0.3100 
   00883    0.4097  -49124.2471  0.3110 
   00884    0.4160  -48974.0603  0.3077 
   00885    0.4068  -49096.9289  0.3102 
   00886    0.4119  -49132.8102  0.3120 
   00887    0.4058  -49091.1516  0.3145 
   00888    0.4027  -49157.4916  0.3137 
   00889    0.4205  -49111.5539  0.3146 
   00890    0.4099  -49099.2614  0.3141 
   00891    0.4115  -49142.1045  0.3155 
   00892    0.4098  -49183.8785  0.3167 
   00893    0.4114  -49235.5637  0.3177 
   00894    0.4157  -49152.3555  0.3140 
   00895    0.4098  -49237.1599  0.3160 
   00896    0.4102  -49144.6582  0.3147 
   00897    0.4071  -49268.2455  0.3156 
   00898    0.4066  -49151.1872  0.3160 
   00899    0.4139  -49078.5857  0.3153 
   00900    0.4102  -49078.6757  0.3123 
   00901    0.4153  -49099.6656  0.3113 
   00902    0.4136  -49145.9276  0.3129 
   00903    0.4015  -49296.8234  0.3131 
   00904    0.4108  -49290.1476  0.3124 
   00905    0.4133  -49231.7357  0.3098 
   00906    0.4036  -49251.8753  0.3114 
   00907    0.4003  -49242.9216  0.3148 
   00908    0.4172  -49241.3734  0.3151 
   00909    0.4149  -49174.9724  0.3184 
   00910    0.4075  -49171.5512  0.3180 
   00911    0.4127  -49118.5077  0.3181 
   00912    0.4130  -49178.3311  0.3188 
   00913    0.4106  -49249.0351  0.3184 
   00914    0.4122  -49302.8084  0.3196 
   00915    0.4143  -49364.5778  0.3220 
   00916    0.4099  -49323.1846  0.3199 
   00917    0.4066  -49201.2610  0.3192 
   00918    0.4190  -49197.9944  0.3186 
   00919    0.4169  -49165.1820  0.3197 
   00920    0.4119  -49042.5240  0.3181 
   00921    0.4094  -49201.1054  0.3169 
   00922    0.4104  -49198.0534  0.3191 
   00923    0.4127  -49215.8660  0.3186 
   00924    0.4076  -49267.5827  0.3183 
   00925    0.4112  -49179.7454  0.3170 
   00926    0.4138  -49126.6811  0.3158 
   00927    0.4108  -49152.9026  0.3156 
   00928    0.4099  -49073.2858  0.3140 
   00929    0.4147  -49119.2245  0.3162 
   00930    0.4104  -49128.5369  0.3153 
   00931    0.4078  -49132.3335  0.3153 
   00932    0.4126  -49167.2820  0.3140 
   00933    0.4107  -49164.5304  0.3137 
   00934    0.4051  -49181.8765  0.3139 
   00935    0.4160  -49169.8174  0.3148 
   00936    0.4064  -49090.3227  0.3137 
   00937    0.4077  -49128.7969  0.3148 
   00938    0.4128  -49040.1498  0.3153 
   00939    0.4134  -49050.5705  0.3153 
   00940    0.4074  -49093.8101  0.3172 
   00941    0.4152  -49054.2506  0.3209 
   00942    0.4133  -49052.0206  0.3184 
   00943    0.4097  -49080.3487  0.3164 
   00944    0.4083  -49056.9902  0.3170 
   00945    0.4168  -49071.9654  0.3163 
   00946    0.4058  -49180.9485  0.3173 
   00947    0.4069  -49257.1895  0.3192 
   00948    0.4064  -49240.7976  0.3170 
   00949    0.4112  -49337.2576  0.3168 
   00950    0.4182  -49274.1772  0.3171 
   00951    0.4128  -49172.0696  0.3146 
   00952    0.4148  -49220.1570  0.3123 
   00953    0.4124  -49199.4595  0.3125 
   00954    0.4117  -49092.2708  0.3107 
   00955    0.4114  -49168.0608  0.3125 
   00956    0.4078  -49274.2071  0.3143 
   00957    0.4164  -49115.4290  0.3154 
   00958    0.4163  -49092.6536  0.3187 
   00959    0.4133  -49197.6712  0.3208 
   00960    0.4045  -49207.3912  0.3186 
   00961    0.4096  -49187.5595  0.3219 
   00962    0.4090  -49099.4099  0.3232 
   00963    0.4124  -49118.5819  0.3233 
   00964    0.4121  -49192.3424  0.3235 
   00965    0.4081  -49123.6981  0.3225 
   00966    0.4116  -49104.8903  0.3244 
   00967    0.4173  -49070.4958  0.3258 
   00968    0.4110  -49045.8294  0.3244 
   00969    0.4099  -49170.1785  0.3260 
   00970    0.4129  -49172.1256  0.3259 
   00971    0.4126  -49199.5406  0.3248 
   00972    0.4147  -49135.5032  0.3258 
   00973    0.4143  -49068.7410  0.3221 
   00974    0.4067  -49121.7516  0.3245 
   00975    0.4107  -48988.8893  0.3262 
   00976    0.4082  -49011.2207  0.3262 
   00977    0.4156  -49021.9905  0.3243 
   00978    0.4062  -49088.2890  0.3220 
   00979    0.4146  -49123.8212  0.3203 
   00980    0.4083  -49094.7445  0.3167 
   00981    0.4090  -49114.2405  0.3151 
   00982    0.4095  -49066.9293  0.3140 
   00983    0.4062  -49174.4627  0.3139 
   00984    0.4115  -49011.7222  0.3153 
   00985    0.4108  -48999.3685  0.3112 
   00986    0.4079  -49083.3142  0.3090 
   00987    0.4078  -49055.2749  0.3095 
   00988    0.4084  -49148.7912  0.3125 
   00989    0.4176  -49160.8387  0.3141 
   00990    0.4127  -49200.2293  0.3128 
   00991    0.4178  -49229.5398  0.3125 
   00992    0.3999  -49180.2758  0.3128 
   00993    0.4126  -49187.1742  0.3129 
   00994    0.4077  -49225.4397  0.3115 
   00995    0.4107  -49332.5708  0.3104 
   00996    0.4134  -49214.8106  0.3120 
   00997    0.4088  -49277.6881  0.3119 
   00998    0.4164  -49311.5611  0.3130 
   00999    0.4067  -49205.9739  0.3133 
   01000    0.4131  -49110.9294  0.3098 
