#=====================================================
# File created:        Mon-03-Nov-2025-at-02-21-45AM
# Size of lattice:     50x50
# Number of MC steps:  1000
# Reduced temperature: 0.500
# Run time (s):        50.240399
#=====================================================
# MC step:  Ratio:     Energy:   Order:
#=====================================================
   00000    0.5000   -2452.8566  0.2809 
   00001    0.6784   -3673.4519  0.2783 
   00002    0.6308   -4495.7226  0.2821 
   00003    0.5760   -5113.6815  0.2774 
   00004    0.5432   -5529.9898  0.2884 
   00005    0.5384   -5854.7404  0.3041 
   00006    0.5192   -6166.1272  0.3137 
   00007    0.5056   -6376.2126  0.3261 
   00008    0.4980   -6587.1946  0.3309 
   00009    0.4860   -6748.5562  0.3373 
   00010    0.4912   -6877.9871  0.3434 
   00011    0.5000   -6942.3304  0.3505 
   00012    0.4952   -7049.9969  0.3556 
   00013    0.4612   -7141.2220  0.3555 
   00014    0.4684   -7203.5602  0.3525 
   00015    0.4660   -7266.3983  0.3612 
   00016    0.4632   -7363.8802  0.3592 
   00017    0.4448   -7376.4678  0.3583 
   00018    0.4548   -7452.5354  0.3622 
   00019    0.4456   -7494.9181  0.3614 
   00020    0.4592   -7538.5458  0.3703 
   00021    0.4540   -7582.6195  0.3734 
   00022    0.4528   -7608.3331  0.3827 
   00023    0.4412   -7670.9426  0.3879 
   00024    0.4568   -7735.8691  0.3870 
   00025    0.4344   -7733.2334  0.3871 
   00026    0.4404   -7794.1110  0.3922 
   00027    0.4480   -7785.7229  0.3964 
   00028    0.4380   -7818.0488  0.3997 
   00029    0.4600   -7799.4414  0.4049 
   00030    0.4292   -7842.9279  0.4101 
   00031    0.4388   -7834.9125  0.4051 
   00032    0.4352   -7906.2543  0.4137 
   00033    0.4300   -7950.0702  0.4152 
   00034    0.4232   -7952.0369  0.4168 
   00035    0.4344   -7934.7630  0.4230 
   00036    0.4240   -7976.6136  0.4293 
   00037    0.4416   -7956.1936  0.4286 
   00038    0.4344   -7975.8713  0.4284 
   00039    0.4372   -7975.4565  0.4305 
   00040    0.4388   -7967.2186  0.4273 
   00041    0.4396   -8070.3870  0.4349 
   00042    0.4296   -8029.2351  0.4438 
   00043    0.4280   -8030.4095  0.4415 
   00044    0.4200   -8046.5611  0.4460 
   00045    0.4248   -8093.4047  0.4507 
   00046    0.4112   -8116.7016  0.4556 
   00047    0.4176   -8116.1648  0.4638 
   00048    0.4344   -8113.5121  0.4589 
   00049    0.4240   -8147.1840  0.4570 
   00050    0.4196   -8149.4808  0.4610 
   00051    0.4340   -8151.2459  0.4653 
   00052    0.4188   -8137.0035  0.4651 
   00053    0.4368   -8156.1683  0.4692 
   00054    0.4048   -8160.3313  0.4672 
   00055    0.4360   -8142.6385  0.4697 
   00056    0.4212   -8147.4827  0.4745 
   00057    0.4140   -8177.9677  0.4717 
   00058    0.4360   -8177.0460  0.4792 
   00059    0.4232   -8197.3939  0.4865 
   00060    0.4244   -8149.7818  0.4850 
   00061    0.4208   -8171.0202  0.4893 
   00062    0.4260   -8169.9346  0.4804 
   00063    0.4368   -8169.0814  0.4831 
   00064    0.4128   -8167.1082  0.4888 
   00065    0.4248   -8161.1351  0.4899 
   00066    0.4396   -8145.0050  0.4869 
   00067    0.4268   -8135.9104  0.4889 
   00068    0.4256   -8175.3652  0.4954 
   00069    0.4436   -8165.7917  0.4963 
   00070    0.4184   -8180.3080  0.5008 
   00071    0.4188   -8146.0232  0.5023 
   00072    0.4320   -8155.5456  0.5056 
   00073    0.4312   -8154.6264  0.5052 
   00074    0.4312   -8198.1730  0.5029 
   00075    0.4180   -8194.0908  0.5029 
   00076    0.4228   -8193.8002  0.5023 
   00077    0.4400   -8188.1432  0.5102 
   00078    0.4288   -8189.0153  0.5149 
   00079    0.4528   -8212.1088  0.5101 
   00080    0.4232   -8205.1616  0.5122 
   00081    0.4188   -8207.0330  0.5139 
   00082    0.4336   -8258.9336  0.5157 
   00083    0.4216   -8294.5405  0.5195 
   00084    0.4228   -8285.0966  0.5218 
   00085    0.4124   -8286.7101  0.5222 
   00086    0.4052   -8284.0132  0.5225 
   00087    0.4172   -8254.9034  0.5269 
   00088    0.4108   -8281.2264  0.5345 
   00089    0.4264   -8280.5424  0.5385 
   00090    0.4100   -8301.9309  0.5431 
   00091    0.4280   -8339.1568  0.5485 
   00092    0.4248   -8353.5796  0.5518 
   00093    0.4160   -8341.7204  0.5525 
   00094    0.4204   -8375.9283  0.5549 
   00095    0.4232   -8388.1095  0.5539 
   00096    0.4384   -8290.6411  0.5544 
   00097    0.4236   -8290.4842  0.5583 
   00098    0.4140   -8286.8734  0.5595 
   00099    0.4184   -8313.4431  0.5619 
   00100    0.4152   -8330.8783  0.5696 
   00101    0.4328   -8372.0148  0.5719 
   00102    0.4244   -8300.7829  0.5793 
   00103    0.4152   -8317.1786  0.5860 
   00104    0.4180   -8334.4940  0.5875 
   00105    0.4364   -8352.2940  0.5845 
   00106    0.4264   -8333.5671  0.5840 
   00107    0.4236   -8321.9264  0.5819 
   00108    0.4056   -8348.8856  0.5838 
   00109    0.4136   -8359.5562  0.5855 
   00110    0.4108   -8388.9535  0.5911 
   00111    0.4036   -8401.5023  0.5898 
   00112    0.4168   -8412.6430  0.5915 
   00113    0.4080   -8394.8209  0.5924 
   00114    0.4280   -8359.9442  0.5912 
   00115    0.4356   -8403.5733  0.5917 
   00116    0.4048   -8394.0415  0.5880 
   00117    0.3972   -8380.2708  0.5880 
   00118    0.4356   -8381.8464  0.5895 
   00119    0.4216   -8381.2589  0.5900 
   00120    0.4092   -8407.0594  0.5968 
   00121    0.4072   -8404.1695  0.6032 
   00122    0.4136   -8359.1805  0.6024 
   00123    0.4168   -8375.5154  0.6025 
   00124    0.4296   -8349.2104  0.6046 
   00125    0.4144   -8395.0604  0.6076 
   00126    0.4128   -8437.2762  0.6056 
   00127    0.4236   -8405.3226  0.6070 
   00128    0.4104   -8438.9376  0.6065 
   00129    0.4188   -8384.8487  0.6027 
   00130    0.4032   -8403.8823  0.6052 
   00131    0.4188   -8345.4458  0.6025 
   00132    0.4292   -8385.6219  0.6042 
   00133    0.4260   -8327.2420  0.6027 
   00134    0.4260   -8370.3466  0.5978 
   00135    0.4420   -8343.4543  0.6046 
   00136    0.4268   -8386.1770  0.6085 
   00137    0.4156   -8389.3569  0.6084 
   00138    0.4152   -8400.5642  0.6121 
   00139    0.4068   -8391.6796  0.6091 
   00140    0.4376   -8399.7761  0.6122 
   00141    0.4224   -8392.3224  0.6164 
   00142    0.4132   -8374.2174  0.6239 
   00143    0.4236   -8337.8273  0.6201 
   00144    0.4032   -8390.4478  0.6177 
   00145    0.4112   -8386.8467  0.6191 
   00146    0.4096   -8394.0340  0.6256 
   00147    0.4112   -8432.2449  0.6228 
   00148    0.4244   -8429.0167  0.6211 
   00149    0.4076   -8426.8279  0.6250 
   00150    0.4284   -8431.4681  0.6292 
   00151    0.4076   -8426.8403  0.6337 
   00152    0.4292   -8440.1608  0.6305 
   00153    0.4164   -8436.5878  0.6346 
   00154    0.4108   -8471.2478  0.6315 
   00155    0.4064   -8501.1895  0.6350 
   00156    0.4052   -8523.2019  0.6313 
   00157    0.4144   -8487.0222  0.6346 
   00158    0.4276   -8462.6301  0.6416 
   00159    0.3976   -8456.6743  0.6466 
   00160    0.4212   -8441.0955  0.6407 
   00161    0.4164   -8443.2973  0.6470 
   00162    0.4180   -8417.7496  0.6447 
   00163    0.4148   -8420.2232  0.6487 
   00164    0.4096   -8485.6915  0.6493 
   00165    0.4288   -8479.7093  0.6472 
   00166    0.4128   -8458.0820  0.6503 
   00167    0.4148   -8457.1197  0.6424 
   00168    0.4088   -8441.6470  0.6411 
   00169    0.4108   -8481.6560  0.6389 
   00170    0.4256   -8435.2754  0.6321 
   00171    0.4220   -8388.3791  0.6394 
   00172    0.4180   -8379.6418  0.6469 
   00173    0.4096   -8424.4845  0.6483 
   00174    0.3952   -8412.0864  0.6490 
   00175    0.4200   -8444.0296  0.6526 
   00176    0.4180   -8407.5528  0.6557 
   00177    0.4124   -8409.3584  0.6551 
   00178    0.4116   -8487.2686  0.6539 
   00179    0.3992   -8446.8218  0.6525 
   00180    0.4132   -8448.1447  0.6578 
   00181    0.4244   -8476.5914  0.6638 
   00182    0.4096   -8447.1848  0.6598 
   00183    0.4316   -8448.7898  0.6588 
   00184    0.4028   -8488.2541  0.6569 
   00185    0.4128   -8500.6290  0.6632 
   00186    0.4088   -8507.8535  0.6670 
   00187    0.4212   -8518.2031  0.6713 
   00188    0.4128   -8501.9960  0.6785 
   00189    0.4224   -8446.2737  0.6736 
   00190    0.4244   -8455.6091  0.6749 
   00191    0.4164   -8482.1297  0.6789 
   00192    0.4100   -8491.2814  0.6846 
   00193    0.4208   -8439.0984  0.6806 
   00194    0.4128   -8402.9494  0.6787 
   00195    0.4160   -8346.1724  0.6721 
   00196    0.4144   -8349.9537  0.6749 
   00197    0.4168   -8377.6211  0.6751 
   00198    0.4124   -8394.0971  0.6768 
   00199    0.4288   -8379.9010  0.6756 
   00200    0.4184   -8373.4348  0.6764 
   00201    0.4292   -8437.8533  0.6810 
   00202    0.4152   -8445.7321  0.6800 
   00203    0.4120   -8475.5127  0.6831 
   00204    0.4056   -8479.5956  0.6824 
   00205    0.4164   -8472.7729  0.6820 
   00206    0.4152   -8432.7983  0.6792 
   00207    0.4324   -8418.0359  0.6758 
   00208    0.4184   -8472.3261  0.6724 
   00209    0.4060   -8491.9684  0.6698 
   00210    0.4092   -8481.4815  0.6729 
   00211    0.4224   -8470.1255  0.6783 
   00212    0.4088   -8473.0736  0.6817 
   00213    0.3928   -8445.3542  0.6815 
   00214    0.4208   -8461.3706  0.6850 
   00215    0.4036   -8446.7539  0.6840 
   00216    0.4088   -8451.5552  0.6837 
   00217    0.4000   -8471.8353  0.6807 
   00218    0.4240   -8468.4009  0.6788 
   00219    0.4144   -8480.3115  0.6792 
   00220    0.4096   -8459.7616  0.6816 
   00221    0.4140   -8490.2379  0.6867 
   00222    0.4080   -8512.6698  0.6846 
   00223    0.4052   -8524.6675  0.6858 
   00224    0.4056   -8495.2887  0.6819 
   00225    0.4300   -8510.8134  0.6812 
   00226    0.4184   -8521.0164  0.6806 
   00227    0.4200   -8532.3880  0.6779 
   00228    0.4072   -8533.5434  0.6817 
   00229    0.4072   -8530.2099  0.6758 
   00230    0.3796   -8476.5646  0.6715 
   00231    0.4228   -8438.2692  0.6712 
   00232    0.4168   -8411.0021  0.6730 
   00233    0.4160   -8423.7058  0.6773 
   00234    0.4152   -8458.5279  0.6729 
   00235    0.4068   -8429.4686  0.6674 
   00236    0.4088   -8433.3212  0.6683 
   00237    0.4268   -8412.7761  0.6637 
   00238    0.4032   -8416.8668  0.6678 
   00239    0.4148   -8410.6535  0.6685 
   00240    0.4096   -8457.1196  0.6730 
   00241    0.4028   -8515.2597  0.6758 
   00242    0.4164   -8491.8953  0.6777 
   00243    0.3956   -8465.8693  0.6793 
   00244    0.4280   -8448.3730  0.6843 
   00245    0.4036   -8467.1338  0.6818 
   00246    0.3988   -8523.5551  0.6859 
   00247    0.4276   -8496.8255  0.6832 
   00248    0.3932   -8529.1913  0.6881 
   00249    0.4116   -8505.6847  0.6905 
   00250    0.3960   -8504.7214  0.6828 
   00251    0.4016   -8511.1364  0.6801 
   00252    0.4204   -8436.5723  0.6762 
   00253    0.3940   -8447.2724  0.6754 
   00254    0.4016   -8489.4095  0.6727 
   00255    0.4044   -8498.8517  0.6703 
   00256    0.4020   -8449.0483  0.6753 
   00257    0.4132   -8452.1685  0.6728 
   00258    0.4116   -8482.2576  0.6760 
   00259    0.4352   -8456.0301  0.6750 
   00260    0.4152   -8478.9218  0.6747 
   00261    0.4060   -8485.2095  0.6757 
   00262    0.4344   -8479.3492  0.6746 
   00263    0.4248   -8435.9764  0.6730 
   00264    0.4208   -8442.9640  0.6746 
   00265    0.4220   -8479.6176  0.6788 
   00266    0.4192   -8501.6576  0.6840 
   00267    0.4112   -8483.0228  0.6820 
   00268    0.4144   -8460.0061  0.6835 
   00269    0.4200   -8458.9715  0.6881 
   00270    0.4288   -8455.3650  0.6956 
   00271    0.4136   -8493.7414  0.6968 
   00272    0.4024   -8469.7042  0.7043 
   00273    0.4076   -8498.4096  0.7017 
   00274    0.4208   -8493.0976  0.6958 
   00275    0.4160   -8490.8825  0.6993 
   00276    0.4164   -8519.9321  0.7015 
   00277    0.4040   -8480.8305  0.6970 
   00278    0.4296   -8452.0987  0.7012 
   00279    0.4284   -8501.8611  0.7022 
   00280    0.4108   -8515.1773  0.7011 
   00281    0.4152   -8529.9457  0.7101 
   00282    0.4120   -8567.0067  0.7088 
   00283    0.4004   -8508.6750  0.7044 
   00284    0.4200   -8493.2622  0.7024 
   00285    0.4196   -8437.5247  0.6987 
   00286    0.4164   -8431.6553  0.6970 
   00287    0.3880   -8448.4121  0.6887 
   00288    0.4040   -8465.9489  0.6897 
   00289    0.4092   -8491.3129  0.6900 
   00290    0.4332   -8515.7566  0.6939 
   00291    0.4024   -8509.9621  0.6940 
   00292    0.4068   -8512.0966  0.6919 
   00293    0.3948   -8497.9933  0.6945 
   00294    0.4136   -8482.2006  0.6982 
   00295    0.4080   -8416.8588  0.6999 
   00296    0.4112   -8475.4047  0.7024 
   00297    0.4072   -8479.9364  0.7025 
   00298    0.4124   -8495.4217  0.7049 
   00299    0.4040   -8481.3410  0.6988 
   00300    0.4076   -8472.8865  0.6944 
   00301    0.4144   -8455.1211  0.6945 
   00302    0.4224   -8477.7099  0.6909 
   00303    0.4188   -8498.3783  0.6933 
   00304    0.3860   -8509.9365  0.6961 
   00305    0.4224   -8539.8664  0.7039 
   00306    0.4056   -8571.2531  0.6999 
   00307    0.4124   -8578.7997  0.7049 
   00308    0.3980   -8555.8102  0.7043 
   00309    0.4128   -8509.6038  0.7008 
   00310    0.4044   -8525.5071  0.7058 
   00311    0.4288   -8534.9594  0.7122 
   00312    0.4292   -8518.7882  0.7117 
   00313    0.4244   -8493.7794  0.7114 
   00314    0.4076   -8546.8925  0.7163 
   00315    0.4116   -8571.0277  0.7170 
   00316    0.4212   -8552.0768  0.7190 
   00317    0.4248   -8564.9120  0.7176 
   00318    0.4012   -8561.2608  0.7128 
   00319    0.4200   -8569.0998  0.7082 
   00320    0.4028   -8610.1219  0.7115 
   00321    0.4004   -8631.5332  0.7152 
   00322    0.4144   -8579.2167  0.7105 
   00323    0.4076   -8577.4280  0.7082 
   00324    0.3992   -8547.2521  0.7067 
   00325    0.4072   -8504.9977  0.7041 
   00326    0.4148   -8528.6969  0.7040 
   00327    0.4180   -8550.2652  0.7129 
   00328    0.4212   -8492.0899  0.7091 
   00329    0.4084   -8513.3022  0.7085 
   00330    0.4212   -8532.2439  0.7137 
   00331    0.3980   -8529.9504  0.7139 
   00332    0.4244   -8582.6968  0.7243 
   00333    0.3940   -8600.3439  0.7291 
   00334    0.3796   -8603.3215  0.7262 
   00335    0.4112   -8587.9342  0.7292 
   00336    0.4180   -8555.3185  0.7277 
   00337    0.4080   -8581.9921  0.7293 
   00338    0.4088   -8556.5659  0.7291 
   00339    0.4296   -8537.1122  0.7273 
   00340    0.4180   -8598.3978  0.7313 
   00341    0.4072   -8573.2679  0.7298 
   00342    0.4184   -8576.3093  0.7291 
   00343    0.4140   -8583.7967  0.7314 
   00344    0.4096   -8520.9477  0.7300 
   00345    0.4128   -8551.8815  0.7306 
   00346    0.4052   -8577.0391  0.7309 
   00347    0.4032   -8520.8256  0.7337 
   00348    0.4112   -8509.8823  0.7304 
   00349    0.4112   -8497.2052  0.7341 
   00350    0.4052   -8587.4100  0.7400 
   00351    0.4100   -8565.4006  0.7398 
   00352    0.4052   -8536.0016  0.7398 
   00353    0.4232   -8520.0873  0.7434 
   00354    0.4188   -8547.1943  0.7484 
   00355    0.4132   -8544.7615  0.7471 
   00356    0.4256   -8567.0860  0.7492 
   00357    0.4060   -8540.3213  0.7522 
   00358    0.4172   -8521.1784  0.7509 
   00359    0.3992   -8534.7907  0.7552 
   00360    0.4096   -8534.2539  0.7524 
   00361    0.4012   -8541.4583  0.7534 
   00362    0.4100   -8524.3001  0.7516 
   00363    0.4172   -8531.8347  0.7525 
   00364    0.4196   -8512.4619  0.7487 
   00365    0.4348   -8540.9137  0.7493 
   00366    0.4024   -8533.9433  0.7481 
   00367    0.4028   -8560.1273  0.7480 
   00368    0.4160   -8567.9102  0.7474 
   00369    0.4144   -8554.1261  0.7476 
   00370    0.4168   -8473.1663  0.7423 
   00371    0.4048   -8491.2434  0.7493 
   00372    0.4040   -8522.9081  0.7455 
   00373    0.4200   -8476.1352  0.7413 
   00374    0.4188   -8514.4545  0.7432 
   00375    0.3964   -8526.4963  0.7386 
   00376    0.4092   -8488.0377  0.7418 
   00377    0.4020   -8496.0592  0.7420 
   00378    0.4056   -8473.7408  0.7426 
   00379    0.4132   -8519.8553  0.7504 
   00380    0.4056   -8514.9787  0.7463 
   00381    0.4064   -8551.1110  0.7481 
   00382    0.4296   -8543.0379  0.7493 
   00383    0.3952   -8495.7976  0.7458 
   00384    0.4068   -8486.6261  0.7454 
   00385    0.4044   -8450.3178  0.7413 
   00386    0.4188   -8429.5149  0.7364 
   00387    0.4140   -8464.9665  0.7424 
   00388    0.4160   -8431.8077  0.7379 
   00389    0.4132   -8406.9852  0.7372 
   00390    0.4264   -8424.3672  0.7375 
   00391    0.4200   -8474.9765  0.7457 
   00392    0.4148   -8480.8986  0.7452 
   00393    0.4112   -8495.5630  0.7482 
   00394    0.4152   -8462.2213  0.7512 
   00395    0.4248   -8466.6686  0.7500 
   00396    0.4136   -8463.5502  0.7502 
   00397    0.4180   -8485.3120  0.7485 
   00398    0.4160   -8501.6072  0.7500 
   00399    0.4088   -8486.8943  0.7504 
   00400    0.4268   -8524.4233  0.7514 
   00401    0.4076   -8513.9972  0.7549 
   00402    0.4168   -8551.3388  0.7568 
   00403    0.4056   -8539.2180  0.7534 
   00404    0.3884   -8494.4998  0.7533 
   00405    0.4260   -8500.0174  0.7574 
   00406    0.4064   -8515.4551  0.7537 
   00407    0.3980   -8545.3068  0.7539 
   00408    0.3964   -8535.9693  0.7514 
   00409    0.4112   -8566.0410  0.7562 
   00410    0.4276   -8538.6839  0.7569 
   00411    0.4168   -8553.9459  0.7589 
   00412    0.3980   -8564.8079  0.7568 
   00413    0.4168   -8559.1102  0.7577 
   00414    0.4040   -8566.4050  0.7520 
   00415    0.4040   -8561.9060  0.7482 
   00416    0.4276   -8537.2747  0.7423 
   00417    0.3992   -8595.8487  0.7422 
   00418    0.4148   -8602.3791  0.7437 
   00419    0.4116   -8543.4062  0.7374 
   00420    0.4012   -8507.2889  0.7388 
   00421    0.4208   -8438.2672  0.7384 
   00422    0.4200   -8406.9202  0.7400 
   00423    0.4172   -8441.0057  0.7373 
   00424    0.4152   -8461.8140  0.7425 
   00425    0.4144   -8454.1653  0.7446 
   00426    0.4220   -8494.2286  0.7513 
   00427    0.4168   -8534.0031  0.7528 
   00428    0.3976   -8515.8459  0.7551 
   00429    0.4052   -8520.8816  0.7563 
   00430    0.4108   -8557.6235  0.7582 
   00431    0.4180   -8552.8069  0.7573 
   00432    0.4024   -8583.3892  0.7552 
   00433    0.4140   -8581.8761  0.7565 
   00434    0.4284   -8578.6295  0.7600 
   00435    0.4052   -8588.4452  0.7591 
   00436    0.4168   -8610.0093  0.7594 
   00437    0.4104   -8585.4908  0.7619 
   00438    0.4112   -8591.4410  0.7649 
   00439    0.4168   -8577.4793  0.7655 
   00440    0.4124   -8572.0383  0.7599 
   00441    0.4196   -8548.9946  0.7594 
   00442    0.4304   -8577.3408  0.7593 
   00443    0.4204   -8558.7646  0.7613 
   00444    0.4064   -8590.2059  0.7678 
   00445    0.4240   -8535.5393  0.7647 
   00446    0.4088   -8548.8345  0.7649 
   00447    0.4044   -8569.6663  0.7652 
   00448    0.4016   -8581.6500  0.7631 
   00449    0.4004   -8535.4548  0.7638 
   00450    0.4164   -8539.2163  0.7649 
   00451    0.4116   -8551.3243  0.7697 
   00452    0.4104   -8552.2985  0.7715 
   00453    0.4040   -8530.4715  0.7719 
   00454    0.4108   -8500.7495  0.7728 
   00455    0.4256   -8544.8042  0.7742 
   00456    0.4180   -8562.0387  0.7730 
   00457    0.4252   -8568.0202  0.7742 
   00458    0.4168   -8593.8510  0.7740 
   00459    0.4056   -8594.9552  0.7717 
   00460    0.4144   -8572.8386  0.7665 
   00461    0.3996   -8581.7422  0.7734 
   00462    0.4148   -8559.5480  0.7716 
   00463    0.4020   -8515.3479  0.7687 
   00464    0.4016   -8525.4927  0.7676 
   00465    0.4092   -8543.8559  0.7617 
   00466    0.4124   -8524.6598  0.7576 
   00467    0.4100   -8538.1366  0.7596 
   00468    0.4168   -8541.3535  0.7578 
   00469    0.4112   -8547.8778  0.7540 
   00470    0.4076   -8522.1621  0.7533 
   00471    0.4220   -8565.4497  0.7546 
   00472    0.4104   -8570.4248  0.7543 
   00473    0.4060   -8541.8023  0.7516 
   00474    0.4088   -8521.1458  0.7466 
   00475    0.4160   -8551.0749  0.7462 
   00476    0.4044   -8492.8026  0.7412 
   00477    0.4232   -8478.1497  0.7465 
   00478    0.4112   -8526.9782  0.7429 
   00479    0.4172   -8535.8186  0.7469 
   00480    0.4144   -8569.3486  0.7509 
   00481    0.3952   -8545.5651  0.7529 
   00482    0.4264   -8544.8768  0.7550 
   00483    0.4056   -8585.6543  0.7559 
   00484    0.4032   -8531.1697  0.7561 
   00485    0.4016   -8551.3093  0.7558 
   00486    0.4224   -8553.9622  0.7612 
   00487    0.4124   -8577.6316  0.7604 
   00488    0.4264   -8531.5622  0.7610 
   00489    0.4096   -8444.8362  0.7603 
   00490    0.4112   -8475.9130  0.7620 
   00491    0.4304   -8478.1983  0.7660 
   00492    0.3932   -8493.0392  0.7585 
   00493    0.3984   -8510.1944  0.7601 
   00494    0.3952   -8523.3272  0.7611 
   00495    0.4096   -8509.0831  0.7532 
   00496    0.4172   -8527.1824  0.7610 
   00497    0.4160   -8518.6181  0.7657 
   00498    0.4164   -8547.9183  0.7659 
   00499    0.3976   -8554.4284  0.7707 
   00500    0.4304   -8533.1085  0.7698 
   00501    0.4104   -8544.9407  0.7674 
   00502    0.3996   -8566.9277  0.7688 
   00503    0.4176   -8595.1968  0.7803 
   00504    0.4060   -8578.0027  0.7802 
   00505    0.3928   -8567.3736  0.7776 
   00506    0.4020   -8644.1463  0.7785 
   00507    0.4252   -8635.8001  0.7808 
   00508    0.4008   -8618.6696  0.7801 
   00509    0.4060   -8625.0987  0.7845 
   00510    0.4212   -8663.2868  0.7880 
   00511    0.4084   -8659.2358  0.7885 
   00512    0.3964   -8683.8432  0.7907 
   00513    0.3960   -8720.3877  0.7973 
   00514    0.3960   -8716.3129  0.7949 
   00515    0.4020   -8688.4289  0.7889 
   00516    0.4112   -8649.6539  0.7906 
   00517    0.3988   -8654.8996  0.7885 
   00518    0.3916   -8604.7320  0.7849 
   00519    0.4200   -8580.1438  0.7843 
   00520    0.4084   -8579.1174  0.7823 
   00521    0.4160   -8620.9415  0.7845 
   00522    0.3952   -8595.4634  0.7804 
   00523    0.4064   -8616.3447  0.7846 
   00524    0.4024   -8609.7539  0.7865 
   00525    0.4040   -8573.7339  0.7858 
   00526    0.4028   -8598.7452  0.7857 
   00527    0.4252   -8554.5727  0.7816 
   00528    0.3984   -8509.1883  0.7751 
   00529    0.4236   -8497.4872  0.7700 
   00530    0.4380   -8496.2939  0.7687 
   00531    0.4044   -8482.1933  0.7702 
   00532    0.4028   -8487.4251  0.7753 
   00533    0.4236   -8481.1481  0.7781 
   00534    0.4112   -8496.6495  0.7745 
   00535    0.4252   -8531.5611  0.7809 
   00536    0.4064   -8532.7629  0.7792 
   00537    0.3988   -8563.2990  0.7810 
   00538    0.4048   -8560.2497  0.7802 
   00539    0.4008   -8586.0882  0.7777 
   00540    0.4228   -8546.3995  0.7745 
   00541    0.4156   -8543.1807  0.7700 
   00542    0.3956   -8496.5488  0.7661 
   00543    0.4112   -8522.6117  0.7681 
   00544    0.4108   -8532.0574  0.7697 
   00545    0.4136   -8520.1585  0.7715 
   00546    0.4028   -8501.9231  0.7720 
   00547    0.4084   -8505.7520  0.7711 
   00548    0.4060   -8521.7349  0.7702 
   00549    0.4088   -8537.1836  0.7706 
   00550    0.4076   -8568.3685  0.7709 
   00551    0.3924   -8545.4359  0.7765 
   00552    0.4104   -8495.7866  0.7745 
   00553    0.4060   -8529.5413  0.7808 
   00554    0.4136   -8526.6357  0.7797 
   00555    0.3940   -8549.1488  0.7775 
   00556    0.3948   -8561.8063  0.7803 
   00557    0.3944   -8549.4427  0.7779 
   00558    0.4176   -8528.8399  0.7799 
   00559    0.4204   -8553.7668  0.7817 
   00560    0.4020   -8592.9384  0.7831 
   00561    0.4112   -8551.8143  0.7819 
   00562    0.4192   -8606.3869  0.7850 
   00563    0.4144   -8617.9162  0.7888 
   00564    0.4260   -8606.0477  0.7875 
   00565    0.4000   -8572.5057  0.7808 
   00566    0.4204   -8564.3594  0.7824 
   00567    0.4104   -8567.5801  0.7822 
   00568    0.4092   -8503.5571  0.7793 
   00569    0.4052   -8546.1921  0.7854 
   00570    0.4144   -8569.2094  0.7849 
   00571    0.4132   -8553.9961  0.7849 
   00572    0.4220   -8567.7081  0.7894 
   00573    0.4148   -8540.5338  0.7942 
   00574    0.4212   -8567.8344  0.7931 
   00575    0.4160   -8524.2451  0.7946 
   00576    0.4140   -8570.2109  0.7969 
   00577    0.3948   -8531.6431  0.7938 
   00578    0.4008   -8544.4974  0.7974 
   00579    0.4108   -8539.6805  0.7942 
   00580    0.4204   -8553.7208  0.7940 
   00581    0.4188   -8546.2213  0.7916 
   00582    0.3984   -8582.6578  0.7979 
   00583    0.4092   -8615.0468  0.7988 
   00584    0.4120   -8639.3215  0.8057 
   00585    0.4064   -8637.9266  0.8058 
   00586    0.4128   -8640.1918  0.8087 
   00587    0.4252   -8589.0496  0.8124 
   00588    0.3960   -8631.9706  0.8181 
   00589    0.3884   -8595.0150  0.8146 
   00590    0.4088   -8619.6270  0.8152 
   00591    0.4160   -8617.5739  0.8108 
   00592    0.4144   -8627.5066  0.8047 
   00593    0.4248   -8593.2306  0.8073 
   00594    0.4168   -8514.8645  0.8015 
   00595    0.4164   -8511.7955  0.8023 
   00596    0.4312   -8538.3216  0.8072 
   00597    0.3936   -8538.0548  0.8028 
   00598    0.4164   -8528.1707  0.8023 
   00599    0.4084   -8553.8170  0.7996 
   00600    0.4148   -8573.4823  0.8017 
   00601    0.4152   -8567.4364  0.8006 
   00602    0.3992   -8563.8511  0.7982 
   00603    0.3932   -8547.0323  0.7997 
   00604    0.3976   -8593.2491  0.8043 
   00605    0.4100   -8612.9378  0.8039 
   00606    0.4124   -8648.0430  0.8112 
   00607    0.4132   -8667.8223  0.8141 
   00608    0.4044   -8637.4802  0.8153 
   00609    0.4024   -8603.5437  0.8121 
   00610    0.4296   -8598.9942  0.8160 
   00611    0.4020   -8588.7916  0.8169 
   00612    0.3956   -8565.2310  0.8149 
   00613    0.4004   -8569.2139  0.8168 
   00614    0.4024   -8595.5109  0.8184 
   00615    0.4124   -8579.3001  0.8206 
   00616    0.4188   -8627.9580  0.8252 
   00617    0.4000   -8577.0575  0.8221 
   00618    0.3852   -8580.8080  0.8205 
   00619    0.4080   -8561.6301  0.8185 
   00620    0.4072   -8569.0366  0.8193 
   00621    0.4108   -8595.9340  0.8240 
   00622    0.4000   -8612.2091  0.8229 
   00623    0.4264   -8586.0774  0.8221 
   00624    0.4028   -8633.9663  0.8283 
   00625    0.4088   -8585.1375  0.8259 
   00626    0.4064   -8574.5389  0.8175 
   00627    0.3972   -8590.3519  0.8191 
   00628    0.4284   -8583.2947  0.8200 
   00629    0.3884   -8571.8112  0.8231 
   00630    0.4140   -8550.9058  0.8234 
   00631    0.4248   -8614.9552  0.8283 
   00632    0.4204   -8592.2631  0.8273 
   00633    0.4008   -8597.7647  0.8285 
   00634    0.4164   -8609.6583  0.8301 
   00635    0.4064   -8604.7980  0.8258 
   00636    0.3952   -8594.2319  0.8259 
   00637    0.4192   -8596.8441  0.8282 
   00638    0.4108   -8612.6806  0.8315 
   00639    0.4176   -8589.6445  0.8288 
   00640    0.3996   -8595.6043  0.8239 
   00641    0.4024   -8629.9341  0.8268 
   00642    0.4016   -8608.9433  0.8251 
   00643    0.4048   -8629.7465  0.8253 
   00644    0.4040   -8594.9665  0.8232 
   00645    0.4028   -8648.0804  0.8271 
   00646    0.4228   -8660.3680  0.8294 
   00647    0.4112   -8668.6016  0.8277 
   00648    0.3916   -8604.8611  0.8232 
   00649    0.3952   -8609.0406  0.8220 
   00650    0.4048   -8564.4268  0.8200 
   00651    0.4076   -8570.1344  0.8195 
   00652    0.4116   -8626.8085  0.8201 
   00653    0.3992   -8628.2492  0.8247 
   00654    0.4176   -8609.1265  0.8248 
   00655    0.4040   -8584.5498  0.8183 
   00656    0.4136   -8591.8114  0.8215 
   00657    0.4172   -8597.8819  0.8190 
   00658    0.4096   -8587.5857  0.8195 
   00659    0.4120   -8578.5696  0.8158 
   00660    0.4028   -8559.4108  0.8093 
   00661    0.4244   -8553.7046  0.8094 
   00662    0.4132   -8542.1594  0.8047 
   00663    0.3896   -8541.2353  0.8031 
   00664    0.4300   -8547.5466  0.7995 
   00665    0.4136   -8564.8769  0.7959 
   00666    0.3988   -8547.0601  0.7958 
   00667    0.4196   -8620.4262  0.8014 
   00668    0.4072   -8639.8165  0.8039 
   00669    0.4024   -8620.5327  0.8047 
   00670    0.4092   -8587.3924  0.8079 
   00671    0.4072   -8624.0534  0.8105 
   00672    0.4188   -8606.8481  0.8098 
   00673    0.3972   -8621.9589  0.8090 
   00674    0.4172   -8611.0467  0.8083 
   00675    0.4100   -8606.4023  0.8107 
   00676    0.4104   -8620.0737  0.8107 
   00677    0.4028   -8583.2269  0.8082 
   00678    0.3964   -8560.8248  0.8033 
   00679    0.3928   -8549.6359  0.8035 
   00680    0.3960   -8572.3357  0.8016 
   00681    0.4004   -8551.9899  0.8003 
   00682    0.4224   -8542.5178  0.8000 
   00683    0.4172   -8599.8119  0.8021 
   00684    0.4116   -8539.6001  0.8013 
   00685    0.4052   -8581.6169  0.8041 
   00686    0.4092   -8543.4756  0.8026 
   00687    0.4124   -8548.7951  0.8067 
   00688    0.4044   -8559.3176  0.8103 
   00689    0.4064   -8593.5779  0.8119 
   00690    0.3936   -8596.9729  0.8125 
   00691    0.3988   -8579.1082  0.8096 
   00692    0.4108   -8606.0091  0.8136 
   00693    0.3984   -8594.3487  0.8165 
   00694    0.4036   -8595.5647  0.8164 
   00695    0.4284   -8639.0390  0.8211 
   00696    0.4240   -8607.6566  0.8243 
   00697    0.3988   -8599.4277  0.8219 
   00698    0.4108   -8587.3915  0.8189 
   00699    0.4120   -8622.5715  0.8242 
   00700    0.4144   -8624.9532  0.8206 
   00701    0.4024   -8642.0873  0.8208 
   00702    0.4188   -8617.5684  0.8170 
   00703    0.4132   -8588.4159  0.8170 
   00704    0.3984   -8581.8685  0.8162 
   00705    0.4128   -8567.3575  0.8171 
   00706    0.4136   -8596.7916  0.8165 
   00707    0.4024   -8579.4854  0.8100 
   00708    0.4028   -8590.3438  0.8053 
   00709    0.4068   -8558.2674  0.8064 
   00710    0.4328   -8575.5460  0.8104 
   00711    0.4192   -8579.3916  0.8088 
   00712    0.4000   -8563.7508  0.8039 
   00713    0.4084   -8635.0024  0.8052 
   00714    0.4080   -8611.6176  0.8030 
   00715    0.4100   -8558.1932  0.8023 
   00716    0.3984   -8607.1212  0.8068 
   00717    0.4140   -8600.4016  0.8047 
   00718    0.4076   -8568.9207  0.8047 
   00719    0.4232   -8572.4508  0.8043 
   00720    0.4104   -8539.6508  0.8038 
   00721    0.4152   -8502.7456  0.8036 
   00722    0.4128   -8520.6157  0.8033 
   00723    0.4232   -8540.9551  0.8080 
   00724    0.4028   -8587.9749  0.8126 
   00725    0.3924   -8580.5572  0.8132 
   00726    0.4040   -8583.7041  0.8114 
   00727    0.3964   -8587.9201  0.8083 
   00728    0.4068   -8580.6911  0.8114 
   00729    0.4064   -8602.4514  0.8162 
   00730    0.3952   -8619.7388  0.8153 
   00731    0.4128   -8643.6259  0.8148 
   00732    0.4100   -8618.1091  0.8132 
   00733    0.4152   -8598.1018  0.8090 
   00734    0.4124   -8608.9660  0.8126 
   00735    0.4104   -8594.3581  0.8103 
   00736    0.4072   -8662.8487  0.8125 
   00737    0.3992   -8630.9567  0.8074 
   00738    0.4128   -8608.1818  0.8073 
   00739    0.4148   -8597.3842  0.8062 
   00740    0.4072   -8574.9358  0.8021 
   00741    0.3968   -8590.2715  0.8058 
   00742    0.4092   -8574.7993  0.8083 
   00743    0.4072   -8588.7849  0.8083 
   00744    0.3980   -8624.8498  0.8109 
   00745    0.4040   -8672.4569  0.8157 
   00746    0.4000   -8678.6975  0.8147 
   00747    0.4104   -8671.5162  0.8145 
   00748    0.4172   -8646.5722  0.8148 
   00749    0.4120   -8655.7160  0.8162 
   00750    0.3920   -8659.4955  0.8137 
   00751    0.3972   -8658.1774  0.8137 
   00752    0.3956   -8636.3327  0.8180 
   00753    0.4124   -8635.5793  0.8227 
   00754    0.4028   -8630.3729  0.8249 
   00755    0.3948   -8613.9806  0.8214 
   00756    0.4084   -8577.9003  0.8174 
   00757    0.4064   -8580.9808  0.8149 
   00758    0.4004   -8616.0999  0.8158 
   00759    0.4208   -8639.8249  0.8146 
   00760    0.4068   -8658.3373  0.8171 
   00761    0.4144   -8624.3756  0.8159 
   00762    0.4000   -8624.5832  0.8183 
   00763    0.4048   -8635.6565  0.8195 
   00764    0.4192   -8612.2590  0.8169 
   00765    0.4032   -8617.7798  0.8135 
   00766    0.4140   -8570.4415  0.8089 
   00767    0.4128   -8565.9757  0.8136 
   00768    0.4288   -8567.8118  0.8161 
   00769    0.3992   -8556.2703  0.8173 
   00770    0.4012   -8546.6510  0.8174 
   00771    0.4200   -8615.9811  0.8207 
   00772    0.4072   -8611.8513  0.8175 
   00773    0.4036   -8630.1050  0.8185 
   00774    0.3884   -8666.4431  0.8219 
   00775    0.4240   -8683.4638  0.8276 
   00776    0.3916   -8681.2776  0.8266 
   00777    0.4216   -8642.1399  0.8257 
   00778    0.4200   -8623.4986  0.8269 
   00779    0.4096   -8572.7860  0.8238 
   00780    0.4032   -8561.7311  0.8240 
   00781    0.4092   -8552.3951  0.8236 
   00782    0.4160   -8552.3516  0.8248 
   00783    0.4000   -8598.5052  0.8273 
   00784    0.4048   -8593.9130  0.8292 
   00785    0.3996   -8577.0432  0.8313 
   00786    0.4232   -8547.5809  0.8282 
   00787    0.4212   -8543.2801  0.8240 
   00788    0.4168   -8544.2949  0.8221 
   00789    0.4096   -8592.8613  0.8241 
   00790    0.4040   -8583.5283  0.8249 
   00791    0.4180   -8554.6136  0.8249 
   00792    0.4204   -8576.7501  0.8230 
   00793    0.4104   -8571.7145  0.8239 
   00794    0.4084   -8565.7646  0.8237 
   00795    0.3932   -8601.2543  0.8277 
   00796    0.3988   -8608.3846  0.8276 
   00797    0.4180   -8585.8884  0.8277 
   00798    0.4104   -8596.4063  0.8250 
   00799    0.4056   -8600.9315  0.8243 
   00800    0.3840   -8623.0899  0.8267 
   00801    0.4100   -8614.1345  0.8232 
   00802    0.4108   -8634.6299  0.8246 
   00803    0.3976   -8616.7330  0.8241 
   00804    0.4056   -8615.0244  0.8259 
   00805    0.4064   -8641.3310  0.8260 
   00806    0.4152   -8603.3649  0.8205 
   00807    0.4224   -8550.2221  0.8159 
   00808    0.4292   -8585.3729  0.8177 
   00809    0.4092   -8570.2771  0.8199 
   00810    0.4004   -8590.9705  0.8214 
   00811    0.4268   -8557.8501  0.8199 
   00812    0.4264   -8575.7942  0.8226 
   00813    0.4152   -8555.1114  0.8239 
   00814    0.4036   -8543.0015  0.8272 
   00815    0.4072   -8553.0167  0.8292 
   00816    0.4040   -8563.4676  0.8350 
   00817    0.4192   -8573.4396  0.8372 
   00818    0.4068   -8582.9562  0.8396 
   00819    0.4116   -8551.6670  0.8349 
   00820    0.3992   -8565.6822  0.8386 
   00821    0.4056   -8580.9793  0.8378 
   00822    0.4132   -8596.9865  0.8354 
   00823    0.4160   -8597.0187  0.8380 
   00824    0.4216   -8641.0492  0.8405 
   00825    0.4032   -8644.0220  0.8427 
   00826    0.4192   -8616.3240  0.8418 
   00827    0.4180   -8605.2838  0.8403 
   00828    0.4048   -8597.4002  0.8419 
   00829    0.4132   -8606.7733  0.8395 
   00830    0.3908   -8580.7706  0.8401 
   00831    0.4152   -8529.0471  0.8350 
   00832    0.4088   -8565.8992  0.8384 
   00833    0.4220   -8591.5876  0.8396 
   00834    0.4064   -8615.4079  0.8396 
   00835    0.4220   -8589.4397  0.8353 
   00836    0.4000   -8610.4615  0.8345 
   00837    0.4040   -8609.5151  0.8380 
   00838    0.4040   -8627.2508  0.8376 
   00839    0.4228   -8616.3232  0.8385 
   00840    0.4168   -8612.5764  0.8397 
   00841    0.3912   -8637.8924  0.8424 
   00842    0.4092   -8640.2618  0.8376 
   00843    0.4136   -8636.4262  0.8360 
   00844    0.4052   -8652.8285  0.8396 
   00845    0.3984   -8635.0735  0.8412 
   00846    0.4084   -8648.8419  0.8428 
   00847    0.4132   -8656.0765  0.8462 
   00848    0.4060   -8619.3746  0.8416 
   00849    0.3876   -8609.2775  0.8379 
   00850    0.4160   -8664.4038  0.8434 
   00851    0.3928   -8630.1761  0.8426 
   00852    0.4032   -8573.9449  0.8391 
   00853    0.4120   -8599.5880  0.8376 
   00854    0.4148   -8582.3137  0.8368 
   00855    0.4260   -8566.5405  0.8322 
   00856    0.4080   -8594.3947  0.8326 
   00857    0.4272   -8551.2083  0.8310 
   00858    0.4076   -8551.8951  0.8303 
   00859    0.4096   -8566.3577  0.8313 
   00860    0.3976   -8581.1302  0.8303 
   00861    0.3880   -8544.5433  0.8283 
   00862    0.3972   -8556.4582  0.8274 
   00863    0.4116   -8542.4021  0.8254 
   00864    0.3852   -8549.0436  0.8222 
   00865    0.4224   -8570.4925  0.8234 
   00866    0.4072   -8571.6119  0.8201 
   00867    0.4004   -8548.6564  0.8213 
   00868    0.3976   -8498.8945  0.8201 
   00869    0.3932   -8518.6282  0.8236 
   00870    0.4108   -8534.6654  0.8208 
   00871    0.4180   -8522.5571  0.8207 
   00872    0.4140   -8531.0387  0.8202 
   00873    0.4160   -8510.5228  0.8176 
   00874    0.4212   -8536.1141  0.8155 
   00875    0.4044   -8548.6231  0.8154 
   00876    0.4216   -8542.5579  0.8174 
   00877    0.4232   -8569.5438  0.8138 
   00878    0.4212   -8568.1564  0.8120 
   00879    0.4024   -8551.5631  0.8126 
   00880    0.4132   -8522.8480  0.8095 
   00881    0.4140   -8563.9988  0.8107 
   00882    0.4248   -8554.6753  0.8063 
   00883    0.3940   -8527.6558  0.8061 
   00884    0.4204   -8492.7400  0.8012 
   00885    0.4144   -8487.0277  0.8044 
   00886    0.4116   -8579.0227  0.8158 
   00887    0.3896   -8551.7403  0.8170 
   00888    0.4200   -8549.5296  0.8175 
   00889    0.3988   -8572.0703  0.8160 
   00890    0.4148   -8530.4630  0.8111 
   00891    0.3968   -8524.4761  0.8139 
   00892    0.4244   -8477.8497  0.8125 
   00893    0.4012   -8534.2002  0.8157 
   00894    0.4172   -8533.8482  0.8180 
   00895    0.4068   -8532.7882  0.8174 
   00896    0.4284   -8530.9741  0.8184 
   00897    0.3996   -8527.8520  0.8154 
   00898    0.4232   -8529.4960  0.8175 
   00899    0.4040   -8512.8332  0.8208 
   00900    0.4152   -8480.5384  0.8171 
   00901    0.4044   -8447.1748  0.8118 
   00902    0.4072   -8520.5981  0.8189 
   00903    0.4020   -8529.5162  0.8192 
   00904    0.4176   -8581.6307  0.8202 
   00905    0.3992   -8590.7677  0.8205 
   00906    0.3968   -8590.1110  0.8228 
   00907    0.4376   -8579.4231  0.8247 
   00908    0.4044   -8577.0668  0.8262 
   00909    0.4100   -8583.7096  0.8303 
   00910    0.4088   -8526.0257  0.8307 
   00911    0.4096   -8547.4915  0.8337 
   00912    0.3968   -8546.5423  0.8308 
   00913    0.4092   -8555.4274  0.8285 
   00914    0.4096   -8580.5879  0.8235 
   00915    0.4140   -8582.9626  0.8306 
   00916    0.4168   -8546.8348  0.8283 
   00917    0.4228   -8538.9680  0.8270 
   00918    0.4052   -8533.7151  0.8252 
   00919    0.4192   -8557.8254  0.8299 
   00920    0.4012   -8583.0488  0.8299 
   00921    0.4068   -8555.2356  0.8246 
   00922    0.4140   -8552.9540  0.8247 
   00923    0.4180   -8537.6226  0.8199 
   00924    0.4048   -8599.4130  0.8245 
   00925    0.4156   -8591.3526  0.8247 
   00926    0.4196   -8585.4520  0.8198 
   00927    0.4120   -8568.2828  0.8185 
   00928    0.3924   -8518.0244  0.8148 
   00929    0.4160   -8554.8507  0.8174 
   00930    0.4064   -8536.6060  0.8195 
   00931    0.4240   -8551.7450  0.8219 
   00932    0.3992   -8557.3614  0.8199 
   00933    0.4040   -8569.1658  0.8199 
   00934    0.4212   -8566.1812  0.8171 
   00935    0.4160   -8608.5132  0.8201 
   00936    0.3964   -8587.7749  0.8201 
   00937    0.3944   -8602.6954  0.8239 
   00938    0.4024   -8607.0442  0.8177 
   00939    0.4212   -8615.2944  0.8169 
   00940    0.3852   -8597.3767  0.8152 
   00941    0.3952   -8607.8154  0.8159 
   00942    0.3944   -8582.1486  0.8127 
   00943    0.3996   -8609.8270  0.8162 
   00944    0.4144   -8635.4347  0.8198 
   00945    0.4004   -8609.8209  0.8158 
   00946    0.4100   -8591.7322  0.8122 
   00947    0.4088   -8569.1248  0.8151 
   00948    0.4160   -8582.6469  0.8147 
   00949    0.4128   -8618.3905  0.8132 
   00950    0.4064   -8578.3694  0.8085 
   00951    0.4032   -8585.0927  0.8068 
   00952    0.3936   -8620.9984  0.8068 
   00953    0.3956   -8582.4707  0.8059 
   00954    0.4168   -8588.5086  0.8094 
   00955    0.4288   -8543.0668  0.8075 
   00956    0.4180   -8572.8806  0.8116 
   00957    0.4092   -8530.8525  0.8147 
   00958    0.4124   -8539.2947  0.8159 
   00959    0.4104   -8567.7629  0.8180 
   00960    0.4008   -8586.8345  0.8218 
   00961    0.4000   -8622.1822  0.8221 
   00962    0.3928   -8604.5374  0.8229 
   00963    0.4100   -8558.8109  0.8188 
   00964    0.4108   -8569.3392  0.8201 
   00965    0.4128   -8555.0708  0.8147 
   00966    0.4072   -8557.0274  0.8126 
   00967    0.4148   -8572.0421  0.8144 
   00968    0.4072   -8545.0483  0.8124 
   00969    0.4024   -8567.2334  0.8120 
   00970    0.4044   -8576.3400  0.8146 
   00971    0.4264   -8573.2181  0.8085 
   00972    0.4064   -8613.3932  0.8123 
   00973    0.4172   -8563.0251  0.8078 
   00974    0.4140   -8566.1054  0.8042 
   00975    0.4172   -8541.9301  0.8041 
   00976    0.3956   -8557.7417  0.8058 
   00977    0.4044   -8539.2320  0.8061 
   00978    0.4324   -8542.9682  0.8055 
   00979    0.4128   -8588.5582  0.8062 
   00980    0.4168   -8582.2031  0.8070 
   00981    0.3872   -8583.5240  0.8018 
   00982    0.4036   -8609.3865  0.8034 
   00983    0.4148   -8571.9199  0.8015 
   00984    0.4132   -8574.4695  0.8022 
   00985    0.4164   -8575.4698  0.7986 
   00986    0.4100   -8602.6896  0.8013 
   00987    0.3996   -8590.3136  0.8018 
   00988    0.4224   -8560.1013  0.8011 
   00989    0.4276   -8553.8439  0.8024 
   00990    0.4088   -8553.2577  0.8036 
   00991    0.4176   -8589.9638  0.8051 
   00992    0.3904   -8583.3351  0.8069 
   00993    0.4076   -8593.7281  0.8061 
   00994    0.4248   -8625.3522  0.8046 
   00995    0.3996   -8636.1985  0.8068 
   00996    0.4156   -8615.3579  0.8073 
   00997    0.4260   -8595.8378  0.8079 
   00998    0.4056   -8589.8965  0.8113 
   00999    0.4184   -8594.8664  0.8097 
   01000    0.4048   -8575.6838  0.8118 
