#=====================================================
# File created:        Wed-05-Nov-2025-at-05-07-35AM
# Size of lattice:     20x20
# Number of MC steps:  1000
# Reduced temperature: 0.750
# Run time (s):        0.181161
#=====================================================
# MC step:  Ratio:     Energy:   Order:
#=====================================================
   00000    0.5000    -391.9913  0.2900 
   00001    0.6725    -585.9286  0.2752 
   00002    0.6100    -701.9193  0.3215 
   00003    0.5675    -812.5085  0.3529 
   00004    0.5175    -892.1718  0.3764 
   00005    0.5425    -920.4754  0.3870 
   00006    0.5475    -974.6515  0.3869 
   00007    0.4975    -975.7991  0.3796 
   00008    0.4575    -953.9909  0.3624 
   00009    0.4700    -971.9262  0.3816 
   00010    0.5000    -990.4456  0.3916 
   00011    0.4950    -978.4485  0.4022 
   00012    0.4700   -1001.7167  0.4054 
   00013    0.4325   -1044.6039  0.4020 
   00014    0.4550   -1078.5447  0.4039 
   00015    0.4350   -1037.0217  0.4211 
   00016    0.4425   -1087.9438  0.4460 
   00017    0.4350   -1113.6671  0.4710 
   00018    0.4350   -1131.4291  0.4666 
   00019    0.4500   -1121.2085  0.4689 
   00020    0.4375   -1139.2715  0.4632 
   00021    0.4225   -1145.0514  0.4831 
   00022    0.4325   -1147.4382  0.5060 
   00023    0.3775   -1125.6076  0.5010 
   00024    0.4175   -1127.5836  0.5101 
   00025    0.4675   -1117.2260  0.5199 
   00026    0.4650   -1157.1928  0.5586 
   00027    0.4325   -1168.8914  0.5516 
   00028    0.4475   -1135.6671  0.5771 
   00029    0.4075   -1123.8818  0.5837 
   00030    0.4075   -1121.1722  0.5922 
   00031    0.4225   -1170.1138  0.6157 
   00032    0.4125   -1194.5710  0.6304 
   00033    0.4175   -1182.1836  0.6078 
   00034    0.4175   -1169.5081  0.5768 
   00035    0.4425   -1199.3178  0.5918 
   00036    0.4200   -1172.5585  0.5686 
   00037    0.4175   -1167.5413  0.5518 
   00038    0.4775   -1179.9989  0.5806 
   00039    0.3900   -1154.6505  0.5814 
   00040    0.4075   -1172.0903  0.6014 
   00041    0.3625   -1192.0821  0.5979 
   00042    0.3550   -1180.4441  0.6113 
   00043    0.4250   -1188.3792  0.6111 
   00044    0.3725   -1198.5320  0.5998 
   00045    0.4075   -1206.3755  0.5919 
   00046    0.4275   -1210.4041  0.5812 
   00047    0.4025   -1224.2749  0.5861 
   00048    0.4525   -1209.8162  0.6114 
   00049    0.4175   -1192.2590  0.5891 
   00050    0.3925   -1202.6944  0.5956 
   00051    0.3925   -1176.0167  0.6052 
   00052    0.3875   -1182.6362  0.6042 
   00053    0.4275   -1169.9666  0.5944 
   00054    0.4025   -1185.1145  0.5896 
   00055    0.4050   -1205.9840  0.5975 
   00056    0.4400   -1211.6684  0.6052 
   00057    0.3750   -1213.7201  0.5980 
   00058    0.4450   -1220.9728  0.6032 
   00059    0.4025   -1211.3902  0.5918 
   00060    0.4225   -1189.1147  0.5773 
   00061    0.4050   -1181.5609  0.5776 
   00062    0.4375   -1178.6884  0.5634 
   00063    0.3925   -1179.4124  0.5583 
   00064    0.3925   -1197.0229  0.5642 
   00065    0.3675   -1203.0582  0.5748 
   00066    0.3975   -1190.0189  0.5606 
   00067    0.3900   -1208.0952  0.5696 
   00068    0.3950   -1199.0297  0.5835 
   00069    0.4550   -1188.1693  0.5731 
   00070    0.3950   -1186.0488  0.5766 
   00071    0.3825   -1165.7174  0.5824 
   00072    0.4100   -1175.9590  0.5985 
   00073    0.4050   -1199.2664  0.6073 
   00074    0.3800   -1206.7649  0.6084 
   00075    0.3975   -1178.2256  0.5936 
   00076    0.4250   -1189.4189  0.6227 
   00077    0.4175   -1202.7014  0.6165 
   00078    0.4075   -1191.5836  0.6320 
   00079    0.4250   -1197.9682  0.6210 
   00080    0.4425   -1189.3201  0.6117 
   00081    0.4350   -1179.5384  0.6136 
   00082    0.4000   -1159.0518  0.6130 
   00083    0.4425   -1184.2900  0.6322 
   00084    0.4400   -1188.2102  0.6277 
   00085    0.4425   -1178.6981  0.6112 
   00086    0.4250   -1154.4086  0.6004 
   00087    0.4375   -1130.9208  0.5602 
   00088    0.4375   -1107.1647  0.5792 
   00089    0.4250   -1104.4816  0.5675 
   00090    0.4200   -1072.1980  0.5446 
   00091    0.4725   -1120.1809  0.5618 
   00092    0.4225   -1129.2730  0.5897 
   00093    0.4350   -1154.4623  0.5966 
   00094    0.4350   -1158.1555  0.5956 
   00095    0.3875   -1170.7269  0.5823 
   00096    0.4100   -1175.5845  0.5967 
   00097    0.4450   -1180.9321  0.5933 
   00098    0.4075   -1161.6658  0.5650 
   00099    0.3825   -1194.7334  0.5705 
   00100    0.3950   -1185.3663  0.5623 
   00101    0.4175   -1165.7902  0.5526 
   00102    0.4450   -1168.1933  0.5677 
   00103    0.3900   -1144.2527  0.5586 
   00104    0.4425   -1133.9799  0.5361 
   00105    0.3725   -1146.7485  0.5206 
   00106    0.4375   -1167.6331  0.5134 
   00107    0.4450   -1154.0506  0.4964 
   00108    0.4050   -1155.6833  0.5120 
   00109    0.4050   -1151.2315  0.4926 
   00110    0.3750   -1135.0054  0.4992 
   00111    0.4250   -1113.3074  0.4925 
   00112    0.4425   -1140.8045  0.5089 
   00113    0.4350   -1150.5833  0.5110 
   00114    0.4550   -1164.4713  0.5127 
   00115    0.3875   -1148.8947  0.4956 
   00116    0.4225   -1172.6969  0.4820 
   00117    0.3750   -1202.2795  0.4762 
   00118    0.3950   -1179.5376  0.4723 
   00119    0.4050   -1178.5494  0.4778 
   00120    0.3950   -1188.1665  0.4800 
   00121    0.4325   -1196.4465  0.4850 
   00122    0.3700   -1221.4686  0.4983 
   00123    0.4000   -1218.8978  0.5142 
   00124    0.4525   -1212.8935  0.4957 
   00125    0.3850   -1210.7294  0.5059 
   00126    0.3950   -1205.0876  0.5177 
   00127    0.4100   -1198.7095  0.5108 
   00128    0.3800   -1219.2998  0.5174 
   00129    0.4275   -1156.4414  0.4923 
   00130    0.4500   -1150.6233  0.5106 
   00131    0.3900   -1141.8700  0.4872 
   00132    0.4225   -1123.7146  0.4831 
   00133    0.4350   -1115.7772  0.4666 
   00134    0.4375   -1115.6083  0.4734 
   00135    0.4375   -1145.1747  0.5164 
   00136    0.4100   -1144.9033  0.5268 
   00137    0.3700   -1124.5206  0.5185 
   00138    0.3925   -1169.1619  0.5463 
   00139    0.4225   -1186.9403  0.5641 
   00140    0.3775   -1152.4300  0.5752 
   00141    0.4175   -1147.3565  0.5925 
   00142    0.4200   -1161.6894  0.5995 
   00143    0.4400   -1165.6097  0.6235 
   00144    0.4175   -1185.1657  0.6221 
   00145    0.4475   -1152.1134  0.6139 
   00146    0.4325   -1143.0079  0.6030 
   00147    0.3825   -1146.0918  0.5979 
   00148    0.3600   -1156.8745  0.5913 
   00149    0.4600   -1157.8553  0.5997 
   00150    0.4400   -1172.4379  0.6294 
   00151    0.4150   -1164.8560  0.6407 
   00152    0.4125   -1183.2566  0.6195 
   00153    0.4450   -1158.1361  0.6078 
   00154    0.3950   -1142.2161  0.6016 
   00155    0.4275   -1138.3774  0.5941 
   00156    0.4425   -1136.4467  0.5985 
   00157    0.4175   -1133.7909  0.5986 
   00158    0.4425   -1146.9618  0.5896 
   00159    0.4375   -1153.3277  0.5855 
   00160    0.4600   -1166.8559  0.5901 
   00161    0.3725   -1140.1673  0.5841 
   00162    0.4025   -1101.8453  0.5748 
   00163    0.4475   -1104.4991  0.5739 
   00164    0.4450   -1117.6809  0.5720 
   00165    0.4225   -1098.1448  0.5395 
   00166    0.3975   -1092.5232  0.5416 
   00167    0.4550   -1124.8586  0.5600 
   00168    0.4625   -1117.1943  0.5608 
   00169    0.4450   -1150.8809  0.5990 
   00170    0.4075   -1168.7972  0.6178 
   00171    0.3825   -1160.0463  0.6308 
   00172    0.4375   -1153.5481  0.6223 
   00173    0.4600   -1155.6780  0.6046 
   00174    0.4425   -1145.1428  0.6175 
   00175    0.4600   -1140.7959  0.5972 
   00176    0.4500   -1120.5020  0.5850 
   00177    0.4475   -1144.3823  0.5864 
   00178    0.4125   -1113.0335  0.5723 
   00179    0.3925   -1104.0225  0.5676 
   00180    0.4250   -1106.5086  0.5703 
   00181    0.4625   -1110.2138  0.5915 
   00182    0.4575   -1130.4480  0.6237 
   00183    0.3775   -1151.7830  0.6168 
   00184    0.4025   -1135.2669  0.6116 
   00185    0.4325   -1151.5958  0.6186 
   00186    0.4050   -1173.5491  0.6311 
   00187    0.4225   -1179.1425  0.6229 
   00188    0.4275   -1196.1591  0.6172 
   00189    0.3925   -1177.5966  0.5990 
   00190    0.4200   -1171.7150  0.5971 
   00191    0.3600   -1184.0379  0.6047 
   00192    0.4225   -1181.9854  0.5978 
   00193    0.4225   -1164.5528  0.5880 
   00194    0.4700   -1159.5397  0.5829 
   00195    0.3775   -1150.6843  0.5990 
   00196    0.4300   -1107.5308  0.5622 
   00197    0.4800   -1115.4822  0.5598 
   00198    0.4425   -1114.2853  0.5569 
   00199    0.4450   -1123.9839  0.5766 
   00200    0.4325   -1094.9971  0.5850 
   00201    0.4450   -1122.8921  0.5863 
   00202    0.3950   -1122.3410  0.5895 
   00203    0.4425   -1112.5394  0.6022 
   00204    0.4875   -1110.1348  0.6036 
   00205    0.4075   -1119.6541  0.5955 
   00206    0.4200   -1152.7674  0.6142 
   00207    0.3775   -1114.4605  0.5843 
   00208    0.4400   -1121.5096  0.5853 
   00209    0.4000   -1134.0901  0.6007 
   00210    0.4025   -1146.2469  0.6125 
   00211    0.4425   -1127.1298  0.6078 
   00212    0.4100   -1163.3563  0.6129 
   00213    0.3850   -1194.3197  0.6244 
   00214    0.4425   -1192.2927  0.6316 
   00215    0.4200   -1191.5194  0.6517 
   00216    0.3775   -1190.6209  0.6337 
   00217    0.4150   -1190.8068  0.6560 
   00218    0.3825   -1191.2307  0.6504 
   00219    0.4175   -1204.8043  0.6419 
   00220    0.3775   -1194.5807  0.6293 
   00221    0.4425   -1199.4771  0.6222 
   00222    0.4000   -1180.2622  0.6209 
   00223    0.3900   -1171.3641  0.6052 
   00224    0.4100   -1189.4328  0.6230 
   00225    0.4200   -1162.7547  0.6091 
   00226    0.4375   -1131.1553  0.5916 
   00227    0.4225   -1131.8978  0.5743 
   00228    0.4450   -1148.1678  0.5904 
   00229    0.4750   -1180.7093  0.5973 
   00230    0.3775   -1162.9574  0.6090 
   00231    0.4400   -1145.5649  0.6307 
   00232    0.3775   -1104.3565  0.6180 
   00233    0.4300   -1088.5093  0.6337 
   00234    0.4350   -1101.3493  0.6400 
   00235    0.4800   -1140.7286  0.6442 
   00236    0.4950   -1143.3251  0.6314 
   00237    0.4075   -1175.5330  0.6436 
   00238    0.4075   -1208.1953  0.6548 
   00239    0.3575   -1193.6711  0.6486 
   00240    0.4075   -1204.4615  0.6765 
   00241    0.3925   -1176.0582  0.6602 
   00242    0.4200   -1162.3427  0.6533 
   00243    0.4325   -1163.9438  0.6788 
   00244    0.4275   -1189.2630  0.6904 
   00245    0.3775   -1201.4790  0.6944 
   00246    0.4250   -1208.2325  0.6906 
   00247    0.4025   -1200.1309  0.6910 
   00248    0.3750   -1199.8904  0.6687 
   00249    0.4150   -1200.5852  0.6866 
   00250    0.4300   -1215.8190  0.6848 
   00251    0.4300   -1237.6799  0.6876 
   00252    0.4075   -1221.3876  0.6735 
   00253    0.3850   -1229.7424  0.6758 
   00254    0.3850   -1240.3396  0.6865 
   00255    0.3425   -1236.1374  0.6765 
   00256    0.3775   -1223.0283  0.6910 
   00257    0.4525   -1220.2756  0.6861 
   00258    0.4100   -1218.1571  0.6880 
   00259    0.3675   -1199.9183  0.6791 
   00260    0.4100   -1221.7968  0.6838 
   00261    0.4250   -1201.2463  0.6680 
   00262    0.4100   -1224.6036  0.6690 
   00263    0.3750   -1208.1559  0.6742 
   00264    0.3900   -1232.1616  0.6503 
   00265    0.4175   -1244.3457  0.6493 
   00266    0.3950   -1227.0459  0.6339 
   00267    0.4250   -1214.8987  0.6190 
   00268    0.4675   -1193.1662  0.6291 
   00269    0.3775   -1198.2450  0.6150 
   00270    0.4300   -1196.4683  0.6106 
   00271    0.3700   -1204.0415  0.6116 
   00272    0.3850   -1198.9783  0.6043 
   00273    0.3875   -1202.9926  0.6015 
   00274    0.3900   -1195.6778  0.5893 
   00275    0.4000   -1201.9353  0.5939 
   00276    0.4000   -1207.5813  0.6068 
   00277    0.3525   -1202.8227  0.6208 
   00278    0.3850   -1171.2471  0.6172 
   00279    0.4100   -1176.7193  0.6384 
   00280    0.4525   -1187.9401  0.6564 
   00281    0.3775   -1167.0945  0.6469 
   00282    0.4275   -1190.2052  0.6577 
   00283    0.4550   -1186.4250  0.6366 
   00284    0.4400   -1176.4349  0.6438 
   00285    0.4100   -1176.9788  0.6281 
   00286    0.4200   -1191.7244  0.6407 
   00287    0.3925   -1202.5687  0.6642 
   00288    0.4275   -1188.6637  0.6630 
   00289    0.3875   -1184.9625  0.6608 
   00290    0.3775   -1198.0700  0.6606 
   00291    0.3975   -1156.4162  0.6655 
   00292    0.4075   -1162.2319  0.6644 
   00293    0.4075   -1166.5343  0.6639 
   00294    0.4150   -1164.8762  0.6660 
   00295    0.4250   -1200.2957  0.6596 
   00296    0.4100   -1220.9126  0.6603 
   00297    0.3900   -1220.2242  0.6820 
   00298    0.3950   -1217.1394  0.6812 
   00299    0.3775   -1243.2827  0.7063 
   00300    0.3975   -1212.5376  0.6868 
   00301    0.4125   -1207.9209  0.6788 
   00302    0.4225   -1201.2787  0.6759 
   00303    0.4100   -1193.0448  0.6758 
   00304    0.4200   -1188.1876  0.6754 
   00305    0.4250   -1181.7756  0.6820 
   00306    0.4125   -1170.2835  0.6655 
   00307    0.4000   -1177.1961  0.6732 
   00308    0.4000   -1181.6308  0.6852 
   00309    0.4225   -1161.6003  0.6843 
   00310    0.4000   -1198.3346  0.7050 
   00311    0.4025   -1233.2654  0.7251 
   00312    0.3925   -1225.3285  0.7093 
   00313    0.4025   -1189.5794  0.6933 
   00314    0.4075   -1200.1587  0.7010 
   00315    0.3800   -1190.5119  0.7147 
   00316    0.3600   -1208.6594  0.7221 
   00317    0.4250   -1223.8359  0.7051 
   00318    0.4050   -1210.5451  0.7144 
   00319    0.4050   -1191.9174  0.7105 
   00320    0.3975   -1189.1378  0.7068 
   00321    0.4400   -1195.2997  0.7014 
   00322    0.4100   -1183.7596  0.7053 
   00323    0.4050   -1187.5353  0.7003 
   00324    0.3750   -1182.8626  0.7047 
   00325    0.3900   -1202.0863  0.7251 
   00326    0.3925   -1216.1012  0.7314 
   00327    0.3925   -1187.9387  0.7203 
   00328    0.4150   -1201.0855  0.7378 
   00329    0.4050   -1181.6576  0.7489 
   00330    0.4725   -1172.7494  0.7500 
   00331    0.4475   -1133.6022  0.7104 
   00332    0.4325   -1110.2546  0.6968 
   00333    0.4475   -1113.3172  0.6916 
   00334    0.3900   -1140.8766  0.6971 
   00335    0.3850   -1128.9263  0.6928 
   00336    0.4225   -1163.8205  0.6778 
   00337    0.4075   -1185.0776  0.6783 
   00338    0.4375   -1169.9600  0.6583 
   00339    0.4050   -1162.0719  0.6459 
   00340    0.4400   -1167.1818  0.6435 
   00341    0.4125   -1139.6122  0.6281 
   00342    0.3750   -1131.4075  0.6232 
   00343    0.4350   -1139.8007  0.6309 
   00344    0.4100   -1123.5422  0.6174 
   00345    0.4575   -1128.2846  0.6133 
   00346    0.4500   -1125.5399  0.6141 
   00347    0.4275   -1123.5108  0.6036 
   00348    0.4050   -1133.1505  0.6175 
   00349    0.4100   -1143.9027  0.6243 
   00350    0.4350   -1155.1802  0.6382 
   00351    0.4125   -1172.3404  0.6451 
   00352    0.4025   -1167.0989  0.6459 
   00353    0.4025   -1194.2052  0.6531 
   00354    0.4125   -1180.5261  0.6368 
   00355    0.4125   -1171.5731  0.6250 
   00356    0.3975   -1183.0681  0.6223 
   00357    0.4125   -1156.4069  0.6281 
   00358    0.4325   -1159.4271  0.6374 
   00359    0.4125   -1158.7123  0.6567 
   00360    0.4475   -1171.5805  0.6718 
   00361    0.4500   -1195.2289  0.6887 
   00362    0.4100   -1212.9204  0.7089 
   00363    0.4000   -1194.5466  0.7089 
   00364    0.4075   -1219.5131  0.7048 
   00365    0.4025   -1210.7482  0.6962 
   00366    0.3750   -1198.4867  0.7017 
   00367    0.3750   -1212.2375  0.6984 
   00368    0.4450   -1189.9578  0.6945 
   00369    0.4300   -1205.1028  0.6703 
   00370    0.4200   -1209.8234  0.6834 
   00371    0.3750   -1200.6240  0.6857 
   00372    0.4200   -1210.8699  0.7011 
   00373    0.3875   -1208.5574  0.7137 
   00374    0.3825   -1216.9003  0.7233 
   00375    0.3950   -1243.5133  0.7359 
   00376    0.3850   -1245.7497  0.7389 
   00377    0.3975   -1255.0611  0.7383 
   00378    0.3575   -1261.9281  0.7447 
   00379    0.3950   -1266.4949  0.7390 
   00380    0.3675   -1276.0299  0.7407 
   00381    0.3850   -1238.2166  0.7102 
   00382    0.3625   -1253.4457  0.7292 
   00383    0.3900   -1258.8158  0.7305 
   00384    0.3600   -1246.3323  0.7442 
   00385    0.3900   -1214.9716  0.7419 
   00386    0.4025   -1214.9961  0.7679 
   00387    0.3950   -1219.9026  0.7738 
   00388    0.4100   -1226.2259  0.7855 
   00389    0.4150   -1202.0720  0.7753 
   00390    0.4000   -1229.7959  0.7795 
   00391    0.3625   -1239.1446  0.7840 
   00392    0.3800   -1245.4825  0.7856 
   00393    0.3725   -1239.7091  0.7881 
   00394    0.3875   -1218.1898  0.7807 
   00395    0.3800   -1249.3322  0.7767 
   00396    0.3550   -1255.9006  0.7826 
   00397    0.3750   -1261.5552  0.7774 
   00398    0.3750   -1237.1219  0.7718 
   00399    0.3700   -1218.9978  0.7553 
   00400    0.4000   -1214.6500  0.7311 
   00401    0.4000   -1240.1662  0.7461 
   00402    0.4250   -1238.2184  0.7498 
   00403    0.4325   -1221.3280  0.7438 
   00404    0.4075   -1198.1016  0.7266 
   00405    0.4675   -1189.0064  0.7135 
   00406    0.4225   -1174.6226  0.7068 
   00407    0.4675   -1174.8567  0.7153 
   00408    0.4200   -1171.9278  0.7114 
   00409    0.4000   -1176.7676  0.7142 
   00410    0.3875   -1187.1347  0.7252 
   00411    0.3800   -1192.9335  0.7278 
   00412    0.4100   -1187.9055  0.7216 
   00413    0.4125   -1171.9348  0.7079 
   00414    0.3800   -1132.9026  0.6946 
   00415    0.4400   -1137.1554  0.6805 
   00416    0.4225   -1139.6913  0.6973 
   00417    0.4175   -1154.8605  0.7047 
   00418    0.4000   -1196.2256  0.7112 
   00419    0.3975   -1204.8387  0.7191 
   00420    0.4475   -1194.4119  0.6993 
   00421    0.4025   -1182.8050  0.7097 
   00422    0.4350   -1149.7399  0.7013 
   00423    0.4100   -1187.3599  0.7178 
   00424    0.4250   -1199.5517  0.7340 
   00425    0.4225   -1183.8862  0.7045 
   00426    0.4725   -1195.1550  0.7007 
   00427    0.4425   -1205.7401  0.7070 
   00428    0.4050   -1202.2265  0.7255 
   00429    0.4300   -1203.4538  0.7417 
   00430    0.3925   -1196.8505  0.7283 
   00431    0.4125   -1228.1499  0.7365 
   00432    0.4125   -1234.7213  0.7456 
   00433    0.4325   -1222.3567  0.7520 
   00434    0.4250   -1191.9076  0.7465 
   00435    0.3275   -1213.8217  0.7639 
   00436    0.4425   -1198.8378  0.7566 
   00437    0.4125   -1194.4356  0.7642 
   00438    0.4425   -1192.2848  0.7662 
   00439    0.3625   -1230.1769  0.7722 
   00440    0.3900   -1250.4606  0.7685 
   00441    0.4300   -1217.1679  0.7547 
   00442    0.4000   -1234.5387  0.7632 
   00443    0.4075   -1231.3170  0.7652 
   00444    0.4000   -1239.3722  0.7708 
   00445    0.4125   -1243.8250  0.7731 
   00446    0.4100   -1267.5946  0.7893 
   00447    0.4150   -1248.0056  0.7831 
   00448    0.3775   -1245.3079  0.7829 
   00449    0.4000   -1214.3819  0.7796 
   00450    0.3950   -1191.0072  0.7653 
   00451    0.4175   -1199.6284  0.7691 
   00452    0.3875   -1247.5866  0.7694 
   00453    0.4425   -1226.7444  0.7606 
   00454    0.3725   -1206.8712  0.7555 
   00455    0.4175   -1176.8843  0.7651 
   00456    0.4450   -1200.2838  0.7684 
   00457    0.3325   -1183.8799  0.7622 
   00458    0.4325   -1158.4310  0.7465 
   00459    0.4450   -1172.9626  0.7718 
   00460    0.4250   -1166.3620  0.7695 
   00461    0.4225   -1147.1511  0.7606 
   00462    0.4475   -1164.3753  0.7622 
   00463    0.4050   -1182.3046  0.7695 
   00464    0.4325   -1142.5557  0.7501 
   00465    0.4425   -1126.4427  0.7288 
   00466    0.4175   -1105.3103  0.7277 
   00467    0.4525   -1142.0551  0.7209 
   00468    0.4025   -1150.8535  0.7277 
   00469    0.4550   -1139.6691  0.7117 
   00470    0.4225   -1129.5731  0.7005 
   00471    0.4025   -1118.7108  0.7027 
   00472    0.4100   -1125.6827  0.7163 
   00473    0.4250   -1159.2503  0.7428 
   00474    0.4100   -1170.8575  0.7526 
   00475    0.4225   -1181.2970  0.7608 
   00476    0.4350   -1188.5482  0.7614 
   00477    0.3650   -1175.1375  0.7618 
   00478    0.4175   -1168.6796  0.7610 
   00479    0.3800   -1156.1710  0.7520 
   00480    0.4050   -1146.6140  0.7682 
   00481    0.4425   -1162.5132  0.7840 
   00482    0.4400   -1219.5563  0.7950 
   00483    0.3975   -1239.2855  0.8011 
   00484    0.4125   -1225.7607  0.7880 
   00485    0.3875   -1197.9322  0.7867 
   00486    0.4525   -1212.3160  0.7802 
   00487    0.4250   -1226.0843  0.7690 
   00488    0.3975   -1193.6941  0.7729 
   00489    0.3950   -1211.3589  0.7696 
   00490    0.4025   -1191.7660  0.7615 
   00491    0.4475   -1230.4080  0.7684 
   00492    0.3700   -1226.8116  0.7655 
   00493    0.3900   -1240.4803  0.7664 
   00494    0.3525   -1232.4638  0.7675 
   00495    0.3750   -1237.9024  0.7822 
   00496    0.3550   -1242.1773  0.7991 
   00497    0.3700   -1220.1132  0.7785 
   00498    0.3950   -1203.8685  0.7642 
   00499    0.3800   -1208.6360  0.7675 
   00500    0.4025   -1204.7961  0.7582 
   00501    0.3750   -1202.2529  0.7611 
   00502    0.4100   -1233.7790  0.7702 
   00503    0.3775   -1223.8537  0.7680 
   00504    0.3875   -1232.1059  0.7675 
   00505    0.3950   -1243.9261  0.7777 
   00506    0.4025   -1225.9650  0.7622 
   00507    0.3975   -1230.7198  0.7638 
   00508    0.3800   -1236.9224  0.7754 
   00509    0.4075   -1196.3561  0.7615 
   00510    0.4050   -1196.4514  0.7537 
   00511    0.4000   -1206.5022  0.7782 
   00512    0.4250   -1212.9154  0.7779 
   00513    0.4000   -1239.2334  0.7857 
   00514    0.3650   -1241.1464  0.7910 
   00515    0.3575   -1245.0569  0.7959 
   00516    0.4025   -1243.8327  0.7948 
   00517    0.4225   -1215.6128  0.7782 
   00518    0.3800   -1210.6122  0.7759 
   00519    0.4250   -1182.6005  0.7539 
   00520    0.4150   -1166.1737  0.7656 
   00521    0.3925   -1168.5793  0.7476 
   00522    0.3750   -1188.2691  0.7545 
   00523    0.4000   -1193.7904  0.7559 
   00524    0.3675   -1198.5761  0.7494 
   00525    0.4200   -1197.6214  0.7493 
   00526    0.4025   -1189.9051  0.7534 
   00527    0.3925   -1197.0379  0.7500 
   00528    0.4025   -1183.0695  0.7239 
   00529    0.3875   -1158.5527  0.7174 
   00530    0.4375   -1210.5806  0.7251 
   00531    0.4300   -1187.3684  0.7310 
   00532    0.4175   -1167.6214  0.7193 
   00533    0.4000   -1161.5654  0.7365 
   00534    0.4325   -1178.4324  0.7413 
   00535    0.4325   -1183.7377  0.7399 
   00536    0.4175   -1175.8441  0.7272 
   00537    0.3950   -1204.3573  0.7489 
   00538    0.4075   -1198.5964  0.7511 
   00539    0.4075   -1195.4507  0.7617 
   00540    0.4250   -1220.0173  0.7648 
   00541    0.4325   -1215.3529  0.7653 
   00542    0.3950   -1211.4740  0.7686 
   00543    0.4025   -1220.8180  0.7811 
   00544    0.3900   -1219.8515  0.7815 
   00545    0.4000   -1216.6388  0.7879 
   00546    0.3825   -1205.1952  0.7865 
   00547    0.3975   -1236.9193  0.7936 
   00548    0.4200   -1245.1355  0.7887 
   00549    0.4000   -1206.5395  0.7603 
   00550    0.3900   -1235.7015  0.7717 
   00551    0.3975   -1206.3463  0.7580 
   00552    0.4025   -1230.0519  0.7621 
   00553    0.4475   -1229.3430  0.7590 
   00554    0.3525   -1213.7866  0.7616 
   00555    0.4275   -1192.1882  0.7486 
   00556    0.3725   -1205.9705  0.7458 
   00557    0.3850   -1202.5308  0.7570 
   00558    0.3825   -1186.1328  0.7516 
   00559    0.4150   -1172.9999  0.7322 
   00560    0.4375   -1167.7931  0.7183 
   00561    0.4175   -1156.9818  0.7027 
   00562    0.4200   -1164.2640  0.7350 
   00563    0.4025   -1160.0916  0.7422 
   00564    0.4075   -1186.6597  0.7598 
   00565    0.4125   -1166.9979  0.7513 
   00566    0.4600   -1185.4651  0.7467 
   00567    0.4525   -1214.6064  0.7390 
   00568    0.3925   -1210.9873  0.7448 
   00569    0.3975   -1230.0048  0.7557 
   00570    0.4200   -1209.9817  0.7464 
   00571    0.3450   -1222.0160  0.7421 
   00572    0.3900   -1230.3028  0.7533 
   00573    0.3900   -1235.8394  0.7453 
   00574    0.3825   -1223.4927  0.7283 
   00575    0.3875   -1224.0710  0.7269 
   00576    0.4075   -1234.1985  0.7447 
   00577    0.4050   -1241.6705  0.7399 
   00578    0.4375   -1215.9369  0.7379 
   00579    0.4225   -1215.7455  0.7224 
   00580    0.3950   -1203.7090  0.7228 
   00581    0.4300   -1199.9221  0.7445 
   00582    0.4050   -1204.3686  0.7332 
   00583    0.4475   -1190.7561  0.7185 
   00584    0.3975   -1208.7124  0.7002 
   00585    0.4325   -1178.9934  0.6993 
   00586    0.4050   -1199.6253  0.7223 
   00587    0.3900   -1207.6488  0.7195 
   00588    0.4100   -1231.2061  0.7342 
   00589    0.3350   -1212.4830  0.7274 
   00590    0.4250   -1212.1467  0.7311 
   00591    0.3950   -1192.6467  0.7293 
   00592    0.3375   -1184.9308  0.7296 
   00593    0.3775   -1189.1553  0.7262 
   00594    0.4500   -1226.6017  0.7396 
   00595    0.4325   -1233.4410  0.7424 
   00596    0.3525   -1224.7150  0.7279 
   00597    0.4100   -1240.5573  0.7346 
   00598    0.4000   -1241.6631  0.7412 
   00599    0.3975   -1195.9850  0.7264 
   00600    0.4175   -1198.1251  0.7217 
   00601    0.4775   -1191.4125  0.7394 
   00602    0.4250   -1184.4077  0.7430 
   00603    0.4075   -1216.6643  0.7448 
   00604    0.4450   -1219.3248  0.7582 
   00605    0.4275   -1212.7888  0.7457 
   00606    0.3700   -1229.8072  0.7698 
   00607    0.3800   -1246.1066  0.7752 
   00608    0.3550   -1235.9064  0.7635 
   00609    0.4300   -1244.7231  0.7501 
   00610    0.3975   -1214.0669  0.7423 
   00611    0.4275   -1222.9003  0.7383 
   00612    0.4275   -1210.6374  0.7310 
   00613    0.4300   -1229.9604  0.7431 
   00614    0.3525   -1220.7833  0.7277 
   00615    0.3800   -1221.6809  0.7256 
   00616    0.4050   -1248.2497  0.7337 
   00617    0.3900   -1216.8418  0.7277 
   00618    0.3950   -1212.1333  0.7456 
   00619    0.4175   -1219.3482  0.7459 
   00620    0.4200   -1233.2245  0.7345 
   00621    0.4000   -1232.0242  0.7452 
   00622    0.3975   -1216.8874  0.7414 
   00623    0.4200   -1226.7939  0.7595 
   00624    0.4075   -1226.8820  0.7642 
   00625    0.3925   -1222.4688  0.7556 
   00626    0.3650   -1248.7766  0.7655 
   00627    0.3875   -1230.9693  0.7617 
   00628    0.4475   -1218.0477  0.7530 
   00629    0.3875   -1232.1043  0.7589 
   00630    0.4175   -1215.0401  0.7363 
   00631    0.3950   -1231.0047  0.7533 
   00632    0.3675   -1218.2096  0.7533 
   00633    0.3975   -1208.6346  0.7512 
   00634    0.3550   -1203.5565  0.7413 
   00635    0.4100   -1195.9817  0.7268 
   00636    0.4375   -1194.3325  0.7457 
   00637    0.4050   -1194.5092  0.7475 
   00638    0.4025   -1172.9342  0.7248 
   00639    0.4150   -1198.7461  0.7288 
   00640    0.4425   -1198.2080  0.7366 
   00641    0.4075   -1199.4326  0.7416 
   00642    0.4200   -1223.4954  0.7691 
   00643    0.4325   -1197.4014  0.7846 
   00644    0.3500   -1211.8253  0.7862 
   00645    0.4100   -1187.3128  0.7845 
   00646    0.4250   -1228.0107  0.7941 
   00647    0.3925   -1251.8192  0.7940 
   00648    0.3725   -1250.4338  0.7947 
   00649    0.3700   -1252.3613  0.8030 
   00650    0.3575   -1220.6983  0.7977 
   00651    0.3950   -1229.3508  0.7943 
   00652    0.3500   -1260.2577  0.8131 
   00653    0.3800   -1243.3613  0.8007 
   00654    0.3875   -1257.7865  0.8117 
   00655    0.3825   -1244.1616  0.7920 
   00656    0.3925   -1213.6833  0.7825 
   00657    0.4125   -1215.0940  0.7718 
   00658    0.3900   -1245.9644  0.7973 
   00659    0.4250   -1248.0301  0.8033 
   00660    0.3975   -1245.3368  0.8019 
   00661    0.4325   -1235.9146  0.7905 
   00662    0.4000   -1217.8580  0.7764 
   00663    0.3825   -1222.5863  0.7746 
   00664    0.3850   -1224.7361  0.7798 
   00665    0.3750   -1221.0719  0.7894 
   00666    0.3700   -1207.4052  0.7794 
   00667    0.4150   -1232.4289  0.7946 
   00668    0.4275   -1219.5099  0.7858 
   00669    0.4150   -1231.9289  0.7848 
   00670    0.3525   -1237.4901  0.7929 
   00671    0.3875   -1227.0440  0.7820 
   00672    0.4150   -1215.6768  0.7733 
   00673    0.4100   -1239.1227  0.7844 
   00674    0.3650   -1229.3849  0.7749 
   00675    0.3925   -1240.4015  0.7827 
   00676    0.4300   -1241.6231  0.7828 
   00677    0.4125   -1239.7559  0.7929 
   00678    0.3875   -1210.1854  0.7791 
   00679    0.3825   -1216.4567  0.7931 
   00680    0.4100   -1196.4357  0.7857 
   00681    0.4375   -1212.3696  0.8035 
   00682    0.3800   -1226.3165  0.8118 
   00683    0.4225   -1252.7406  0.8142 
   00684    0.3900   -1254.2930  0.8134 
   00685    0.4225   -1247.2339  0.8081 
   00686    0.4075   -1234.5376  0.8104 
   00687    0.4400   -1255.7822  0.8197 
   00688    0.3750   -1251.5890  0.8270 
   00689    0.3850   -1262.0558  0.8325 
   00690    0.4150   -1239.8247  0.8133 
   00691    0.4050   -1256.4065  0.8130 
   00692    0.3575   -1255.1899  0.8129 
   00693    0.4350   -1276.7454  0.8127 
   00694    0.3650   -1252.7887  0.8035 
   00695    0.3650   -1260.8953  0.8002 
   00696    0.3525   -1256.9870  0.7924 
   00697    0.3225   -1242.8708  0.7851 
   00698    0.3600   -1247.3674  0.7976 
   00699    0.3900   -1256.0357  0.7931 
   00700    0.3875   -1255.6541  0.7829 
   00701    0.3625   -1251.5510  0.7928 
   00702    0.4075   -1231.6985  0.7743 
   00703    0.3750   -1241.3758  0.7680 
   00704    0.4125   -1225.6971  0.7680 
   00705    0.3825   -1227.2966  0.7669 
   00706    0.4350   -1229.0636  0.7749 
   00707    0.4100   -1208.0159  0.7598 
   00708    0.4025   -1209.2443  0.7496 
   00709    0.4125   -1195.7736  0.7504 
   00710    0.4125   -1191.2264  0.7496 
   00711    0.3975   -1213.4380  0.7451 
   00712    0.4225   -1192.9629  0.7361 
   00713    0.4100   -1205.5264  0.7472 
   00714    0.3950   -1223.3526  0.7429 
   00715    0.4275   -1249.6593  0.7717 
   00716    0.4050   -1281.4107  0.7896 
   00717    0.4300   -1228.1859  0.7745 
   00718    0.4250   -1234.5137  0.7826 
   00719    0.4250   -1232.9298  0.7864 
   00720    0.3600   -1219.7478  0.7800 
   00721    0.3800   -1246.1698  0.7958 
   00722    0.3925   -1220.1954  0.7765 
   00723    0.3375   -1246.2742  0.7771 
   00724    0.3975   -1247.0842  0.7932 
   00725    0.3800   -1255.9041  0.8046 
   00726    0.3900   -1252.1491  0.8155 
   00727    0.3950   -1249.1777  0.8072 
   00728    0.3850   -1245.9453  0.7928 
   00729    0.3650   -1258.0071  0.7979 
   00730    0.3925   -1245.2353  0.7893 
   00731    0.3525   -1274.1184  0.8004 
   00732    0.4450   -1260.4044  0.7943 
   00733    0.4500   -1257.0277  0.7888 
   00734    0.3825   -1234.7428  0.7780 
   00735    0.3825   -1215.4741  0.7705 
   00736    0.3650   -1196.2634  0.7631 
   00737    0.4350   -1197.2897  0.7510 
   00738    0.4000   -1197.6250  0.7503 
   00739    0.4100   -1175.2634  0.7506 
   00740    0.4100   -1192.2830  0.7513 
   00741    0.3775   -1197.9840  0.7575 
   00742    0.4175   -1185.7315  0.7557 
   00743    0.3975   -1187.7764  0.7607 
   00744    0.4375   -1192.0037  0.7502 
   00745    0.4425   -1189.0220  0.7617 
   00746    0.4375   -1180.2383  0.7547 
   00747    0.3800   -1239.9784  0.7700 
   00748    0.4375   -1260.4922  0.7820 
   00749    0.3850   -1245.8201  0.7802 
   00750    0.4475   -1239.3658  0.7728 
   00751    0.4250   -1243.6700  0.7669 
   00752    0.4050   -1253.5603  0.7638 
   00753    0.3475   -1253.8745  0.7705 
   00754    0.4300   -1230.3238  0.7656 
   00755    0.4075   -1200.9006  0.7521 
   00756    0.4375   -1186.9189  0.7630 
   00757    0.4300   -1193.6156  0.7575 
   00758    0.3825   -1175.3837  0.7350 
   00759    0.4300   -1190.4328  0.7111 
   00760    0.4425   -1209.7134  0.7154 
   00761    0.3900   -1193.6452  0.7157 
   00762    0.4200   -1199.9768  0.7186 
   00763    0.4150   -1212.8590  0.7181 
   00764    0.4225   -1211.6294  0.7186 
   00765    0.3800   -1198.9229  0.7171 
   00766    0.4550   -1217.4978  0.7157 
   00767    0.3675   -1235.6488  0.7254 
   00768    0.4125   -1258.6537  0.7441 
   00769    0.4600   -1235.7633  0.7513 
   00770    0.4450   -1235.5316  0.7530 
   00771    0.4000   -1200.5348  0.7446 
   00772    0.4025   -1205.5953  0.7337 
   00773    0.4325   -1193.8730  0.7236 
   00774    0.4225   -1204.3417  0.7138 
   00775    0.3925   -1201.9889  0.7038 
   00776    0.3525   -1198.2881  0.7159 
   00777    0.4125   -1218.6758  0.7291 
   00778    0.3400   -1218.1830  0.7393 
   00779    0.4225   -1215.5023  0.7433 
   00780    0.4100   -1227.8322  0.7466 
   00781    0.4350   -1235.9972  0.7418 
   00782    0.3500   -1232.5751  0.7335 
   00783    0.4075   -1233.3129  0.7525 
   00784    0.3700   -1256.5287  0.7549 
   00785    0.3900   -1267.5947  0.7532 
   00786    0.3975   -1266.6769  0.7550 
   00787    0.3550   -1247.5074  0.7287 
   00788    0.3775   -1225.2987  0.7238 
   00789    0.4225   -1235.7257  0.7375 
   00790    0.3125   -1239.8449  0.7318 
   00791    0.3775   -1215.0624  0.7314 
   00792    0.4450   -1207.2333  0.7297 
   00793    0.4275   -1213.8543  0.7206 
   00794    0.3800   -1196.3146  0.7254 
   00795    0.4500   -1170.2834  0.7070 
   00796    0.4025   -1195.4806  0.7126 
   00797    0.4100   -1180.3037  0.7073 
   00798    0.3950   -1197.8912  0.6972 
   00799    0.4875   -1210.1500  0.7052 
   00800    0.4100   -1199.0262  0.7173 
   00801    0.4125   -1214.0730  0.7106 
   00802    0.3850   -1222.0583  0.6980 
   00803    0.4025   -1208.7638  0.7050 
   00804    0.3725   -1201.6049  0.7029 
   00805    0.4025   -1193.1007  0.7011 
   00806    0.4550   -1166.9225  0.6757 
   00807    0.4075   -1194.4736  0.7003 
   00808    0.3650   -1184.7167  0.6769 
   00809    0.4275   -1146.5946  0.6745 
   00810    0.4175   -1173.3837  0.6723 
   00811    0.4025   -1205.8254  0.6916 
   00812    0.4250   -1178.2440  0.6865 
   00813    0.4175   -1182.7944  0.7059 
   00814    0.3825   -1164.5078  0.6923 
   00815    0.3900   -1179.8114  0.6982 
   00816    0.3700   -1179.0697  0.7102 
   00817    0.4375   -1173.8216  0.7004 
   00818    0.4225   -1187.9788  0.7283 
   00819    0.4350   -1177.7211  0.7014 
   00820    0.4175   -1179.8565  0.7014 
   00821    0.4250   -1180.0659  0.6971 
   00822    0.3775   -1185.1664  0.7101 
   00823    0.3900   -1183.2160  0.6854 
   00824    0.4200   -1168.6386  0.6760 
   00825    0.4150   -1172.1554  0.6782 
   00826    0.4050   -1176.7133  0.6955 
   00827    0.3925   -1170.1517  0.6992 
   00828    0.4025   -1185.4297  0.7018 
   00829    0.4425   -1202.8652  0.7263 
   00830    0.3775   -1163.2466  0.7109 
   00831    0.4250   -1143.9969  0.7111 
   00832    0.3925   -1139.2672  0.6907 
   00833    0.4500   -1150.7361  0.6776 
   00834    0.3925   -1165.6941  0.6904 
   00835    0.4175   -1171.9625  0.7004 
   00836    0.4075   -1213.2385  0.7094 
   00837    0.4325   -1226.5255  0.7216 
   00838    0.3725   -1232.9938  0.7198 
   00839    0.4225   -1232.3318  0.7288 
   00840    0.4425   -1202.5252  0.7308 
   00841    0.4175   -1213.1530  0.7229 
   00842    0.3850   -1202.5881  0.7141 
   00843    0.4075   -1193.8242  0.7158 
   00844    0.3875   -1208.8835  0.7194 
   00845    0.3950   -1228.9317  0.7308 
   00846    0.4125   -1248.4366  0.7552 
   00847    0.4175   -1227.1337  0.7430 
   00848    0.4050   -1227.8857  0.7359 
   00849    0.4600   -1181.3440  0.7254 
   00850    0.4300   -1171.7335  0.7120 
   00851    0.3975   -1185.6241  0.7091 
   00852    0.4275   -1206.4018  0.6985 
   00853    0.3800   -1211.8786  0.7159 
   00854    0.4025   -1235.8675  0.7316 
   00855    0.3875   -1222.7544  0.7300 
   00856    0.4050   -1214.2114  0.7288 
   00857    0.4225   -1222.7786  0.7457 
   00858    0.4200   -1215.5754  0.7360 
   00859    0.4250   -1207.6485  0.7425 
   00860    0.4450   -1195.0279  0.7344 
   00861    0.4100   -1191.0950  0.7277 
   00862    0.3800   -1192.2421  0.7410 
   00863    0.3775   -1195.5032  0.7536 
   00864    0.4425   -1166.3147  0.7354 
   00865    0.4625   -1180.7992  0.7296 
   00866    0.4500   -1180.1097  0.7414 
   00867    0.4200   -1189.9309  0.7469 
   00868    0.3925   -1181.4879  0.7396 
   00869    0.4225   -1185.5383  0.7556 
   00870    0.4350   -1217.5581  0.7715 
   00871    0.4050   -1197.6693  0.7636 
   00872    0.4350   -1182.2310  0.7472 
   00873    0.4050   -1157.5688  0.7203 
   00874    0.4575   -1184.7984  0.7337 
   00875    0.4400   -1211.7016  0.7408 
   00876    0.4250   -1209.3418  0.7532 
   00877    0.3825   -1258.1879  0.7769 
   00878    0.4025   -1251.2257  0.7803 
   00879    0.3725   -1257.1172  0.7868 
   00880    0.4450   -1232.3177  0.7803 
   00881    0.3950   -1214.4345  0.7699 
   00882    0.3950   -1235.2623  0.7714 
   00883    0.3975   -1227.7815  0.7530 
   00884    0.4075   -1211.0874  0.7486 
   00885    0.4125   -1188.8123  0.7318 
   00886    0.3800   -1193.7854  0.7148 
   00887    0.4325   -1222.1122  0.7158 
   00888    0.4325   -1220.1095  0.7301 
   00889    0.3600   -1233.0205  0.7264 
   00890    0.4100   -1250.1428  0.7488 
   00891    0.4150   -1222.8149  0.7517 
   00892    0.3625   -1219.9358  0.7374 
   00893    0.4375   -1180.9474  0.7169 
   00894    0.4375   -1166.9183  0.7132 
   00895    0.4300   -1180.3439  0.6897 
   00896    0.4375   -1181.1051  0.6754 
   00897    0.4325   -1172.5306  0.6805 
   00898    0.4000   -1187.1569  0.6616 
   00899    0.4175   -1186.8914  0.6630 
   00900    0.4500   -1166.9835  0.6422 
   00901    0.4100   -1177.8218  0.6390 
   00902    0.4150   -1154.1679  0.6243 
   00903    0.4075   -1139.6970  0.6385 
   00904    0.3925   -1189.8610  0.6562 
   00905    0.4225   -1181.8273  0.6525 
   00906    0.4225   -1206.7533  0.6785 
   00907    0.3975   -1190.2714  0.6762 
   00908    0.4600   -1197.0287  0.6775 
   00909    0.4250   -1203.5701  0.6936 
   00910    0.4125   -1211.8164  0.6875 
   00911    0.3850   -1217.4828  0.6992 
   00912    0.3875   -1212.0623  0.7004 
   00913    0.3475   -1220.6198  0.6918 
   00914    0.3925   -1218.2948  0.6991 
   00915    0.3675   -1210.3133  0.7101 
   00916    0.4000   -1205.3891  0.7051 
   00917    0.3925   -1217.8012  0.7018 
   00918    0.4075   -1218.9017  0.7144 
   00919    0.4275   -1238.9138  0.7038 
   00920    0.3950   -1235.8743  0.6905 
   00921    0.3875   -1205.0906  0.6912 
   00922    0.3950   -1202.8080  0.7010 
   00923    0.3900   -1239.2472  0.7084 
   00924    0.4250   -1226.7259  0.7193 
   00925    0.4075   -1206.1708  0.6875 
   00926    0.3975   -1191.2951  0.6862 
   00927    0.4100   -1217.1836  0.6918 
   00928    0.3725   -1230.8645  0.6940 
   00929    0.4025   -1240.8253  0.7154 
   00930    0.3900   -1255.4124  0.7059 
   00931    0.3600   -1242.0542  0.7053 
   00932    0.4125   -1252.6526  0.7106 
   00933    0.3625   -1221.9647  0.7003 
   00934    0.3975   -1216.7585  0.6931 
   00935    0.4425   -1176.7041  0.6881 
   00936    0.4500   -1209.5234  0.6881 
   00937    0.4450   -1193.4237  0.6804 
   00938    0.4325   -1200.8400  0.6864 
   00939    0.4025   -1218.3915  0.6819 
   00940    0.4375   -1240.0010  0.7199 
   00941    0.3725   -1254.6075  0.7252 
   00942    0.3350   -1241.7380  0.7378 
   00943    0.3700   -1241.9984  0.7531 
   00944    0.3775   -1243.2940  0.7571 
   00945    0.3850   -1243.2899  0.7533 
   00946    0.3650   -1232.1209  0.7401 
   00947    0.3950   -1195.5207  0.7518 
   00948    0.4025   -1195.4528  0.7562 
   00949    0.3825   -1199.2831  0.7631 
   00950    0.4125   -1164.0174  0.7467 
   00951    0.3850   -1166.9884  0.7295 
   00952    0.3800   -1202.2686  0.7361 
   00953    0.4475   -1208.2204  0.7351 
   00954    0.4050   -1193.7266  0.7262 
   00955    0.3850   -1175.5503  0.7226 
   00956    0.4325   -1193.5892  0.7121 
   00957    0.3975   -1161.9349  0.7148 
   00958    0.4350   -1171.1924  0.7233 
   00959    0.4475   -1182.8416  0.7151 
   00960    0.4650   -1170.0798  0.7185 
   00961    0.3900   -1162.9032  0.7158 
   00962    0.4125   -1155.7112  0.7201 
   00963    0.4500   -1200.1660  0.7422 
   00964    0.4050   -1212.5693  0.7470 
   00965    0.4200   -1225.9230  0.7469 
   00966    0.3750   -1256.7714  0.7668 
   00967    0.4100   -1266.6896  0.7875 
   00968    0.3800   -1265.3891  0.7794 
   00969    0.3750   -1244.3252  0.7696 
   00970    0.4000   -1242.5419  0.7694 
   00971    0.3950   -1261.1316  0.7738 
   00972    0.3925   -1292.8357  0.7718 
   00973    0.4125   -1270.3994  0.7787 
   00974    0.4125   -1265.6760  0.7696 
   00975    0.3750   -1245.9571  0.7707 
   00976    0.3825   -1256.1164  0.7684 
   00977    0.4300   -1237.6243  0.7633 
   00978    0.4050   -1236.0074  0.7605 
   00979    0.3825   -1222.3150  0.7441 
   00980    0.3750   -1205.9689  0.7342 
   00981    0.3775   -1190.8908  0.7406 
   00982    0.4125   -1168.7498  0.7300 
   00983    0.4075   -1201.7513  0.7363 
   00984    0.3425   -1184.6648  0.7253 
   00985    0.4275   -1160.4719  0.7133 
   00986    0.3625   -1208.9739  0.7229 
   00987    0.4050   -1190.8368  0.6970 
   00988    0.4300   -1194.7639  0.6988 
   00989    0.4450   -1171.3797  0.6848 
   00990    0.3825   -1176.9238  0.7010 
   00991    0.4125   -1179.7732  0.7017 
   00992    0.3875   -1208.2117  0.6977 
   00993    0.4100   -1216.3206  0.7044 
   00994    0.3725   -1221.9275  0.7160 
   00995    0.4325   -1229.4616  0.7243 
   00996    0.3800   -1240.1924  0.7354 
   00997    0.3950   -1228.6378  0.7400 
   00998    0.4175   -1237.0862  0.7387 
   00999    0.3875   -1227.3989  0.7352 
   01000    0.3900   -1233.0862  0.7237 
