#=====================================================
# File created:        Wed-05-Nov-2025-at-05-12-35AM
# Size of lattice:     140x140
# Number of MC steps:  1000
# Reduced temperature: 0.500
# Run time (s):        7.681527
#=====================================================
# MC step:  Ratio:     Energy:   Order:
#=====================================================
   00000    0.5000  -19744.5942  0.2529 
   00001    0.6790  -29169.0676  0.2540 
   00002    0.6253  -35323.7075  0.2543 
   00003    0.5846  -39715.2829  0.2552 
   00004    0.5482  -43034.2190  0.2583 
   00005    0.5339  -45615.2648  0.2592 
   00006    0.5194  -47975.1242  0.2579 
   00007    0.5077  -49880.4953  0.2572 
   00008    0.4981  -51342.0549  0.2557 
   00009    0.4901  -52610.6691  0.2563 
   00010    0.4842  -53727.0154  0.2560 
   00011    0.4736  -54730.7847  0.2532 
   00012    0.4713  -55435.8280  0.2502 
   00013    0.4747  -56132.2327  0.2511 
   00014    0.4659  -56819.1226  0.2562 
   00015    0.4594  -57397.2635  0.2590 
   00016    0.4547  -58002.3765  0.2593 
   00017    0.4508  -58455.6651  0.2599 
   00018    0.4533  -58811.6794  0.2592 
   00019    0.4454  -59280.3222  0.2592 
   00020    0.4485  -59670.7696  0.2568 
   00021    0.4417  -59971.3059  0.2572 
   00022    0.4446  -60235.4325  0.2579 
   00023    0.4381  -60425.9575  0.2582 
   00024    0.4401  -60610.6420  0.2576 
   00025    0.4367  -60842.1834  0.2591 
   00026    0.4337  -61173.4718  0.2597 
   00027    0.4347  -61433.0444  0.2600 
   00028    0.4354  -61659.8076  0.2599 
   00029    0.4383  -61784.8217  0.2582 
   00030    0.4331  -61960.3910  0.2587 
   00031    0.4273  -62093.5673  0.2577 
   00032    0.4319  -62180.4164  0.2527 
   00033    0.4356  -62209.0785  0.2546 
   00034    0.4378  -62320.6898  0.2521 
   00035    0.4293  -62455.6739  0.2527 
   00036    0.4301  -62651.8963  0.2542 
   00037    0.4266  -62687.2903  0.2525 
   00038    0.4341  -62632.3927  0.2555 
   00039    0.4320  -62773.8474  0.2554 
   00040    0.4307  -62850.4756  0.2545 
   00041    0.4281  -63087.0121  0.2564 
   00042    0.4376  -63080.0808  0.2597 
   00043    0.4297  -63250.7024  0.2584 
   00044    0.4285  -63331.2311  0.2580 
   00045    0.4259  -63553.2636  0.2594 
   00046    0.4288  -63505.0972  0.2590 
   00047    0.4310  -63649.2276  0.2613 
   00048    0.4261  -63699.3974  0.2615 
   00049    0.4279  -63660.6080  0.2609 
   00050    0.4310  -63655.6938  0.2624 
   00051    0.4265  -63687.2016  0.2630 
   00052    0.4296  -63659.9169  0.2635 
   00053    0.4271  -63902.8165  0.2621 
   00054    0.4188  -64036.5149  0.2627 
   00055    0.4218  -64112.2629  0.2626 
   00056    0.4226  -64183.0201  0.2628 
   00057    0.4281  -64244.3320  0.2614 
   00058    0.4280  -64422.3104  0.2611 
   00059    0.4188  -64298.8095  0.2607 
   00060    0.4189  -64301.9874  0.2589 
   00061    0.4167  -64300.6632  0.2598 
   00062    0.4231  -64339.2563  0.2608 
   00063    0.4240  -64344.5861  0.2589 
   00064    0.4190  -64465.4141  0.2587 
   00065    0.4247  -64520.4955  0.2601 
   00066    0.4226  -64412.5689  0.2612 
   00067    0.4247  -64452.0644  0.2599 
   00068    0.4152  -64514.1356  0.2610 
   00069    0.4183  -64454.1681  0.2620 
   00070    0.4265  -64443.5980  0.2622 
   00071    0.4226  -64494.5935  0.2614 
   00072    0.4244  -64337.0820  0.2620 
   00073    0.4213  -64347.6330  0.2624 
   00074    0.4291  -64575.3270  0.2610 
   00075    0.4148  -64680.7755  0.2595 
   00076    0.4195  -64765.7187  0.2591 
   00077    0.4191  -64804.6595  0.2607 
   00078    0.4287  -65040.2681  0.2562 
   00079    0.4201  -65018.0202  0.2547 
   00080    0.4255  -64931.9625  0.2555 
   00081    0.4198  -64977.8970  0.2574 
   00082    0.4204  -64839.4614  0.2586 
   00083    0.4195  -64868.4034  0.2590 
   00084    0.4207  -64812.8905  0.2591 
   00085    0.4263  -64946.9642  0.2589 
   00086    0.4184  -64954.9224  0.2562 
   00087    0.4155  -64957.8011  0.2547 
   00088    0.4252  -64813.0690  0.2570 
   00089    0.4187  -64898.6786  0.2577 
   00090    0.4165  -65002.3939  0.2583 
   00091    0.4218  -65045.9298  0.2591 
   00092    0.4204  -64942.7656  0.2570 
   00093    0.4171  -65124.1489  0.2557 
   00094    0.4218  -65139.9379  0.2557 
   00095    0.4162  -65127.0752  0.2581 
   00096    0.4193  -65142.8280  0.2587 
   00097    0.4222  -65292.9596  0.2612 
   00098    0.4182  -65208.1693  0.2633 
   00099    0.4193  -65245.4721  0.2633 
   00100    0.4189  -65243.4442  0.2612 
   00101    0.4234  -65307.1694  0.2611 
   00102    0.4184  -65400.4219  0.2616 
   00103    0.4196  -65479.6876  0.2610 
   00104    0.4155  -65550.5851  0.2619 
   00105    0.4132  -65488.0253  0.2610 
   00106    0.4197  -65509.9089  0.2614 
   00107    0.4142  -65375.2094  0.2615 
   00108    0.4174  -65442.8424  0.2600 
   00109    0.4174  -65428.5836  0.2616 
   00110    0.4235  -65379.9672  0.2594 
   00111    0.4169  -65298.3240  0.2629 
   00112    0.4124  -65380.9603  0.2625 
   00113    0.4153  -65475.6311  0.2644 
   00114    0.4123  -65335.7683  0.2650 
   00115    0.4206  -65354.6859  0.2650 
   00116    0.4186  -65333.6411  0.2655 
   00117    0.4219  -65287.5988  0.2668 
   00118    0.4135  -65252.1507  0.2670 
   00119    0.4218  -65201.9026  0.2682 
   00120    0.4157  -65227.3045  0.2680 
   00121    0.4233  -65273.7624  0.2642 
   00122    0.4176  -65368.2920  0.2634 
   00123    0.4221  -65321.3910  0.2642 
   00124    0.4216  -65277.6735  0.2633 
   00125    0.4186  -65297.1298  0.2649 
   00126    0.4149  -65419.5747  0.2691 
   00127    0.4137  -65329.9921  0.2676 
   00128    0.4188  -65472.8859  0.2682 
   00129    0.4175  -65364.3991  0.2672 
   00130    0.4272  -65321.8338  0.2674 
   00131    0.4140  -65437.1694  0.2648 
   00132    0.4166  -65640.7438  0.2614 
   00133    0.4216  -65633.9631  0.2595 
   00134    0.4207  -65553.5914  0.2598 
   00135    0.4110  -65520.7412  0.2626 
   00136    0.4120  -65662.2030  0.2632 
   00137    0.4165  -65654.2968  0.2647 
   00138    0.4148  -65491.5992  0.2671 
   00139    0.4171  -65659.5959  0.2646 
   00140    0.4169  -65544.8810  0.2658 
   00141    0.4148  -65684.2341  0.2666 
   00142    0.4206  -65745.3038  0.2647 
   00143    0.4183  -65759.8692  0.2645 
   00144    0.4096  -65767.5513  0.2637 
   00145    0.4149  -65734.3108  0.2627 
   00146    0.4164  -65701.7333  0.2637 
   00147    0.4108  -65791.2466  0.2636 
   00148    0.4162  -65699.0132  0.2599 
   00149    0.4119  -65704.4171  0.2622 
   00150    0.4167  -65775.7303  0.2629 
   00151    0.4117  -65707.9725  0.2650 
   00152    0.4132  -65693.9802  0.2654 
   00153    0.4123  -65677.8887  0.2673 
   00154    0.4115  -65833.9502  0.2674 
   00155    0.4105  -65817.2457  0.2686 
   00156    0.4177  -65746.9207  0.2689 
   00157    0.4147  -65831.1183  0.2689 
   00158    0.4134  -65859.2774  0.2661 
   00159    0.4207  -65818.3725  0.2652 
   00160    0.4078  -65877.5138  0.2672 
   00161    0.4119  -65973.0948  0.2679 
   00162    0.4103  -65897.2265  0.2674 
   00163    0.4136  -65791.0635  0.2691 
   00164    0.4160  -65773.2334  0.2694 
   00165    0.4144  -65827.7641  0.2729 
   00166    0.4140  -65878.8536  0.2744 
   00167    0.4203  -65769.0251  0.2755 
   00168    0.4108  -65839.8365  0.2750 
   00169    0.4131  -65839.8491  0.2761 
   00170    0.4128  -65809.6593  0.2733 
   00171    0.4169  -65952.5017  0.2742 
   00172    0.4136  -65953.1495  0.2734 
   00173    0.4179  -65836.7525  0.2731 
   00174    0.4154  -65646.6991  0.2724 
   00175    0.4145  -65664.5623  0.2713 
   00176    0.4228  -65626.4176  0.2728 
   00177    0.4175  -65750.2210  0.2743 
   00178    0.4187  -65706.0863  0.2734 
   00179    0.4167  -65711.8236  0.2702 
   00180    0.4180  -65785.0775  0.2712 
   00181    0.4137  -65761.9977  0.2708 
   00182    0.4166  -65800.4887  0.2739 
   00183    0.4167  -65726.8060  0.2745 
   00184    0.4163  -65760.0227  0.2745 
   00185    0.4183  -65828.0945  0.2754 
   00186    0.4138  -65777.1033  0.2743 
   00187    0.4181  -65882.8852  0.2732 
   00188    0.4173  -65886.1772  0.2731 
   00189    0.4148  -65924.3722  0.2716 
   00190    0.4108  -66067.9333  0.2721 
   00191    0.4197  -65941.5152  0.2713 
   00192    0.4199  -65921.8318  0.2710 
   00193    0.4119  -65984.9133  0.2735 
   00194    0.4139  -65983.7074  0.2736 
   00195    0.4167  -65919.0637  0.2756 
   00196    0.4231  -65891.3772  0.2767 
   00197    0.4152  -65915.4359  0.2793 
   00198    0.4185  -66080.4430  0.2772 
   00199    0.4151  -66071.8223  0.2780 
   00200    0.4110  -66059.5488  0.2793 
   00201    0.4161  -66002.3334  0.2799 
   00202    0.4117  -66001.5445  0.2815 
   00203    0.4130  -66075.7341  0.2838 
   00204    0.4149  -66075.6494  0.2827 
   00205    0.4155  -66127.3595  0.2842 
   00206    0.4163  -66149.6543  0.2837 
   00207    0.4120  -66080.5651  0.2837 
   00208    0.4128  -66167.7339  0.2840 
   00209    0.4129  -66218.5066  0.2841 
   00210    0.4175  -66241.8288  0.2844 
   00211    0.4128  -66169.3596  0.2821 
   00212    0.4117  -66131.5079  0.2832 
   00213    0.4111  -66153.0348  0.2832 
   00214    0.4144  -66087.6777  0.2818 
   00215    0.4153  -66151.4317  0.2797 
   00216    0.4174  -66183.9495  0.2808 
   00217    0.4159  -66154.4674  0.2816 
   00218    0.4098  -66276.3526  0.2823 
   00219    0.4168  -66110.5434  0.2825 
   00220    0.4182  -66090.1190  0.2836 
   00221    0.4101  -66153.0380  0.2845 
   00222    0.4160  -66255.8564  0.2841 
   00223    0.4181  -66307.5222  0.2825 
   00224    0.4088  -66233.9233  0.2832 
   00225    0.4120  -66210.4556  0.2837 
   00226    0.4118  -66222.4067  0.2827 
   00227    0.4106  -66308.8813  0.2842 
   00228    0.4159  -66279.0127  0.2829 
   00229    0.4150  -66337.3489  0.2820 
   00230    0.4089  -66166.8797  0.2814 
   00231    0.4178  -66274.7662  0.2825 
   00232    0.4122  -66310.3300  0.2819 
   00233    0.4160  -66251.1210  0.2840 
   00234    0.4113  -66240.2127  0.2813 
   00235    0.4141  -66178.4764  0.2832 
   00236    0.4130  -66097.5893  0.2821 
   00237    0.4201  -66113.5444  0.2830 
   00238    0.4078  -66181.7663  0.2818 
   00239    0.4140  -66120.8745  0.2832 
   00240    0.4146  -66140.3651  0.2834 
   00241    0.4041  -66104.7637  0.2855 
   00242    0.4142  -66168.9419  0.2872 
   00243    0.4180  -66166.6550  0.2899 
   00244    0.4092  -66206.6531  0.2891 
   00245    0.4133  -66230.4934  0.2881 
   00246    0.4197  -66256.5641  0.2860 
   00247    0.4138  -66331.6313  0.2849 
   00248    0.4146  -66315.7798  0.2854 
   00249    0.4141  -66325.7201  0.2849 
   00250    0.4141  -66309.6089  0.2829 
   00251    0.4140  -66442.6797  0.2814 
   00252    0.4177  -66298.1168  0.2812 
   00253    0.4103  -66276.2424  0.2813 
   00254    0.4078  -66259.6070  0.2820 
   00255    0.4129  -66270.3980  0.2818 
   00256    0.4133  -66260.2446  0.2814 
   00257    0.4166  -66267.0747  0.2803 
   00258    0.4176  -66296.0265  0.2798 
   00259    0.4157  -66227.8202  0.2784 
   00260    0.4095  -66167.9811  0.2772 
   00261    0.4180  -66257.2007  0.2792 
   00262    0.4104  -66180.8127  0.2794 
   00263    0.4189  -66215.8832  0.2793 
   00264    0.4092  -66113.6618  0.2799 
   00265    0.4120  -66220.8878  0.2798 
   00266    0.4130  -66318.0429  0.2796 
   00267    0.4142  -66360.4916  0.2783 
   00268    0.4125  -66314.0003  0.2779 
   00269    0.4133  -66351.0669  0.2787 
   00270    0.4119  -66160.8330  0.2800 
   00271    0.4209  -66245.8479  0.2809 
   00272    0.4146  -66164.3806  0.2816 
   00273    0.4162  -66238.3711  0.2818 
   00274    0.4127  -66233.1150  0.2814 
   00275    0.4176  -66323.3825  0.2819 
   00276    0.4178  -66358.1170  0.2836 
   00277    0.4124  -66243.0963  0.2874 
   00278    0.4164  -66285.3307  0.2885 
   00279    0.4088  -66287.3178  0.2890 
   00280    0.4175  -66370.2457  0.2881 
   00281    0.4154  -66390.6303  0.2888 
   00282    0.4126  -66301.5821  0.2872 
   00283    0.4106  -66332.6483  0.2871 
   00284    0.4193  -66314.5040  0.2865 
   00285    0.4124  -66385.5865  0.2858 
   00286    0.4134  -66306.0290  0.2855 
   00287    0.4132  -66331.8188  0.2871 
   00288    0.4110  -66330.5384  0.2860 
   00289    0.4084  -66413.2606  0.2900 
   00290    0.4149  -66360.8284  0.2885 
   00291    0.4139  -66275.9479  0.2878 
   00292    0.4129  -66266.5324  0.2879 
   00293    0.4180  -66294.6523  0.2878 
   00294    0.4077  -66302.6391  0.2861 
   00295    0.4101  -66430.0698  0.2879 
   00296    0.4186  -66273.7768  0.2881 
   00297    0.4129  -66255.7779  0.2888 
   00298    0.4147  -66258.2073  0.2899 
   00299    0.4156  -66340.8284  0.2887 
   00300    0.4141  -66357.6914  0.2869 
   00301    0.4107  -66345.0233  0.2857 
   00302    0.4163  -66202.2393  0.2869 
   00303    0.4146  -66216.2328  0.2874 
   00304    0.4140  -66246.2489  0.2875 
   00305    0.4157  -66141.5996  0.2862 
   00306    0.4132  -66146.7338  0.2884 
   00307    0.4144  -66061.4807  0.2888 
   00308    0.4118  -66233.9599  0.2890 
   00309    0.4176  -66130.7969  0.2860 
   00310    0.4140  -66188.7023  0.2844 
   00311    0.4182  -66381.5341  0.2848 
   00312    0.4099  -66299.1485  0.2856 
   00313    0.4122  -66476.5824  0.2844 
   00314    0.4097  -66300.3575  0.2838 
   00315    0.4119  -66384.5914  0.2817 
   00316    0.4134  -66377.1540  0.2825 
   00317    0.4178  -66376.7207  0.2828 
   00318    0.4134  -66355.1087  0.2832 
   00319    0.4152  -66304.6584  0.2834 
   00320    0.4155  -66426.5186  0.2825 
   00321    0.4147  -66425.1149  0.2840 
   00322    0.4158  -66444.2268  0.2849 
   00323    0.4135  -66479.9686  0.2853 
   00324    0.4138  -66396.1370  0.2855 
   00325    0.4148  -66318.5797  0.2843 
   00326    0.4065  -66268.0656  0.2864 
   00327    0.4171  -66332.1173  0.2891 
   00328    0.4117  -66330.2344  0.2885 
   00329    0.4155  -66317.5672  0.2893 
   00330    0.4116  -66359.9854  0.2891 
   00331    0.4140  -66419.9432  0.2873 
   00332    0.4165  -66372.4272  0.2873 
   00333    0.4106  -66358.3482  0.2872 
   00334    0.4164  -66351.5748  0.2907 
   00335    0.4144  -66234.6416  0.2894 
   00336    0.4149  -66196.7962  0.2903 
   00337    0.4144  -66194.7144  0.2903 
   00338    0.4126  -66211.8590  0.2908 
   00339    0.4096  -66238.6487  0.2893 
   00340    0.4135  -66321.6374  0.2893 
   00341    0.4083  -66247.8937  0.2905 
   00342    0.4172  -66219.8160  0.2930 
   00343    0.4132  -66299.5444  0.2943 
   00344    0.4145  -66240.8397  0.2960 
   00345    0.4129  -66411.1774  0.2951 
   00346    0.4139  -66463.6787  0.2955 
   00347    0.4160  -66426.7573  0.2941 
   00348    0.4075  -66422.8805  0.2941 
   00349    0.4096  -66323.5201  0.2964 
   00350    0.4107  -66298.2639  0.2958 
   00351    0.4237  -66215.8045  0.2951 
   00352    0.4134  -66422.3710  0.2934 
   00353    0.4151  -66483.0778  0.2935 
   00354    0.4064  -66475.5425  0.2937 
   00355    0.4129  -66456.3481  0.2937 
   00356    0.4112  -66550.3974  0.2930 
   00357    0.4110  -66504.5088  0.2953 
   00358    0.4138  -66451.7284  0.2969 
   00359    0.4156  -66466.7507  0.2995 
   00360    0.4112  -66422.0287  0.2981 
   00361    0.4135  -66489.8739  0.2984 
   00362    0.4108  -66534.2233  0.2984 
   00363    0.4067  -66558.7106  0.2982 
   00364    0.4119  -66605.3474  0.2988 
   00365    0.4100  -66605.3848  0.2999 
   00366    0.4062  -66608.7202  0.3007 
   00367    0.4145  -66598.6086  0.2997 
   00368    0.4087  -66643.1464  0.2995 
   00369    0.4103  -66525.9902  0.3008 
   00370    0.4122  -66515.1343  0.3022 
   00371    0.4142  -66450.4488  0.2983 
   00372    0.4139  -66417.4026  0.2991 
   00373    0.4125  -66565.0898  0.3003 
   00374    0.4134  -66484.9819  0.3004 
   00375    0.4186  -66419.8100  0.3024 
   00376    0.4078  -66392.4677  0.3028 
   00377    0.4068  -66466.3065  0.3041 
   00378    0.4103  -66328.0593  0.3036 
   00379    0.4099  -66357.8016  0.3008 
   00380    0.4129  -66464.4456  0.3019 
   00381    0.4121  -66386.5922  0.3006 
   00382    0.4131  -66358.9245  0.2997 
   00383    0.4123  -66411.2401  0.2988 
   00384    0.4143  -66385.7895  0.2990 
   00385    0.4091  -66390.9970  0.2987 
   00386    0.4154  -66298.5801  0.2970 
   00387    0.4120  -66429.4992  0.2978 
   00388    0.4169  -66511.6308  0.2994 
   00389    0.4142  -66442.2957  0.2994 
   00390    0.4170  -66390.9081  0.2991 
   00391    0.4170  -66401.8036  0.2989 
   00392    0.4174  -66476.5650  0.2991 
   00393    0.4101  -66539.7116  0.2977 
   00394    0.4132  -66533.6190  0.2975 
   00395    0.4097  -66607.1761  0.2994 
   00396    0.4168  -66382.8558  0.3006 
   00397    0.4203  -66347.1820  0.3019 
   00398    0.4123  -66403.4817  0.3016 
   00399    0.4099  -66423.6086  0.3016 
   00400    0.4184  -66459.1184  0.3015 
   00401    0.4105  -66427.1303  0.2996 
   00402    0.4083  -66443.9348  0.2988 
   00403    0.4092  -66447.2515  0.3010 
   00404    0.4137  -66469.8918  0.3029 
   00405    0.4109  -66457.9275  0.3015 
   00406    0.4048  -66459.2328  0.3034 
   00407    0.4122  -66458.9023  0.3049 
   00408    0.4214  -66531.5517  0.3044 
   00409    0.4101  -66566.8676  0.3052 
   00410    0.4157  -66563.8715  0.3046 
   00411    0.4136  -66487.3149  0.3033 
   00412    0.4059  -66555.1611  0.3022 
   00413    0.4117  -66553.2565  0.3010 
   00414    0.4111  -66533.7825  0.2995 
   00415    0.4113  -66582.5243  0.3004 
   00416    0.4121  -66453.2492  0.3017 
   00417    0.4133  -66488.8489  0.3003 
   00418    0.4117  -66526.5571  0.2988 
   00419    0.4079  -66632.6789  0.2973 
   00420    0.4119  -66571.5028  0.2980 
   00421    0.4121  -66595.4305  0.2985 
   00422    0.4102  -66645.5777  0.2983 
   00423    0.4102  -66645.3287  0.3009 
   00424    0.4181  -66623.3069  0.3005 
   00425    0.4104  -66697.7198  0.3012 
   00426    0.4064  -66643.3552  0.3014 
   00427    0.4102  -66789.7363  0.3015 
   00428    0.4149  -66721.5650  0.3025 
   00429    0.4143  -66749.4704  0.3025 
   00430    0.4158  -66576.9657  0.3036 
   00431    0.4122  -66682.8271  0.3026 
   00432    0.4093  -66454.7813  0.3038 
   00433    0.4155  -66525.1895  0.3014 
   00434    0.4126  -66462.3293  0.3023 
   00435    0.4109  -66311.7867  0.3041 
   00436    0.4168  -66321.4080  0.3054 
   00437    0.4125  -66413.4365  0.3029 
   00438    0.4103  -66456.3963  0.3036 
   00439    0.4065  -66445.7908  0.3033 
   00440    0.4074  -66480.1463  0.3038 
   00441    0.4142  -66553.8627  0.3027 
   00442    0.4150  -66552.9852  0.3036 
   00443    0.4127  -66477.6505  0.3018 
   00444    0.4033  -66494.6857  0.3015 
   00445    0.4103  -66358.6454  0.3031 
   00446    0.4102  -66591.4315  0.3039 
   00447    0.4143  -66585.9730  0.3033 
   00448    0.4132  -66659.2266  0.3020 
   00449    0.4077  -66698.8360  0.3013 
   00450    0.4116  -66592.7991  0.3023 
   00451    0.4138  -66568.8819  0.3019 
   00452    0.4123  -66478.5383  0.3013 
   00453    0.4106  -66502.9930  0.3012 
   00454    0.4177  -66596.2200  0.2999 
   00455    0.4145  -66532.0433  0.3002 
   00456    0.4075  -66567.1842  0.3002 
   00457    0.4152  -66597.2341  0.2980 
   00458    0.4109  -66517.7908  0.2970 
   00459    0.4152  -66492.7656  0.2962 
   00460    0.4112  -66481.0746  0.2930 
   00461    0.4141  -66563.2713  0.2928 
   00462    0.4087  -66564.8185  0.2914 
   00463    0.4117  -66497.4948  0.2911 
   00464    0.4183  -66562.4594  0.2901 
   00465    0.4145  -66642.4529  0.2899 
   00466    0.4178  -66683.5513  0.2908 
   00467    0.4144  -66726.3414  0.2907 
   00468    0.4122  -66635.8657  0.2895 
   00469    0.4156  -66638.1880  0.2909 
   00470    0.4101  -66502.9351  0.2914 
   00471    0.4101  -66549.2979  0.2929 
   00472    0.4150  -66523.5890  0.2942 
   00473    0.4102  -66529.3418  0.2933 
   00474    0.4126  -66620.2097  0.2952 
   00475    0.4108  -66492.9813  0.2960 
   00476    0.4061  -66439.0002  0.2967 
   00477    0.4168  -66523.6017  0.2972 
   00478    0.4067  -66557.2357  0.2962 
   00479    0.4076  -66592.4501  0.2962 
   00480    0.4082  -66532.6571  0.2979 
   00481    0.4091  -66662.9231  0.3002 
   00482    0.4112  -66706.3243  0.3017 
   00483    0.4086  -66630.6082  0.3019 
   00484    0.4102  -66684.5707  0.3022 
   00485    0.4093  -66625.7345  0.3004 
   00486    0.4184  -66568.3551  0.2975 
   00487    0.4059  -66611.2539  0.2964 
   00488    0.4147  -66638.1641  0.2978 
   00489    0.4183  -66554.7000  0.2949 
   00490    0.4142  -66508.1456  0.2950 
   00491    0.4108  -66667.3851  0.2955 
   00492    0.4125  -66530.6313  0.2954 
   00493    0.4079  -66482.3827  0.2955 
   00494    0.4184  -66577.0110  0.2963 
   00495    0.4127  -66680.1141  0.2949 
   00496    0.4178  -66617.4038  0.2954 
   00497    0.4194  -66553.4428  0.2960 
   00498    0.4065  -66554.8581  0.2972 
   00499    0.4098  -66551.0691  0.2997 
   00500    0.4080  -66544.5944  0.3000 
   00501    0.4127  -66666.2589  0.2996 
   00502    0.4187  -66512.7509  0.2979 
   00503    0.4059  -66597.5876  0.2972 
   00504    0.4115  -66400.4643  0.2958 
   00505    0.4165  -66450.2558  0.2968 
   00506    0.4106  -66599.8879  0.2966 
   00507    0.4142  -66616.1148  0.2981 
   00508    0.4133  -66662.1115  0.2978 
   00509    0.4130  -66674.7825  0.2969 
   00510    0.4105  -66725.4913  0.2982 
   00511    0.4093  -66721.1739  0.2973 
   00512    0.4122  -66781.7622  0.2968 
   00513    0.4114  -66877.9763  0.2971 
   00514    0.4117  -66750.4165  0.2968 
   00515    0.4182  -66595.7787  0.2950 
   00516    0.4028  -66661.4955  0.2945 
   00517    0.4138  -66700.3323  0.2951 
   00518    0.4047  -66698.1403  0.2935 
   00519    0.4077  -66600.1816  0.2949 
   00520    0.4103  -66562.3816  0.2958 
   00521    0.4177  -66720.5541  0.2971 
   00522    0.4102  -66737.4917  0.2981 
   00523    0.4085  -66815.4040  0.3002 
   00524    0.4155  -66902.1830  0.3006 
   00525    0.4095  -66871.1534  0.3032 
   00526    0.4050  -66996.3981  0.3015 
   00527    0.4095  -67008.0311  0.2999 
   00528    0.4146  -66827.0601  0.3004 
   00529    0.4143  -66876.9004  0.3009 
   00530    0.4117  -66802.1266  0.3022 
   00531    0.4074  -66892.5471  0.3031 
   00532    0.4097  -66892.8443  0.3024 
   00533    0.4111  -66941.1212  0.3009 
   00534    0.4037  -66882.4144  0.3010 
   00535    0.4056  -66970.7911  0.3017 
   00536    0.4061  -66812.8934  0.3010 
   00537    0.4102  -66716.6765  0.3006 
   00538    0.4121  -66864.3595  0.3013 
   00539    0.4128  -66869.9075  0.2998 
   00540    0.4152  -66807.9832  0.3012 
   00541    0.4071  -66793.2048  0.3027 
   00542    0.4099  -66823.7126  0.3033 
   00543    0.4094  -66819.2735  0.3046 
   00544    0.4145  -66604.6546  0.3033 
   00545    0.4093  -66678.1617  0.3033 
   00546    0.4194  -66621.6709  0.3027 
   00547    0.4139  -66449.5363  0.3058 
   00548    0.4112  -66543.6852  0.3074 
   00549    0.4123  -66627.8986  0.3063 
   00550    0.4109  -66668.0477  0.3061 
   00551    0.4098  -66600.5643  0.3069 
   00552    0.4145  -66595.1834  0.3069 
   00553    0.4154  -66715.2008  0.3075 
   00554    0.4080  -66730.9829  0.3072 
   00555    0.4158  -66788.0746  0.3097 
   00556    0.4154  -66833.0864  0.3090 
   00557    0.4084  -66892.1330  0.3087 
   00558    0.4171  -66905.3206  0.3113 
   00559    0.4087  -66889.3197  0.3121 
   00560    0.4169  -66811.9482  0.3094 
   00561    0.4120  -66789.0255  0.3084 
   00562    0.4124  -66729.7195  0.3103 
   00563    0.4131  -66715.4197  0.3097 
   00564    0.4079  -66815.2498  0.3080 
   00565    0.4146  -66801.8018  0.3070 
   00566    0.4105  -66709.5623  0.3029 
   00567    0.4058  -66733.2810  0.3015 
   00568    0.4123  -66699.4323  0.3010 
   00569    0.4199  -66606.0973  0.3007 
   00570    0.4098  -66806.3487  0.3011 
   00571    0.4081  -66819.0285  0.3033 
   00572    0.4105  -66875.5980  0.3030 
   00573    0.4129  -66744.3116  0.3022 
   00574    0.4182  -66642.4726  0.3028 
   00575    0.4125  -66700.8512  0.3048 
   00576    0.4108  -66653.9093  0.3063 
   00577    0.4136  -66731.2496  0.3086 
   00578    0.4159  -66785.3299  0.3095 
   00579    0.4106  -66772.5673  0.3110 
   00580    0.4074  -66748.1314  0.3105 
   00581    0.4141  -66716.0293  0.3110 
   00582    0.4142  -66820.3774  0.3109 
   00583    0.4072  -66878.0088  0.3079 
   00584    0.4119  -66973.1596  0.3073 
   00585    0.4055  -66944.9780  0.3080 
   00586    0.4040  -66802.2847  0.3061 
   00587    0.4079  -66745.7009  0.3056 
   00588    0.4097  -66745.3339  0.3050 
   00589    0.4118  -66713.9025  0.3067 
   00590    0.4165  -66622.4919  0.3059 
   00591    0.4154  -66695.9806  0.3061 
   00592    0.4088  -66781.1369  0.3067 
   00593    0.4144  -66828.9730  0.3070 
   00594    0.4124  -66867.3351  0.3061 
   00595    0.4128  -66932.6183  0.3057 
   00596    0.4054  -66857.7705  0.3072 
   00597    0.4065  -66793.1521  0.3069 
   00598    0.4101  -66791.4087  0.3081 
   00599    0.4138  -66898.4222  0.3085 
   00600    0.4063  -66996.3203  0.3097 
   00601    0.4061  -66940.1084  0.3105 
   00602    0.4093  -66790.2864  0.3121 
   00603    0.4143  -66871.7698  0.3143 
   00604    0.4161  -66714.3250  0.3150 
   00605    0.4161  -66800.0597  0.3157 
   00606    0.4127  -66783.8886  0.3178 
   00607    0.4127  -66693.8711  0.3188 
   00608    0.4189  -66657.9440  0.3190 
   00609    0.4081  -66665.9388  0.3188 
   00610    0.4133  -66538.8509  0.3196 
   00611    0.4145  -66587.1022  0.3190 
   00612    0.4151  -66718.3284  0.3195 
   00613    0.4077  -66593.7748  0.3197 
   00614    0.4062  -66526.6152  0.3196 
   00615    0.4136  -66638.8962  0.3194 
   00616    0.4177  -66787.5854  0.3194 
   00617    0.4164  -66897.7213  0.3210 
   00618    0.4143  -66941.5707  0.3238 
   00619    0.4073  -66916.7901  0.3212 
   00620    0.4098  -66891.7909  0.3216 
   00621    0.4054  -66863.4764  0.3215 
   00622    0.4125  -66750.0607  0.3210 
   00623    0.4070  -66933.7857  0.3214 
   00624    0.4062  -66761.4969  0.3228 
   00625    0.4112  -66866.5733  0.3241 
   00626    0.4068  -66840.0050  0.3229 
   00627    0.4032  -66895.4834  0.3215 
   00628    0.4142  -66781.7120  0.3232 
   00629    0.4113  -66725.7135  0.3240 
   00630    0.4182  -66685.9281  0.3204 
   00631    0.4128  -66622.8189  0.3223 
   00632    0.4072  -66698.1402  0.3251 
   00633    0.4083  -66750.5468  0.3270 
   00634    0.4124  -66762.4084  0.3269 
   00635    0.4064  -66854.7530  0.3252 
   00636    0.4069  -66846.6529  0.3236 
   00637    0.4109  -66933.2662  0.3216 
   00638    0.4076  -66898.0550  0.3223 
   00639    0.4116  -66917.8013  0.3235 
   00640    0.4056  -66879.7198  0.3237 
   00641    0.4068  -66898.2954  0.3236 
   00642    0.4118  -66905.6281  0.3231 
   00643    0.4217  -66874.4858  0.3216 
   00644    0.4115  -66831.3542  0.3215 
   00645    0.4115  -66849.0192  0.3235 
   00646    0.4109  -66937.8292  0.3209 
   00647    0.4173  -66861.6121  0.3209 
   00648    0.4098  -66700.7632  0.3221 
   00649    0.4130  -66693.7074  0.3218 
   00650    0.4102  -66702.7176  0.3232 
   00651    0.4103  -66857.7252  0.3241 
   00652    0.4101  -66876.0210  0.3246 
   00653    0.4084  -66897.7387  0.3227 
   00654    0.4088  -66804.2169  0.3239 
   00655    0.4118  -66829.8519  0.3263 
   00656    0.4084  -66803.6402  0.3253 
   00657    0.4077  -66843.3168  0.3247 
   00658    0.4108  -66897.5087  0.3223 
   00659    0.4058  -66924.0165  0.3241 
   00660    0.4067  -66780.0183  0.3232 
   00661    0.4068  -66799.7308  0.3228 
   00662    0.4094  -66719.7331  0.3240 
   00663    0.4161  -66658.4329  0.3240 
   00664    0.4106  -66694.0220  0.3250 
   00665    0.4116  -66738.7265  0.3258 
   00666    0.4145  -66852.8146  0.3283 
   00667    0.4106  -66952.5682  0.3287 
   00668    0.4136  -66871.5533  0.3297 
   00669    0.4093  -66903.3372  0.3301 
   00670    0.4101  -66970.1337  0.3308 
   00671    0.4135  -66824.6322  0.3319 
   00672    0.4144  -66883.6497  0.3305 
   00673    0.4067  -66842.1998  0.3300 
   00674    0.4105  -66808.3626  0.3324 
   00675    0.4189  -66746.9929  0.3319 
   00676    0.4105  -66766.8792  0.3323 
   00677    0.4118  -66866.8363  0.3334 
   00678    0.4080  -66853.7140  0.3319 
   00679    0.4121  -66947.2301  0.3327 
   00680    0.4164  -66880.4247  0.3308 
   00681    0.4082  -66782.6002  0.3316 
   00682    0.4132  -66918.1549  0.3316 
   00683    0.4046  -66884.4816  0.3303 
   00684    0.4128  -66853.9860  0.3314 
   00685    0.4105  -66798.2791  0.3303 
   00686    0.4132  -66833.8970  0.3308 
   00687    0.4144  -66826.9077  0.3320 
   00688    0.4124  -66761.7966  0.3300 
   00689    0.4145  -66629.4870  0.3297 
   00690    0.4102  -66597.6071  0.3315 
   00691    0.4119  -66666.8878  0.3307 
   00692    0.4107  -66623.8455  0.3313 
   00693    0.4091  -66711.8896  0.3306 
   00694    0.4044  -66664.2019  0.3312 
   00695    0.4126  -66596.5556  0.3315 
   00696    0.4152  -66677.6021  0.3313 
   00697    0.4109  -66656.5525  0.3307 
   00698    0.4105  -66850.9879  0.3312 
   00699    0.4012  -66905.9123  0.3332 
   00700    0.4071  -66940.5514  0.3326 
   00701    0.4092  -66905.8966  0.3327 
   00702    0.4101  -66985.1917  0.3343 
   00703    0.4056  -67042.9143  0.3345 
   00704    0.4020  -66910.0325  0.3346 
   00705    0.4091  -66903.0358  0.3332 
   00706    0.4095  -67035.9610  0.3336 
   00707    0.4131  -66934.7588  0.3316 
   00708    0.4119  -66865.5104  0.3325 
   00709    0.4115  -66754.2734  0.3320 
   00710    0.4121  -66693.1859  0.3289 
   00711    0.4046  -66751.1994  0.3278 
   00712    0.4088  -66863.9660  0.3267 
   00713    0.4102  -66861.4551  0.3272 
   00714    0.4040  -66828.4451  0.3281 
   00715    0.4140  -66753.6064  0.3268 
   00716    0.4163  -66699.1158  0.3262 
   00717    0.4013  -66847.8327  0.3275 
   00718    0.4140  -66862.7740  0.3281 
   00719    0.4097  -66835.2456  0.3300 
   00720    0.4165  -66811.1934  0.3296 
   00721    0.4165  -66911.3413  0.3263 
   00722    0.4079  -66923.3467  0.3256 
   00723    0.4120  -66925.0642  0.3266 
   00724    0.4101  -67016.2927  0.3288 
   00725    0.4108  -67068.0834  0.3286 
   00726    0.4079  -67012.7780  0.3275 
   00727    0.4063  -66942.5775  0.3261 
   00728    0.4086  -67004.0136  0.3270 
   00729    0.4072  -67030.1896  0.3280 
   00730    0.4044  -67036.0305  0.3292 
   00731    0.4077  -67041.2639  0.3296 
   00732    0.4153  -67110.1087  0.3310 
   00733    0.4050  -67022.4754  0.3311 
   00734    0.4137  -66901.9286  0.3290 
   00735    0.4157  -67027.3492  0.3287 
   00736    0.4085  -67025.4042  0.3309 
   00737    0.4115  -67053.8957  0.3295 
   00738    0.4155  -67031.7728  0.3303 
   00739    0.4092  -66972.8969  0.3312 
   00740    0.4111  -66919.9483  0.3302 
   00741    0.4129  -66804.4698  0.3280 
   00742    0.4099  -66778.6650  0.3298 
   00743    0.4074  -66804.8545  0.3305 
   00744    0.4100  -66784.6931  0.3303 
   00745    0.4113  -66702.7076  0.3319 
   00746    0.4146  -66762.7700  0.3338 
   00747    0.4041  -66752.4564  0.3337 
   00748    0.4072  -66818.2457  0.3357 
   00749    0.4064  -66861.4593  0.3351 
   00750    0.4080  -67010.6830  0.3359 
   00751    0.4058  -66985.5008  0.3338 
   00752    0.4166  -66820.6158  0.3326 
   00753    0.4065  -66875.6515  0.3318 
   00754    0.4084  -66743.3877  0.3324 
   00755    0.4108  -66783.0483  0.3310 
   00756    0.4111  -66745.5356  0.3274 
   00757    0.4111  -66718.9292  0.3265 
   00758    0.4119  -66662.4218  0.3269 
   00759    0.4153  -66838.3247  0.3264 
   00760    0.4107  -66852.1163  0.3263 
   00761    0.4173  -66680.9818  0.3263 
   00762    0.4118  -66772.5446  0.3276 
   00763    0.4136  -66776.9394  0.3261 
   00764    0.4102  -66593.6074  0.3248 
   00765    0.4105  -66656.5262  0.3255 
   00766    0.4146  -66647.0044  0.3254 
   00767    0.4139  -66819.5479  0.3262 
   00768    0.4117  -66823.9971  0.3266 
   00769    0.4137  -66875.8031  0.3272 
   00770    0.4091  -66857.7977  0.3261 
   00771    0.4057  -66813.2615  0.3273 
   00772    0.4095  -66779.9897  0.3259 
   00773    0.4105  -66804.0995  0.3267 
   00774    0.4123  -66797.5873  0.3261 
   00775    0.4063  -66870.2763  0.3290 
   00776    0.4068  -66814.1209  0.3283 
   00777    0.4091  -66830.1264  0.3267 
   00778    0.4086  -66959.6134  0.3265 
   00779    0.4043  -66840.4586  0.3268 
   00780    0.4106  -66823.3288  0.3296 
   00781    0.4126  -66854.2925  0.3300 
   00782    0.4154  -66877.8885  0.3303 
   00783    0.4108  -66774.8721  0.3286 
   00784    0.4140  -66878.1058  0.3291 
   00785    0.4174  -66804.7354  0.3305 
   00786    0.4178  -66679.4153  0.3296 
   00787    0.4073  -66868.2584  0.3309 
   00788    0.4076  -67001.7882  0.3331 
   00789    0.4128  -66920.4097  0.3342 
   00790    0.4085  -66922.9007  0.3325 
   00791    0.4094  -67009.4426  0.3312 
   00792    0.4087  -66973.5508  0.3315 
   00793    0.4089  -67047.0908  0.3334 
   00794    0.4066  -67002.1414  0.3345 
   00795    0.4119  -67021.7780  0.3355 
   00796    0.4127  -66920.4963  0.3341 
   00797    0.4060  -66857.0005  0.3332 
   00798    0.4158  -66915.7462  0.3350 
   00799    0.4124  -66848.4225  0.3339 
   00800    0.4063  -66908.4956  0.3334 
   00801    0.4130  -66759.6879  0.3324 
   00802    0.4132  -66831.7577  0.3350 
   00803    0.4079  -66823.8432  0.3374 
   00804    0.4120  -66858.7089  0.3360 
   00805    0.4166  -66852.0730  0.3395 
   00806    0.4119  -66794.7661  0.3390 
   00807    0.4117  -66676.4457  0.3397 
   00808    0.4095  -66747.6962  0.3406 
   00809    0.4164  -66869.2469  0.3402 
   00810    0.4171  -66804.6200  0.3386 
   00811    0.4116  -66964.6519  0.3387 
   00812    0.4131  -66839.7261  0.3378 
   00813    0.4134  -66837.0356  0.3372 
   00814    0.4120  -66820.3272  0.3376 
   00815    0.4111  -66870.3461  0.3364 
   00816    0.4090  -66768.6386  0.3353 
   00817    0.4157  -66859.2549  0.3339 
   00818    0.4049  -66828.4628  0.3337 
   00819    0.4101  -66934.8370  0.3322 
   00820    0.4094  -66845.1245  0.3316 
   00821    0.4085  -66985.4739  0.3322 
   00822    0.4137  -66952.5964  0.3326 
   00823    0.4061  -66867.1526  0.3331 
   00824    0.4088  -66853.7771  0.3307 
   00825    0.4117  -66851.2623  0.3323 
   00826    0.4108  -66854.0090  0.3314 
   00827    0.4137  -66936.6426  0.3312 
   00828    0.4116  -66919.1968  0.3317 
   00829    0.4057  -66917.0604  0.3308 
   00830    0.4118  -66919.1313  0.3302 
   00831    0.4111  -66859.9076  0.3306 
   00832    0.4078  -66976.1916  0.3313 
   00833    0.4134  -66947.7461  0.3311 
   00834    0.4052  -66979.0458  0.3324 
   00835    0.4074  -66977.4369  0.3317 
   00836    0.4124  -66880.2589  0.3298 
   00837    0.4118  -66889.4993  0.3276 
   00838    0.4189  -66934.2318  0.3283 
   00839    0.4150  -66956.9399  0.3273 
   00840    0.4087  -67031.2348  0.3261 
   00841    0.4044  -67014.2405  0.3287 
   00842    0.4139  -66906.8164  0.3296 
   00843    0.4076  -66900.2096  0.3317 
   00844    0.4076  -66949.9762  0.3326 
   00845    0.4155  -66936.2315  0.3279 
   00846    0.4098  -67022.9556  0.3282 
   00847    0.4073  -67017.2493  0.3277 
   00848    0.4140  -66897.0188  0.3296 
   00849    0.4126  -66851.0935  0.3283 
   00850    0.4136  -66923.3595  0.3285 
   00851    0.4109  -66882.5703  0.3277 
   00852    0.4009  -66790.6175  0.3288 
   00853    0.4064  -66904.1042  0.3298 
   00854    0.4063  -66933.8996  0.3307 
   00855    0.4076  -66872.9474  0.3356 
   00856    0.4091  -66762.5437  0.3343 
   00857    0.4108  -66835.5349  0.3342 
   00858    0.4139  -66813.2771  0.3310 
   00859    0.4124  -66833.3645  0.3308 
   00860    0.4067  -66845.2542  0.3300 
   00861    0.4044  -66866.6461  0.3306 
   00862    0.4079  -66878.9436  0.3290 
   00863    0.4113  -66942.5246  0.3278 
   00864    0.4103  -66890.1306  0.3270 
   00865    0.4120  -66903.7279  0.3274 
   00866    0.4136  -66909.8339  0.3270 
   00867    0.4059  -66969.8584  0.3244 
   00868    0.4122  -66979.4837  0.3235 
   00869    0.4103  -67001.2136  0.3236 
   00870    0.4104  -66910.9619  0.3213 
   00871    0.4088  -66853.7198  0.3206 
   00872    0.4146  -66843.7094  0.3199 
   00873    0.4147  -66786.4896  0.3215 
   00874    0.4139  -66875.2713  0.3191 
   00875    0.4079  -66847.2619  0.3207 
   00876    0.4076  -66903.1177  0.3189 
   00877    0.4113  -66898.3684  0.3209 
   00878    0.4144  -67015.6154  0.3203 
   00879    0.4107  -67082.3831  0.3218 
   00880    0.4106  -67006.8257  0.3232 
   00881    0.4107  -66935.1758  0.3243 
   00882    0.4121  -66915.4809  0.3249 
   00883    0.4043  -66908.7532  0.3269 
   00884    0.4088  -66870.4419  0.3266 
   00885    0.4079  -66868.0854  0.3264 
   00886    0.4103  -66946.4320  0.3248 
   00887    0.4098  -66894.3706  0.3261 
   00888    0.4110  -66924.4652  0.3272 
   00889    0.4148  -66864.2215  0.3278 
   00890    0.4086  -66924.6208  0.3266 
   00891    0.4142  -66743.8742  0.3270 
   00892    0.4140  -66916.8181  0.3279 
   00893    0.4146  -66888.9622  0.3257 
   00894    0.4042  -67024.0577  0.3249 
   00895    0.4026  -66928.9513  0.3226 
   00896    0.4195  -67050.8208  0.3220 
   00897    0.4135  -67048.5996  0.3240 
   00898    0.4056  -67092.2448  0.3236 
   00899    0.4116  -67026.7290  0.3204 
   00900    0.4106  -67031.7909  0.3182 
   00901    0.4094  -67085.3513  0.3160 
   00902    0.4111  -67024.1130  0.3164 
   00903    0.4155  -67024.0408  0.3169 
   00904    0.4061  -66934.5648  0.3166 
   00905    0.4234  -67081.2316  0.3170 
   00906    0.4148  -66904.1461  0.3161 
   00907    0.4165  -66922.0567  0.3164 
   00908    0.4099  -66927.7973  0.3175 
   00909    0.4101  -66905.7970  0.3161 
   00910    0.4064  -66771.7530  0.3169 
   00911    0.4087  -66951.0660  0.3171 
   00912    0.3988  -66937.7073  0.3166 
   00913    0.4070  -67037.7077  0.3162 
   00914    0.4118  -67044.9362  0.3165 
   00915    0.4135  -66978.1245  0.3158 
   00916    0.4064  -67003.5384  0.3179 
   00917    0.4087  -66997.4772  0.3173 
   00918    0.4127  -67063.5786  0.3182 
   00919    0.4064  -66993.0811  0.3182 
   00920    0.4097  -66898.2700  0.3168 
   00921    0.4073  -66993.2395  0.3173 
   00922    0.4119  -66861.8524  0.3194 
   00923    0.4156  -66840.0867  0.3187 
   00924    0.4102  -66861.4161  0.3150 
   00925    0.4043  -66932.7898  0.3180 
   00926    0.4100  -67030.3575  0.3189 
   00927    0.4133  -67118.3469  0.3186 
   00928    0.4123  -67219.3921  0.3191 
   00929    0.4042  -67160.6061  0.3208 
   00930    0.4141  -67084.0587  0.3235 
   00931    0.4105  -66961.6731  0.3254 
   00932    0.4118  -67023.2852  0.3279 
   00933    0.4123  -66935.0430  0.3282 
   00934    0.4136  -66935.5911  0.3305 
   00935    0.4124  -66948.3224  0.3312 
   00936    0.4074  -66975.4119  0.3300 
   00937    0.4126  -67097.4677  0.3307 
   00938    0.4172  -67132.7176  0.3281 
   00939    0.4046  -67121.5144  0.3286 
   00940    0.4040  -66994.9388  0.3279 
   00941    0.4124  -67023.9044  0.3305 
   00942    0.4096  -66956.2082  0.3296 
   00943    0.4090  -66986.0157  0.3289 
   00944    0.4132  -66933.8571  0.3311 
   00945    0.4054  -66954.8287  0.3315 
   00946    0.4083  -66847.4078  0.3324 
   00947    0.4110  -66884.3547  0.3312 
   00948    0.4076  -66812.5672  0.3312 
   00949    0.4145  -67032.9851  0.3303 
   00950    0.4072  -67025.9594  0.3303 
   00951    0.4135  -66946.3446  0.3303 
   00952    0.4114  -66883.2665  0.3271 
   00953    0.4061  -66975.0875  0.3275 
   00954    0.4085  -67085.5652  0.3265 
   00955    0.4069  -67040.0242  0.3273 
   00956    0.4092  -67002.5530  0.3266 
   00957    0.4088  -66944.6910  0.3244 
   00958    0.4110  -66901.5906  0.3228 
   00959    0.4110  -66945.8780  0.3245 
   00960    0.4054  -66871.6847  0.3250 
   00961    0.4121  -66970.2230  0.3247 
   00962    0.4108  -67004.4489  0.3249 
   00963    0.4093  -67006.9379  0.3241 
   00964    0.4133  -67063.6412  0.3236 
   00965    0.4056  -67216.6093  0.3215 
   00966    0.4085  -67181.7382  0.3238 
   00967    0.4042  -67041.8654  0.3228 
   00968    0.4093  -67046.6180  0.3223 
   00969    0.4118  -66938.7530  0.3210 
   00970    0.4120  -66975.8231  0.3208 
   00971    0.4130  -67034.6057  0.3197 
   00972    0.4179  -67079.2114  0.3188 
   00973    0.4074  -67049.8591  0.3183 
   00974    0.4082  -67032.6388  0.3167 
   00975    0.4112  -67018.0404  0.3157 
   00976    0.4033  -67031.5658  0.3172 
   00977    0.4138  -67151.0468  0.3175 
   00978    0.4065  -67216.7168  0.3151 
   00979    0.4070  -67135.8102  0.3171 
   00980    0.4116  -67228.8970  0.3168 
   00981    0.4099  -67202.4389  0.3176 
   00982    0.4073  -67125.7124  0.3191 
   00983    0.4115  -67092.1461  0.3181 
   00984    0.4067  -67055.4049  0.3208 
   00985    0.4079  -67069.6743  0.3174 
   00986    0.4092  -67125.2345  0.3153 
   00987    0.4076  -67071.6310  0.3144 
   00988    0.4164  -67015.4903  0.3149 
   00989    0.4132  -67013.2144  0.3139 
   00990    0.4081  -67000.7272  0.3143 
   00991    0.4077  -67026.2000  0.3149 
   00992    0.4058  -66946.5865  0.3142 
   00993    0.4050  -66857.9157  0.3144 
   00994    0.4128  -66938.9533  0.3118 
   00995    0.4029  -66923.9519  0.3128 
   00996    0.4121  -66895.5106  0.3146 
   00997    0.4096  -66901.6930  0.3156 
   00998    0.4026  -67059.7879  0.3160 
   00999    0.4105  -67144.6788  0.3157 
   01000    0.4027  -67167.7006  0.3186 
