#=====================================================
# File created:        Wed-05-Nov-2025-at-04-12-45AM
# Size of lattice:     240x240
# Number of MC steps:  100
# Reduced temperature: 0.500
# Run time (s):        19.044871
#=====================================================
# MC step:  Ratio:     Energy:   Order:
#=====================================================
   00000    0.5000  -57656.9294  0.2521 
   00001    0.3893  -62744.4441  0.2569 
   00002    0.3901  -67072.4805  0.2566 
   00003    0.3914  -71520.6100  0.2582 
   00004    0.3932  -75548.3771  0.2578 
   00005    0.3915  -79115.0232  0.2569 
   00006    0.3980  -82546.0063  0.2580 
   00007    0.3951  -85655.7154  0.2580 
   00008    0.3984  -88703.0048  0.2584 
   00009    0.3977  -91521.3147  0.2593 
   00010    0.3983  -94325.1155  0.2599 
   00011    0.4002  -96761.7491  0.2602 
   00012    0.4034  -99301.5533  0.2601 
   00013    0.4034 -101502.6961  0.2603 
   00014    0.4043 -103902.9745  0.2616 
   00015    0.4055 -106157.9532  0.2607 
   00016    0.4052 -108039.9457  0.2605 
   00017    0.4013 -110022.3552  0.2591 
   00018    0.4081 -111809.3741  0.2596 
   00019    0.4082 -113535.4959  0.2599 
   00020    0.4103 -115204.8730  0.2595 
   00021    0.4082 -116778.6427  0.2606 
   00022    0.4070 -118358.3015  0.2609 
   00023    0.4065 -119676.6804  0.2609 
   00024    0.4080 -121253.4303  0.2622 
   00025    0.4112 -122638.6004  0.2622 
   00026    0.4115 -124004.8414  0.2622 
   00027    0.4125 -125484.6359  0.2626 
   00028    0.4112 -126746.0638  0.2630 
   00029    0.4108 -128081.4284  0.2638 
   00030    0.4103 -129271.8677  0.2635 
   00031    0.4120 -130512.8831  0.2635 
   00032    0.4152 -131723.5619  0.2637 
   00033    0.4123 -132734.4690  0.2640 
   00034    0.4080 -133814.0320  0.2635 
   00035    0.4124 -134684.8310  0.2639 
   00036    0.4160 -135711.6791  0.2637 
   00037    0.4114 -136556.4355  0.2634 
   00038    0.4113 -137528.6811  0.2640 
   00039    0.4174 -138358.2554  0.2635 
   00040    0.4173 -139257.3623  0.2633 
   00041    0.4095 -140296.2736  0.2636 
   00042    0.4106 -141073.7910  0.2638 
   00043    0.4129 -141859.7529  0.2639 
   00044    0.4173 -142658.2051  0.2637 
   00045    0.4149 -143430.0879  0.2646 
   00046    0.4139 -144310.5435  0.2645 
   00047    0.4152 -145034.8886  0.2637 
   00048    0.4153 -145678.9144  0.2640 
   00049    0.4129 -146461.5237  0.2643 
   00050    0.4136 -147142.5297  0.2648 
   00051    0.4163 -147759.9423  0.2649 
   00052    0.4119 -148454.7451  0.2644 
   00053    0.4149 -149097.0715  0.2642 
   00054    0.4132 -149677.5402  0.2651 
   00055    0.4121 -150208.9113  0.2655 
   00056    0.4171 -150727.5590  0.2650 
   00057    0.4148 -151258.5639  0.2657 
   00058    0.4138 -151816.3527  0.2657 
   00059    0.4101 -152400.8481  0.2660 
   00060    0.4110 -152966.0919  0.2669 
   00061    0.4186 -153564.2379  0.2668 
   00062    0.4117 -154139.3277  0.2674 
   00063    0.4167 -154723.7302  0.2677 
   00064    0.4145 -155254.1308  0.2674 
   00065    0.4150 -155791.0098  0.2674 
   00066    0.4133 -156241.2059  0.2681 
   00067    0.4102 -156721.2415  0.2684 
   00068    0.4161 -157197.8962  0.2685 
   00069    0.4126 -157647.1194  0.2692 
   00070    0.4169 -158126.4829  0.2695 
   00071    0.4127 -158579.7431  0.2698 
   00072    0.4131 -158956.6613  0.2698 
   00073    0.4115 -159381.3471  0.2703 
   00074    0.4126 -159671.2619  0.2703 
   00075    0.4108 -160092.6166  0.2705 
   00076    0.4140 -160462.3474  0.2704 
   00077    0.4142 -160929.2552  0.2717 
   00078    0.4156 -161264.7952  0.2712 
   00079    0.4163 -161622.9168  0.2706 
   00080    0.4124 -161965.3712  0.2712 
   00081    0.4158 -162361.4615  0.2717 
   00082    0.4157 -162592.7458  0.2723 
   00083    0.4146 -162967.5743  0.2728 
   00084    0.4167 -163251.9317  0.2728 
   00085    0.4149 -163651.2958  0.2728 
   00086    0.4119 -163968.9705  0.2734 
   00087    0.4160 -164291.4542  0.2739 
   00088    0.4144 -164459.3836  0.2739 
   00089    0.4112 -164859.1138  0.2737 
   00090    0.4149 -165125.6751  0.2739 
   00091    0.4142 -165479.8689  0.2737 
   00092    0.4133 -165764.2543  0.2735 
   00093    0.4168 -166030.2468  0.2739 
   00094    0.4164 -166252.4112  0.2736 
   00095    0.4123 -166457.4187  0.2738 
   00096    0.4172 -166626.0690  0.2741 
   00097    0.4133 -166909.6474  0.2742 
   00098    0.4117 -167219.8498  0.2749 
   00099    0.4142 -167444.5227  0.2758 
   00100    0.4137 -167722.2459  0.2760 
