#=====================================================
# File created:        Wed-05-Nov-2025-at-03-30-06AM
# Size of lattice:     20x20
# Number of MC steps:  1000
# Reduced temperature: 0.400
# Run time (s):        2.186416
#=====================================================
# MC step:  Ratio:     Energy:   Order:
#=====================================================
   00000    0.5000    -378.7780  0.2802 
   00001    0.3425    -393.2935  0.3479 
   00002    0.4425    -413.3939  0.3602 
   00003    0.3875    -431.5054  0.3542 
   00004    0.4575    -456.4094  0.3669 
   00005    0.4150    -486.5258  0.3822 
   00006    0.3575    -493.2560  0.3737 
   00007    0.4550    -518.1423  0.3835 
   00008    0.4475    -538.7161  0.3948 
   00009    0.4225    -553.1602  0.3895 
   00010    0.4250    -570.2669  0.3953 
   00011    0.4025    -588.4838  0.3965 
   00012    0.4400    -614.5593  0.4013 
   00013    0.4525    -621.8395  0.3954 
   00014    0.4750    -639.0737  0.3907 
   00015    0.4575    -668.8897  0.4097 
   00016    0.4600    -669.4533  0.4108 
   00017    0.4850    -710.0284  0.4157 
   00018    0.4075    -725.2777  0.4167 
   00019    0.4550    -730.5467  0.4173 
   00020    0.4325    -740.6531  0.4217 
   00021    0.4700    -753.5009  0.4298 
   00022    0.4750    -765.0555  0.4395 
   00023    0.4375    -776.1232  0.4390 
   00024    0.4675    -792.0407  0.4430 
   00025    0.4700    -801.3800  0.4452 
   00026    0.4200    -802.7474  0.4449 
   00027    0.4200    -812.7077  0.4514 
   00028    0.4250    -823.0530  0.4566 
   00029    0.4425    -840.6466  0.4526 
   00030    0.4300    -842.6745  0.4488 
   00031    0.4475    -846.1221  0.4489 
   00032    0.4625    -866.6455  0.4578 
   00033    0.4200    -881.0465  0.4595 
   00034    0.4125    -888.8235  0.4597 
   00035    0.3975    -888.8659  0.4586 
   00036    0.4150    -897.7007  0.4595 
   00037    0.4500    -909.0361  0.4685 
   00038    0.4325    -919.7812  0.4713 
   00039    0.4675    -935.5218  0.4804 
   00040    0.4375    -944.2014  0.4834 
   00041    0.4200    -946.7407  0.4818 
   00042    0.5025    -956.7044  0.4893 
   00043    0.4875    -973.1345  0.4960 
   00044    0.3900    -975.8309  0.4926 
   00045    0.4425    -988.4891  0.4893 
   00046    0.4425    -994.7080  0.4841 
   00047    0.4575    -997.0321  0.4828 
   00048    0.4175   -1003.7793  0.4807 
   00049    0.4000    -999.0005  0.4771 
   00050    0.4275   -1005.4787  0.4778 
   00051    0.4575   -1016.8813  0.4767 
   00052    0.4325   -1023.9624  0.4796 
   00053    0.4450   -1032.4390  0.4840 
   00054    0.4600   -1041.6065  0.4863 
   00055    0.4675   -1045.6666  0.4867 
   00056    0.4250   -1049.8194  0.4844 
   00057    0.4125   -1057.7967  0.4836 
   00058    0.4600   -1054.8803  0.4830 
   00059    0.4475   -1066.4242  0.4788 
   00060    0.4100   -1072.1160  0.4831 
   00061    0.4425   -1075.6562  0.4836 
   00062    0.4125   -1081.7839  0.4808 
   00063    0.4775   -1081.3496  0.4811 
   00064    0.4475   -1090.9538  0.4806 
   00065    0.4325   -1094.3039  0.4823 
   00066    0.4250   -1096.5221  0.4862 
   00067    0.4500   -1097.7608  0.4927 
   00068    0.4425   -1099.4020  0.4908 
   00069    0.3900   -1107.8084  0.4912 
   00070    0.4650   -1106.1754  0.4907 
   00071    0.4225   -1113.4191  0.4893 
   00072    0.4275   -1112.8784  0.4871 
   00073    0.4050   -1118.0312  0.4877 
   00074    0.4325   -1119.5848  0.4827 
   00075    0.4300   -1127.5100  0.4863 
   00076    0.4325   -1131.4379  0.4831 
   00077    0.4125   -1135.0148  0.4816 
   00078    0.4050   -1139.7098  0.4780 
   00079    0.4225   -1144.3350  0.4798 
   00080    0.4350   -1149.8167  0.4816 
   00081    0.4400   -1153.4367  0.4838 
   00082    0.4075   -1159.8367  0.4823 
   00083    0.4275   -1157.6032  0.4812 
   00084    0.4400   -1164.7599  0.4820 
   00085    0.4575   -1179.3378  0.4819 
   00086    0.4025   -1179.9156  0.4784 
   00087    0.4750   -1180.1445  0.4807 
   00088    0.4550   -1180.3435  0.4795 
   00089    0.4525   -1184.9037  0.4842 
   00090    0.4575   -1187.1859  0.4874 
   00091    0.4450   -1187.7530  0.4870 
   00092    0.4400   -1195.1312  0.4914 
   00093    0.4400   -1198.2683  0.4875 
   00094    0.4075   -1197.5784  0.4889 
   00095    0.4250   -1198.9347  0.4924 
   00096    0.4450   -1199.1892  0.4921 
   00097    0.4175   -1201.9426  0.4920 
   00098    0.4575   -1202.8921  0.4923 
   00099    0.4650   -1202.9860  0.4922 
   00100    0.4250   -1201.8721  0.4912 
   00101    0.4400   -1204.0816  0.4904 
   00102    0.4050   -1213.9176  0.4919 
   00103    0.4475   -1211.6528  0.4988 
   00104    0.4775   -1207.4874  0.5043 
   00105    0.4250   -1205.6263  0.5018 
   00106    0.4350   -1210.4773  0.5089 
   00107    0.4300   -1219.0408  0.5163 
   00108    0.4200   -1217.4511  0.5149 
   00109    0.4700   -1218.2787  0.5138 
   00110    0.4500   -1217.5962  0.5088 
   00111    0.4375   -1216.1534  0.5087 
   00112    0.4425   -1224.0204  0.5082 
   00113    0.4350   -1226.2851  0.5130 
   00114    0.4100   -1231.5720  0.5098 
   00115    0.3925   -1225.1772  0.5110 
   00116    0.4425   -1227.7171  0.5107 
   00117    0.4175   -1223.7264  0.5171 
   00118    0.3975   -1218.6461  0.5149 
   00119    0.4325   -1218.9216  0.5209 
   00120    0.4225   -1217.9947  0.5229 
   00121    0.4075   -1218.7472  0.5255 
   00122    0.4300   -1220.2231  0.5252 
   00123    0.4575   -1223.9868  0.5242 
   00124    0.4175   -1225.3772  0.5302 
   00125    0.4675   -1227.2776  0.5340 
   00126    0.4175   -1231.4235  0.5323 
   00127    0.4175   -1227.8205  0.5321 
   00128    0.4400   -1230.0329  0.5306 
   00129    0.4350   -1233.7183  0.5351 
   00130    0.4500   -1231.2785  0.5350 
   00131    0.4025   -1238.2707  0.5436 
   00132    0.4300   -1243.9806  0.5489 
   00133    0.4250   -1252.4619  0.5495 
   00134    0.4425   -1250.7926  0.5497 
   00135    0.4175   -1252.8853  0.5538 
   00136    0.4050   -1255.8941  0.5568 
   00137    0.4225   -1253.9726  0.5540 
   00138    0.4450   -1255.0751  0.5587 
   00139    0.3800   -1256.5251  0.5528 
   00140    0.4550   -1250.6126  0.5547 
   00141    0.4175   -1250.7087  0.5558 
   00142    0.4125   -1252.0396  0.5597 
   00143    0.4250   -1258.0394  0.5634 
   00144    0.4625   -1258.9902  0.5654 
   00145    0.4325   -1259.6540  0.5607 
   00146    0.4775   -1257.0582  0.5611 
   00147    0.4450   -1256.5225  0.5613 
   00148    0.4550   -1259.1427  0.5588 
   00149    0.4375   -1264.9834  0.5569 
   00150    0.4500   -1267.8062  0.5605 
   00151    0.4350   -1267.1821  0.5617 
   00152    0.4075   -1265.6566  0.5628 
   00153    0.3400   -1265.2340  0.5626 
   00154    0.4275   -1269.2458  0.5610 
   00155    0.4575   -1274.4157  0.5625 
   00156    0.4175   -1268.9757  0.5650 
   00157    0.4700   -1272.1295  0.5664 
   00158    0.4600   -1277.1482  0.5671 
   00159    0.4550   -1279.5496  0.5650 
   00160    0.4150   -1280.7649  0.5609 
   00161    0.4325   -1279.0081  0.5613 
   00162    0.4525   -1277.2876  0.5643 
   00163    0.4050   -1278.5899  0.5631 
   00164    0.3850   -1273.9935  0.5601 
   00165    0.4425   -1279.0921  0.5625 
   00166    0.4325   -1281.6003  0.5589 
   00167    0.4525   -1283.2223  0.5589 
   00168    0.4375   -1286.8549  0.5600 
   00169    0.4000   -1287.4337  0.5604 
   00170    0.4500   -1287.9510  0.5576 
   00171    0.4075   -1283.4637  0.5563 
   00172    0.4225   -1282.8408  0.5566 
   00173    0.4225   -1281.9792  0.5541 
   00174    0.4225   -1284.1913  0.5606 
   00175    0.4000   -1285.3639  0.5641 
   00176    0.4425   -1277.6748  0.5627 
   00177    0.3900   -1279.7490  0.5589 
   00178    0.4150   -1282.8313  0.5580 
   00179    0.3575   -1284.0316  0.5592 
   00180    0.4025   -1283.8719  0.5609 
   00181    0.4400   -1286.9875  0.5601 
   00182    0.4575   -1289.2132  0.5592 
   00183    0.4700   -1291.8798  0.5605 
   00184    0.4450   -1287.0027  0.5588 
   00185    0.4625   -1284.3982  0.5629 
   00186    0.4225   -1285.9364  0.5631 
   00187    0.4000   -1286.8541  0.5671 
   00188    0.4175   -1280.4773  0.5741 
   00189    0.4375   -1274.1658  0.5729 
   00190    0.4525   -1271.5871  0.5706 
   00191    0.4075   -1270.2610  0.5704 
   00192    0.4450   -1268.7464  0.5647 
   00193    0.4500   -1273.6982  0.5663 
   00194    0.4575   -1268.9573  0.5724 
   00195    0.4275   -1268.4275  0.5710 
   00196    0.4000   -1267.4459  0.5726 
   00197    0.4450   -1263.3365  0.5734 
   00198    0.4500   -1265.7019  0.5729 
   00199    0.4500   -1268.5891  0.5757 
   00200    0.4275   -1264.0812  0.5752 
   00201    0.4150   -1261.3880  0.5792 
   00202    0.4400   -1260.3213  0.5799 
   00203    0.4400   -1260.2066  0.5754 
   00204    0.4525   -1258.1842  0.5829 
   00205    0.4650   -1259.3404  0.5808 
   00206    0.4550   -1262.4795  0.5847 
   00207    0.4325   -1265.5503  0.5834 
   00208    0.4375   -1267.4691  0.5824 
   00209    0.4225   -1272.2442  0.5876 
   00210    0.4475   -1268.5986  0.5839 
   00211    0.3875   -1271.0715  0.5896 
   00212    0.4350   -1273.6037  0.5936 
   00213    0.4475   -1275.8619  0.5985 
   00214    0.4450   -1281.9375  0.6071 
   00215    0.4450   -1283.3986  0.6099 
   00216    0.4125   -1284.9471  0.6134 
   00217    0.4325   -1285.9899  0.6107 
   00218    0.4275   -1291.2678  0.6172 
   00219    0.4575   -1292.5795  0.6179 
   00220    0.4475   -1290.8506  0.6220 
   00221    0.4425   -1288.1239  0.6205 
   00222    0.4875   -1292.8694  0.6242 
   00223    0.4325   -1303.2089  0.6287 
   00224    0.4225   -1299.4078  0.6312 
   00225    0.4675   -1304.0120  0.6305 
   00226    0.4125   -1307.5576  0.6291 
   00227    0.4575   -1311.7790  0.6303 
   00228    0.4625   -1312.7274  0.6302 
   00229    0.4000   -1312.1264  0.6305 
   00230    0.4725   -1314.6710  0.6349 
   00231    0.4425   -1320.7416  0.6363 
   00232    0.4075   -1326.0710  0.6360 
   00233    0.4875   -1325.6240  0.6371 
   00234    0.4250   -1327.4543  0.6361 
   00235    0.4425   -1328.0390  0.6401 
   00236    0.4625   -1329.6580  0.6416 
   00237    0.4200   -1333.1086  0.6391 
   00238    0.4025   -1329.4544  0.6400 
   00239    0.4475   -1330.4761  0.6416 
   00240    0.4225   -1331.8921  0.6385 
   00241    0.4525   -1331.2158  0.6406 
   00242    0.4025   -1329.1601  0.6399 
   00243    0.4275   -1330.1497  0.6376 
   00244    0.4225   -1332.2519  0.6377 
   00245    0.4725   -1334.1920  0.6360 
   00246    0.4050   -1330.0000  0.6346 
   00247    0.4425   -1329.2139  0.6376 
   00248    0.4850   -1335.7534  0.6435 
   00249    0.3675   -1340.5673  0.6451 
   00250    0.4200   -1339.5855  0.6467 
   00251    0.4400   -1337.9187  0.6474 
   00252    0.4425   -1341.6178  0.6490 
   00253    0.4350   -1346.4668  0.6524 
   00254    0.4325   -1338.8570  0.6453 
   00255    0.3750   -1344.8356  0.6472 
   00256    0.4200   -1344.1564  0.6553 
   00257    0.3825   -1339.9960  0.6501 
   00258    0.4750   -1340.2623  0.6570 
   00259    0.3975   -1341.4528  0.6622 
   00260    0.4775   -1338.7892  0.6614 
   00261    0.4550   -1336.4930  0.6584 
   00262    0.4350   -1332.6960  0.6571 
   00263    0.4650   -1336.0432  0.6514 
   00264    0.4025   -1335.0046  0.6462 
   00265    0.4550   -1332.5494  0.6492 
   00266    0.4350   -1329.4760  0.6489 
   00267    0.4175   -1332.4912  0.6532 
   00268    0.4200   -1335.8382  0.6536 
   00269    0.4525   -1331.6653  0.6523 
   00270    0.3950   -1332.3508  0.6534 
   00271    0.4550   -1331.1952  0.6575 
   00272    0.4825   -1329.2379  0.6540 
   00273    0.4375   -1327.7001  0.6536 
   00274    0.4525   -1327.8800  0.6526 
   00275    0.3950   -1323.3027  0.6490 
   00276    0.3650   -1325.6245  0.6463 
   00277    0.4150   -1329.0186  0.6504 
   00278    0.3975   -1328.7609  0.6548 
   00279    0.4500   -1328.4476  0.6544 
   00280    0.4450   -1328.3119  0.6506 
   00281    0.4675   -1327.7098  0.6524 
   00282    0.4225   -1325.0750  0.6520 
   00283    0.4025   -1324.5044  0.6529 
   00284    0.4550   -1324.6488  0.6499 
   00285    0.4375   -1328.3382  0.6543 
   00286    0.5000   -1329.3252  0.6597 
   00287    0.4025   -1332.4107  0.6629 
   00288    0.4475   -1337.0579  0.6614 
   00289    0.4350   -1342.0883  0.6612 
   00290    0.4650   -1340.6036  0.6654 
   00291    0.4275   -1340.8376  0.6630 
   00292    0.4275   -1349.3521  0.6643 
   00293    0.4575   -1344.0706  0.6636 
   00294    0.4475   -1344.1064  0.6641 
   00295    0.4325   -1344.9741  0.6627 
   00296    0.4625   -1346.9182  0.6596 
   00297    0.4900   -1346.1302  0.6561 
   00298    0.4550   -1346.7483  0.6582 
   00299    0.4500   -1351.0171  0.6535 
   00300    0.4075   -1346.8368  0.6503 
   00301    0.4250   -1350.4795  0.6498 
   00302    0.4125   -1346.1901  0.6486 
   00303    0.4000   -1345.3537  0.6511 
   00304    0.4500   -1346.2967  0.6482 
   00305    0.4350   -1347.3461  0.6452 
   00306    0.4100   -1350.3032  0.6379 
   00307    0.4525   -1352.9625  0.6295 
   00308    0.4325   -1352.8078  0.6267 
   00309    0.4450   -1349.3706  0.6281 
   00310    0.4150   -1356.5268  0.6315 
   00311    0.3775   -1354.2146  0.6309 
   00312    0.4675   -1357.2704  0.6343 
   00313    0.4525   -1358.5852  0.6353 
   00314    0.4000   -1356.5589  0.6351 
   00315    0.4925   -1355.9367  0.6309 
   00316    0.4500   -1355.1379  0.6299 
   00317    0.4250   -1356.7848  0.6305 
   00318    0.4025   -1354.4891  0.6298 
   00319    0.4550   -1352.3731  0.6295 
   00320    0.4025   -1353.9693  0.6316 
   00321    0.4450   -1353.3596  0.6292 
   00322    0.4150   -1356.9595  0.6335 
   00323    0.4400   -1356.7560  0.6328 
   00324    0.4325   -1357.1997  0.6294 
   00325    0.4450   -1351.0192  0.6254 
   00326    0.4625   -1349.8689  0.6275 
   00327    0.3800   -1352.7118  0.6328 
   00328    0.4300   -1353.5556  0.6318 
   00329    0.4000   -1356.0902  0.6322 
   00330    0.4200   -1360.6936  0.6375 
   00331    0.4175   -1363.6708  0.6359 
   00332    0.4100   -1366.6514  0.6376 
   00333    0.4900   -1366.5750  0.6405 
   00334    0.4150   -1364.4575  0.6354 
   00335    0.4600   -1365.2444  0.6391 
   00336    0.4500   -1364.3309  0.6371 
   00337    0.4350   -1368.6946  0.6356 
   00338    0.4125   -1364.5745  0.6311 
   00339    0.4300   -1359.6755  0.6330 
   00340    0.4400   -1360.3232  0.6317 
   00341    0.4125   -1358.9047  0.6298 
   00342    0.4250   -1357.0227  0.6258 
   00343    0.4375   -1361.5376  0.6265 
   00344    0.4300   -1359.7107  0.6253 
   00345    0.4025   -1361.0795  0.6268 
   00346    0.4375   -1353.9103  0.6226 
   00347    0.4300   -1358.9968  0.6259 
   00348    0.4350   -1360.8871  0.6189 
   00349    0.4000   -1362.1053  0.6237 
   00350    0.4525   -1364.1575  0.6210 
   00351    0.4500   -1366.5663  0.6239 
   00352    0.4425   -1365.8457  0.6245 
   00353    0.4200   -1366.0309  0.6228 
   00354    0.4275   -1364.1658  0.6252 
   00355    0.4475   -1363.8214  0.6248 
   00356    0.4675   -1360.8119  0.6274 
   00357    0.3975   -1361.3769  0.6267 
   00358    0.4200   -1358.5895  0.6210 
   00359    0.4075   -1355.9738  0.6189 
   00360    0.4425   -1355.7307  0.6187 
   00361    0.4575   -1358.5480  0.6204 
   00362    0.4675   -1355.7128  0.6206 
   00363    0.4700   -1357.6537  0.6240 
   00364    0.4350   -1358.9328  0.6240 
   00365    0.3875   -1355.2532  0.6221 
   00366    0.4275   -1354.7017  0.6290 
   00367    0.4625   -1363.6900  0.6333 
   00368    0.3900   -1362.8504  0.6317 
   00369    0.4075   -1361.3547  0.6312 
   00370    0.3825   -1358.9445  0.6356 
   00371    0.3925   -1355.5665  0.6325 
   00372    0.4000   -1349.6003  0.6267 
   00373    0.4400   -1349.6451  0.6260 
   00374    0.4450   -1349.5125  0.6264 
   00375    0.3900   -1349.8610  0.6291 
   00376    0.4475   -1354.0193  0.6263 
   00377    0.4750   -1354.3903  0.6257 
   00378    0.4550   -1357.8406  0.6247 
   00379    0.4350   -1359.8179  0.6289 
   00380    0.4450   -1355.7170  0.6302 
   00381    0.4050   -1352.1434  0.6302 
   00382    0.4775   -1353.6957  0.6317 
   00383    0.4625   -1357.1121  0.6303 
   00384    0.4525   -1356.2611  0.6264 
   00385    0.4500   -1357.8195  0.6288 
   00386    0.3800   -1353.6761  0.6324 
   00387    0.4100   -1352.9071  0.6346 
   00388    0.4300   -1356.2040  0.6345 
   00389    0.4575   -1357.1548  0.6359 
   00390    0.4000   -1353.1507  0.6389 
   00391    0.4100   -1360.1792  0.6433 
   00392    0.4050   -1366.2662  0.6471 
   00393    0.4625   -1365.4837  0.6461 
   00394    0.4350   -1360.5696  0.6400 
   00395    0.3875   -1360.0197  0.6358 
   00396    0.4475   -1359.4836  0.6392 
   00397    0.4075   -1359.3852  0.6453 
   00398    0.4400   -1353.8532  0.6443 
   00399    0.4275   -1353.1859  0.6441 
   00400    0.4650   -1347.0586  0.6388 
   00401    0.4125   -1344.4283  0.6388 
   00402    0.4425   -1348.0562  0.6399 
   00403    0.4125   -1351.6549  0.6410 
   00404    0.4375   -1351.8177  0.6372 
   00405    0.4775   -1352.1780  0.6364 
   00406    0.3900   -1350.9839  0.6427 
   00407    0.4075   -1346.6787  0.6411 
   00408    0.3775   -1347.9917  0.6412 
   00409    0.4700   -1349.3282  0.6403 
   00410    0.4025   -1349.9684  0.6377 
   00411    0.4575   -1345.9553  0.6336 
   00412    0.4525   -1345.3145  0.6303 
   00413    0.4525   -1344.3919  0.6316 
   00414    0.4175   -1344.3916  0.6320 
   00415    0.4675   -1337.2958  0.6265 
   00416    0.4725   -1333.8722  0.6300 
   00417    0.3850   -1330.8048  0.6339 
   00418    0.3775   -1325.8074  0.6321 
   00419    0.4375   -1325.9346  0.6329 
   00420    0.3225   -1325.0023  0.6357 
   00421    0.3775   -1330.3718  0.6348 
   00422    0.4350   -1330.2406  0.6353 
   00423    0.4950   -1333.0579  0.6367 
   00424    0.4325   -1329.2231  0.6362 
   00425    0.4050   -1334.0772  0.6352 
   00426    0.4525   -1334.8943  0.6360 
   00427    0.4075   -1336.4181  0.6395 
   00428    0.4075   -1332.7561  0.6397 
   00429    0.4900   -1337.1079  0.6398 
   00430    0.3925   -1336.8135  0.6385 
   00431    0.4175   -1331.1186  0.6359 
   00432    0.4475   -1338.9402  0.6393 
   00433    0.4000   -1336.6513  0.6413 
   00434    0.4575   -1334.8816  0.6421 
   00435    0.4225   -1329.1791  0.6341 
   00436    0.4075   -1334.2024  0.6370 
   00437    0.4075   -1336.1664  0.6341 
   00438    0.3900   -1340.9513  0.6392 
   00439    0.3900   -1339.6582  0.6386 
   00440    0.4550   -1343.5464  0.6362 
   00441    0.4275   -1346.3700  0.6409 
   00442    0.4025   -1341.3054  0.6407 
   00443    0.4975   -1339.8940  0.6418 
   00444    0.4550   -1342.3843  0.6432 
   00445    0.4375   -1339.8690  0.6411 
   00446    0.4375   -1336.5717  0.6434 
   00447    0.4075   -1332.1704  0.6407 
   00448    0.3850   -1333.4556  0.6390 
   00449    0.4350   -1331.2016  0.6412 
   00450    0.4475   -1329.7305  0.6434 
   00451    0.4125   -1330.4994  0.6443 
   00452    0.4550   -1337.4637  0.6437 
   00453    0.4375   -1335.9568  0.6387 
   00454    0.4575   -1337.7125  0.6359 
   00455    0.4450   -1335.4507  0.6347 
   00456    0.4175   -1333.9981  0.6341 
   00457    0.4325   -1329.6637  0.6262 
   00458    0.4725   -1332.8687  0.6287 
   00459    0.4225   -1340.6765  0.6291 
   00460    0.4075   -1343.5628  0.6231 
   00461    0.3925   -1342.8759  0.6215 
   00462    0.4125   -1345.0031  0.6207 
   00463    0.4400   -1343.0495  0.6205 
   00464    0.4100   -1343.0689  0.6176 
   00465    0.4100   -1351.7723  0.6210 
   00466    0.4100   -1347.6496  0.6200 
   00467    0.4550   -1353.9764  0.6221 
   00468    0.4375   -1352.9967  0.6243 
   00469    0.4175   -1347.6959  0.6274 
   00470    0.3750   -1349.5304  0.6290 
   00471    0.4350   -1354.3024  0.6300 
   00472    0.4575   -1356.4148  0.6357 
   00473    0.4250   -1357.9502  0.6368 
   00474    0.4325   -1358.6172  0.6395 
   00475    0.4375   -1353.7514  0.6417 
   00476    0.4550   -1354.6741  0.6390 
   00477    0.4450   -1350.8537  0.6405 
   00478    0.4200   -1352.9525  0.6429 
   00479    0.4625   -1347.6228  0.6425 
   00480    0.4275   -1343.0809  0.6439 
   00481    0.4500   -1344.3376  0.6422 
   00482    0.4075   -1351.1923  0.6450 
   00483    0.4500   -1359.7080  0.6450 
   00484    0.4800   -1359.2747  0.6412 
   00485    0.4750   -1352.2160  0.6385 
   00486    0.4275   -1355.0617  0.6375 
   00487    0.4175   -1350.0734  0.6399 
   00488    0.3750   -1349.5040  0.6417 
   00489    0.4175   -1348.3728  0.6400 
   00490    0.4450   -1354.9584  0.6375 
   00491    0.4575   -1353.8909  0.6387 
   00492    0.4400   -1355.2419  0.6372 
   00493    0.4700   -1354.5735  0.6344 
   00494    0.4250   -1356.4895  0.6381 
   00495    0.4550   -1351.7504  0.6392 
   00496    0.4200   -1352.9414  0.6388 
   00497    0.4425   -1351.5757  0.6406 
   00498    0.4600   -1352.8900  0.6408 
   00499    0.4125   -1353.2212  0.6381 
   00500    0.4050   -1345.5000  0.6375 
   00501    0.4225   -1352.8155  0.6397 
   00502    0.4600   -1354.7846  0.6477 
   00503    0.4125   -1352.0727  0.6451 
   00504    0.4000   -1351.4629  0.6455 
   00505    0.4600   -1349.7533  0.6462 
   00506    0.4375   -1348.7679  0.6470 
   00507    0.4100   -1341.6258  0.6464 
   00508    0.4175   -1340.8824  0.6410 
   00509    0.4525   -1344.9127  0.6420 
   00510    0.4050   -1344.0340  0.6401 
   00511    0.4075   -1341.1932  0.6397 
   00512    0.4100   -1342.9596  0.6435 
   00513    0.4875   -1343.8767  0.6484 
   00514    0.4250   -1340.3994  0.6489 
   00515    0.4575   -1344.6429  0.6507 
   00516    0.4000   -1343.5530  0.6486 
   00517    0.3925   -1341.4069  0.6451 
   00518    0.4075   -1348.4438  0.6499 
   00519    0.4425   -1349.0424  0.6467 
   00520    0.4175   -1351.5042  0.6501 
   00521    0.4050   -1349.3309  0.6474 
   00522    0.4525   -1353.9043  0.6516 
   00523    0.4000   -1355.5709  0.6510 
   00524    0.4025   -1346.0547  0.6548 
   00525    0.3700   -1348.3245  0.6533 
   00526    0.4100   -1348.6624  0.6492 
   00527    0.4450   -1352.4085  0.6504 
   00528    0.4450   -1352.4247  0.6525 
   00529    0.4425   -1348.6860  0.6551 
   00530    0.4350   -1348.0955  0.6579 
   00531    0.4650   -1356.0429  0.6590 
   00532    0.4400   -1355.1104  0.6602 
   00533    0.4475   -1356.8610  0.6667 
   00534    0.4150   -1356.4886  0.6666 
   00535    0.4600   -1347.5084  0.6665 
   00536    0.4200   -1348.9259  0.6696 
   00537    0.4125   -1341.1888  0.6711 
   00538    0.4100   -1343.5244  0.6764 
   00539    0.4625   -1346.7937  0.6764 
   00540    0.4250   -1349.3563  0.6813 
   00541    0.4175   -1349.6192  0.6801 
   00542    0.4025   -1351.3913  0.6796 
   00543    0.4450   -1347.8728  0.6781 
   00544    0.4000   -1348.4262  0.6815 
   00545    0.4100   -1349.4383  0.6789 
   00546    0.3850   -1351.1224  0.6804 
   00547    0.4725   -1351.6606  0.6819 
   00548    0.3875   -1353.9628  0.6790 
   00549    0.4750   -1352.6711  0.6857 
   00550    0.4325   -1351.2388  0.6832 
   00551    0.4225   -1351.6490  0.6879 
   00552    0.4600   -1348.3060  0.6886 
   00553    0.4150   -1349.0372  0.6903 
   00554    0.4700   -1348.1145  0.6904 
   00555    0.3900   -1348.7612  0.6916 
   00556    0.4375   -1343.2870  0.6924 
   00557    0.4175   -1336.4547  0.6850 
   00558    0.3975   -1335.9911  0.6827 
   00559    0.4125   -1334.2615  0.6826 
   00560    0.4625   -1335.2784  0.6860 
   00561    0.4525   -1340.9032  0.6785 
   00562    0.4375   -1341.8114  0.6808 
   00563    0.3850   -1339.9295  0.6798 
   00564    0.4400   -1336.2649  0.6853 
   00565    0.4450   -1335.1503  0.6862 
   00566    0.4450   -1340.8975  0.6885 
   00567    0.4225   -1337.5415  0.6925 
   00568    0.4625   -1337.6156  0.6915 
   00569    0.4175   -1339.8982  0.6944 
   00570    0.4450   -1341.5572  0.6973 
   00571    0.4300   -1339.6488  0.7014 
   00572    0.4725   -1341.7088  0.7055 
   00573    0.4300   -1346.9892  0.7052 
   00574    0.4425   -1351.0630  0.7065 
   00575    0.4075   -1356.5067  0.7085 
   00576    0.4000   -1357.6957  0.7119 
   00577    0.4000   -1362.9186  0.7112 
   00578    0.4025   -1359.7197  0.7083 
   00579    0.4200   -1358.6792  0.7120 
   00580    0.4300   -1355.8823  0.7109 
   00581    0.3925   -1357.8157  0.7105 
   00582    0.4225   -1355.6836  0.7096 
   00583    0.4400   -1353.2559  0.7079 
   00584    0.4675   -1352.5765  0.7084 
   00585    0.4425   -1349.6762  0.7090 
   00586    0.4100   -1355.2765  0.7065 
   00587    0.4725   -1359.8610  0.7088 
   00588    0.4175   -1357.9607  0.7090 
   00589    0.4425   -1358.6772  0.7098 
   00590    0.4750   -1354.0947  0.7087 
   00591    0.4275   -1369.5508  0.7122 
   00592    0.4225   -1371.3703  0.7119 
   00593    0.4225   -1372.6077  0.7139 
   00594    0.3750   -1368.6604  0.7138 
   00595    0.4425   -1367.4519  0.7153 
   00596    0.3700   -1367.1358  0.7136 
   00597    0.4300   -1367.3072  0.7121 
   00598    0.4000   -1361.1980  0.7102 
   00599    0.4400   -1359.1739  0.7079 
   00600    0.4525   -1365.2241  0.7068 
   00601    0.4350   -1369.4474  0.7070 
   00602    0.4625   -1370.3107  0.7081 
   00603    0.4375   -1370.4760  0.7078 
   00604    0.4575   -1369.4984  0.7069 
   00605    0.4350   -1368.0203  0.7115 
   00606    0.4075   -1365.4315  0.7081 
   00607    0.3950   -1372.1036  0.7110 
   00608    0.4150   -1371.6202  0.7057 
   00609    0.4150   -1363.1131  0.7028 
   00610    0.4325   -1361.4024  0.7055 
   00611    0.4375   -1359.5496  0.7065 
   00612    0.4450   -1356.4069  0.7059 
   00613    0.4050   -1355.8186  0.7078 
   00614    0.4400   -1356.4272  0.7043 
   00615    0.4200   -1360.6111  0.7068 
   00616    0.4550   -1355.7091  0.7076 
   00617    0.4050   -1355.0641  0.7071 
   00618    0.4300   -1363.3245  0.7099 
   00619    0.4075   -1359.0499  0.7091 
   00620    0.4325   -1357.5379  0.7078 
   00621    0.4175   -1354.5424  0.7092 
   00622    0.4125   -1351.0534  0.7060 
   00623    0.4500   -1351.4384  0.7067 
   00624    0.4325   -1355.3939  0.7006 
   00625    0.4100   -1356.3123  0.7040 
   00626    0.4425   -1350.1481  0.6972 
   00627    0.4225   -1350.5624  0.6935 
   00628    0.4600   -1348.7174  0.6941 
   00629    0.4400   -1351.9787  0.6913 
   00630    0.4700   -1354.3941  0.6917 
   00631    0.4500   -1354.0278  0.6865 
   00632    0.4575   -1353.4546  0.6881 
   00633    0.4175   -1357.1735  0.6866 
   00634    0.4200   -1353.0752  0.6876 
   00635    0.4450   -1358.3458  0.6888 
   00636    0.4075   -1360.4412  0.6959 
   00637    0.4650   -1359.9471  0.6944 
   00638    0.4350   -1360.1397  0.6914 
   00639    0.4050   -1361.5642  0.6952 
   00640    0.4425   -1356.3625  0.6932 
   00641    0.4550   -1358.9174  0.6942 
   00642    0.4100   -1360.6819  0.6907 
   00643    0.4200   -1357.0156  0.6879 
   00644    0.3750   -1360.0430  0.6905 
   00645    0.3825   -1358.9372  0.6877 
   00646    0.4575   -1357.2502  0.6911 
   00647    0.4125   -1358.3797  0.6869 
   00648    0.4350   -1352.4148  0.6883 
   00649    0.4475   -1352.1953  0.6916 
   00650    0.3975   -1350.6441  0.6937 
   00651    0.4425   -1349.6273  0.6948 
   00652    0.4225   -1354.0894  0.6964 
   00653    0.4125   -1352.1874  0.6946 
   00654    0.4600   -1366.5362  0.6992 
   00655    0.4375   -1359.3966  0.7039 
   00656    0.4625   -1360.2608  0.7053 
   00657    0.3925   -1358.3366  0.7022 
   00658    0.4400   -1358.5001  0.7014 
   00659    0.4125   -1373.3902  0.7048 
   00660    0.4550   -1373.2923  0.7041 
   00661    0.4550   -1377.4841  0.7087 
   00662    0.4200   -1376.7579  0.7135 
   00663    0.4475   -1380.4274  0.7106 
   00664    0.4025   -1384.6949  0.7125 
   00665    0.4225   -1385.7724  0.7138 
   00666    0.4400   -1380.3547  0.7133 
   00667    0.4475   -1373.5337  0.7115 
   00668    0.4375   -1364.8533  0.7106 
   00669    0.4050   -1369.9022  0.7089 
   00670    0.4525   -1375.4631  0.7047 
   00671    0.3925   -1374.0967  0.7046 
   00672    0.4250   -1375.8541  0.7060 
   00673    0.4775   -1375.7278  0.7076 
   00674    0.4175   -1379.2471  0.7100 
   00675    0.4200   -1376.2146  0.7111 
   00676    0.4450   -1370.2972  0.7120 
   00677    0.4325   -1372.1208  0.7166 
   00678    0.3950   -1370.5797  0.7175 
   00679    0.4325   -1370.6064  0.7197 
   00680    0.4475   -1370.4980  0.7178 
   00681    0.4700   -1368.4007  0.7212 
   00682    0.4300   -1360.0922  0.7254 
   00683    0.4550   -1359.7041  0.7306 
   00684    0.4600   -1356.0466  0.7280 
   00685    0.3675   -1358.3077  0.7297 
   00686    0.4150   -1363.9546  0.7307 
   00687    0.3950   -1362.3148  0.7326 
   00688    0.4175   -1366.6695  0.7331 
   00689    0.4425   -1367.3089  0.7323 
   00690    0.4200   -1367.1436  0.7391 
   00691    0.4275   -1370.4986  0.7403 
   00692    0.4300   -1370.1545  0.7423 
   00693    0.4200   -1370.3828  0.7423 
   00694    0.4225   -1373.9104  0.7438 
   00695    0.4550   -1373.0425  0.7420 
   00696    0.4125   -1370.1457  0.7441 
   00697    0.3950   -1373.2575  0.7427 
   00698    0.4475   -1370.2848  0.7437 
   00699    0.4425   -1368.7884  0.7414 
   00700    0.4525   -1369.2768  0.7421 
   00701    0.4150   -1375.7159  0.7438 
   00702    0.4500   -1377.4800  0.7475 
   00703    0.4100   -1374.1626  0.7427 
   00704    0.4400   -1372.0716  0.7446 
   00705    0.4175   -1377.3414  0.7466 
   00706    0.4000   -1381.8601  0.7497 
   00707    0.4075   -1383.1554  0.7534 
   00708    0.4300   -1386.2104  0.7554 
   00709    0.3900   -1385.6347  0.7587 
   00710    0.4450   -1386.7113  0.7624 
   00711    0.4275   -1385.0388  0.7641 
   00712    0.4100   -1383.8048  0.7646 
   00713    0.3975   -1379.2979  0.7639 
   00714    0.4075   -1379.8486  0.7655 
   00715    0.4750   -1381.5096  0.7685 
   00716    0.4250   -1375.5165  0.7663 
   00717    0.4625   -1377.6968  0.7677 
   00718    0.4375   -1377.0920  0.7651 
   00719    0.4375   -1387.2404  0.7668 
   00720    0.3825   -1391.0884  0.7670 
   00721    0.4250   -1390.9993  0.7614 
   00722    0.4050   -1390.4595  0.7628 
   00723    0.3800   -1393.6954  0.7663 
   00724    0.4150   -1393.6882  0.7634 
   00725    0.4150   -1393.3619  0.7600 
   00726    0.4025   -1390.3863  0.7580 
   00727    0.4175   -1391.4845  0.7568 
   00728    0.4075   -1386.3249  0.7552 
   00729    0.4525   -1386.8440  0.7564 
   00730    0.4075   -1386.8123  0.7574 
   00731    0.3850   -1390.3164  0.7538 
   00732    0.4350   -1389.1375  0.7536 
   00733    0.4200   -1390.6602  0.7557 
   00734    0.4100   -1389.2584  0.7594 
   00735    0.4350   -1387.3267  0.7596 
   00736    0.4450   -1387.9563  0.7623 
   00737    0.3700   -1388.5347  0.7603 
   00738    0.4575   -1386.2341  0.7602 
   00739    0.4575   -1389.5091  0.7601 
   00740    0.4325   -1393.3689  0.7634 
   00741    0.4275   -1394.2088  0.7591 
   00742    0.4650   -1389.5902  0.7566 
   00743    0.3900   -1388.4271  0.7548 
   00744    0.4350   -1389.3538  0.7565 
   00745    0.4575   -1392.3600  0.7584 
   00746    0.4275   -1398.3042  0.7612 
   00747    0.4325   -1395.0610  0.7598 
   00748    0.3875   -1392.8389  0.7627 
   00749    0.4225   -1391.9324  0.7625 
   00750    0.3950   -1393.9830  0.7604 
   00751    0.4200   -1392.5365  0.7579 
   00752    0.4050   -1390.0935  0.7573 
   00753    0.4050   -1391.1388  0.7539 
   00754    0.4350   -1391.4861  0.7555 
   00755    0.4425   -1386.7036  0.7530 
   00756    0.3575   -1389.1633  0.7577 
   00757    0.4625   -1393.4126  0.7608 
   00758    0.4175   -1392.0762  0.7607 
   00759    0.4350   -1401.5247  0.7622 
   00760    0.5250   -1400.6223  0.7582 
   00761    0.4400   -1402.2854  0.7591 
   00762    0.3875   -1399.4767  0.7572 
   00763    0.4750   -1398.4959  0.7577 
   00764    0.4350   -1400.2322  0.7598 
   00765    0.4525   -1394.4410  0.7579 
   00766    0.3850   -1390.3258  0.7580 
   00767    0.4500   -1396.1153  0.7617 
   00768    0.4675   -1396.1447  0.7633 
   00769    0.3900   -1395.3587  0.7635 
   00770    0.4575   -1397.4189  0.7710 
   00771    0.4175   -1402.7132  0.7735 
   00772    0.3850   -1406.4737  0.7747 
   00773    0.4500   -1404.3890  0.7708 
   00774    0.4275   -1405.8829  0.7692 
   00775    0.4000   -1413.7050  0.7715 
   00776    0.4250   -1410.9017  0.7731 
   00777    0.4125   -1411.7221  0.7746 
   00778    0.4250   -1413.6152  0.7728 
   00779    0.3625   -1412.2355  0.7693 
   00780    0.3975   -1412.8775  0.7663 
   00781    0.4350   -1409.9517  0.7633 
   00782    0.4300   -1408.9157  0.7648 
   00783    0.4000   -1406.7039  0.7647 
   00784    0.4400   -1403.9221  0.7594 
   00785    0.4175   -1404.6276  0.7572 
   00786    0.3800   -1407.0559  0.7600 
   00787    0.3675   -1404.1633  0.7628 
   00788    0.4000   -1404.5166  0.7663 
   00789    0.4175   -1404.4729  0.7682 
   00790    0.3975   -1404.1232  0.7632 
   00791    0.4350   -1404.6319  0.7626 
   00792    0.4225   -1403.3794  0.7595 
   00793    0.4100   -1401.6499  0.7594 
   00794    0.4450   -1401.2450  0.7601 
   00795    0.4125   -1399.4132  0.7602 
   00796    0.4275   -1403.5595  0.7612 
   00797    0.4075   -1403.5716  0.7610 
   00798    0.4050   -1407.5470  0.7652 
   00799    0.4225   -1409.4077  0.7674 
   00800    0.4300   -1415.4164  0.7686 
   00801    0.3725   -1415.2646  0.7712 
   00802    0.4225   -1421.2390  0.7699 
   00803    0.4500   -1421.1812  0.7708 
   00804    0.4100   -1423.1573  0.7732 
   00805    0.4275   -1423.5687  0.7758 
   00806    0.4025   -1419.9262  0.7748 
   00807    0.4150   -1420.2986  0.7768 
   00808    0.3900   -1417.8762  0.7813 
   00809    0.4325   -1416.9424  0.7825 
   00810    0.3550   -1414.7071  0.7839 
   00811    0.4300   -1409.3508  0.7795 
   00812    0.3850   -1407.9861  0.7766 
   00813    0.4300   -1404.0413  0.7759 
   00814    0.4550   -1406.0414  0.7754 
   00815    0.4100   -1406.2123  0.7767 
   00816    0.4350   -1400.7277  0.7771 
   00817    0.4300   -1401.8370  0.7762 
   00818    0.4775   -1403.8137  0.7791 
   00819    0.4050   -1401.8352  0.7763 
   00820    0.4225   -1401.5228  0.7770 
   00821    0.4750   -1404.3549  0.7775 
   00822    0.4400   -1405.2470  0.7812 
   00823    0.4075   -1410.0933  0.7827 
   00824    0.3850   -1413.1131  0.7840 
   00825    0.4350   -1410.0473  0.7860 
   00826    0.4425   -1409.8048  0.7790 
   00827    0.3975   -1408.5849  0.7755 
   00828    0.4150   -1410.0986  0.7777 
   00829    0.4325   -1411.9770  0.7769 
   00830    0.4075   -1412.8404  0.7798 
   00831    0.4200   -1413.3458  0.7769 
   00832    0.4550   -1412.7379  0.7752 
   00833    0.4650   -1412.1212  0.7774 
   00834    0.4425   -1409.7159  0.7780 
   00835    0.4375   -1407.8882  0.7750 
   00836    0.4425   -1407.8993  0.7771 
   00837    0.4275   -1406.5985  0.7807 
   00838    0.4150   -1404.1754  0.7812 
   00839    0.4150   -1401.7194  0.7820 
   00840    0.4225   -1400.2380  0.7826 
   00841    0.4250   -1398.1330  0.7839 
   00842    0.4450   -1399.6232  0.7889 
   00843    0.4275   -1396.5993  0.7862 
   00844    0.4100   -1397.0804  0.7883 
   00845    0.3900   -1396.4661  0.7888 
   00846    0.4075   -1395.1462  0.7890 
   00847    0.4300   -1396.6347  0.7880 
   00848    0.3900   -1398.5343  0.7917 
   00849    0.3950   -1399.9018  0.7913 
   00850    0.4075   -1395.9181  0.7922 
   00851    0.4000   -1395.1100  0.7926 
   00852    0.4400   -1395.3687  0.7932 
   00853    0.4200   -1391.2741  0.7901 
   00854    0.3625   -1391.7836  0.7892 
   00855    0.4225   -1390.0443  0.7873 
   00856    0.3925   -1394.2891  0.7885 
   00857    0.3975   -1400.0308  0.7933 
   00858    0.3925   -1395.1084  0.7907 
   00859    0.3925   -1395.4407  0.7889 
   00860    0.4125   -1396.0586  0.7864 
   00861    0.4225   -1392.7645  0.7851 
   00862    0.4250   -1390.8506  0.7838 
   00863    0.3950   -1386.4833  0.7911 
   00864    0.4425   -1387.6140  0.7922 
   00865    0.3900   -1389.0458  0.7914 
   00866    0.4150   -1388.1795  0.7939 
   00867    0.4275   -1389.2134  0.7920 
   00868    0.4600   -1387.2915  0.7891 
   00869    0.3850   -1387.1705  0.7883 
   00870    0.4000   -1393.5476  0.7919 
   00871    0.4225   -1391.1496  0.7902 
   00872    0.4175   -1389.4366  0.7882 
   00873    0.4125   -1394.4542  0.7903 
   00874    0.4225   -1386.2634  0.7887 
   00875    0.4000   -1386.1046  0.7917 
   00876    0.4575   -1387.4232  0.7971 
   00877    0.4100   -1391.1896  0.7987 
   00878    0.4175   -1391.8905  0.7989 
   00879    0.4200   -1394.6776  0.8024 
   00880    0.4275   -1398.9279  0.8037 
   00881    0.3950   -1394.9013  0.8029 
   00882    0.4325   -1396.6453  0.8007 
   00883    0.4300   -1399.8573  0.8058 
   00884    0.4325   -1399.8944  0.8076 
   00885    0.4450   -1396.2712  0.8086 
   00886    0.4250   -1397.0441  0.8097 
   00887    0.4250   -1398.0263  0.8070 
   00888    0.4075   -1399.6587  0.8081 
   00889    0.4100   -1398.0130  0.8128 
   00890    0.4350   -1396.2515  0.8122 
   00891    0.4075   -1397.9324  0.8125 
   00892    0.4075   -1394.4013  0.8116 
   00893    0.4225   -1391.6276  0.8156 
   00894    0.3875   -1389.6556  0.8129 
   00895    0.4075   -1390.8561  0.8133 
   00896    0.4375   -1390.4913  0.8130 
   00897    0.4000   -1391.5475  0.8105 
   00898    0.4375   -1393.8306  0.8082 
   00899    0.4350   -1390.3027  0.8079 
   00900    0.4525   -1393.9822  0.8108 
   00901    0.4250   -1392.7481  0.8098 
   00902    0.4150   -1393.1430  0.8102 
   00903    0.4425   -1394.8790  0.8091 
   00904    0.3900   -1391.2339  0.8087 
   00905    0.4425   -1391.6777  0.8066 
   00906    0.3900   -1395.2344  0.8072 
   00907    0.4050   -1394.8610  0.8067 
   00908    0.4050   -1393.3412  0.8089 
   00909    0.4225   -1392.4669  0.8105 
   00910    0.4100   -1397.6287  0.8129 
   00911    0.4475   -1394.1758  0.8148 
   00912    0.4000   -1398.0792  0.8181 
   00913    0.4125   -1401.0484  0.8193 
   00914    0.3775   -1401.6891  0.8203 
   00915    0.4500   -1402.0901  0.8231 
   00916    0.4375   -1400.7604  0.8238 
   00917    0.4150   -1399.3505  0.8223 
   00918    0.4500   -1399.7524  0.8246 
   00919    0.4325   -1399.0264  0.8226 
   00920    0.4325   -1401.1060  0.8266 
   00921    0.4025   -1400.7576  0.8268 
   00922    0.4100   -1401.2089  0.8265 
   00923    0.4550   -1397.2019  0.8231 
   00924    0.4475   -1393.4816  0.8193 
   00925    0.4575   -1399.5746  0.8240 
   00926    0.4275   -1400.1377  0.8257 
   00927    0.3550   -1402.7469  0.8304 
   00928    0.4525   -1405.6614  0.8311 
   00929    0.4550   -1401.1264  0.8281 
   00930    0.4325   -1401.3278  0.8310 
   00931    0.4725   -1403.1512  0.8320 
   00932    0.4350   -1402.9628  0.8330 
   00933    0.4075   -1403.7598  0.8346 
   00934    0.4275   -1398.2343  0.8338 
   00935    0.4100   -1402.3513  0.8349 
   00936    0.4000   -1395.2403  0.8322 
   00937    0.4050   -1391.2896  0.8289 
   00938    0.3950   -1390.1970  0.8263 
   00939    0.4000   -1383.2288  0.8287 
   00940    0.4525   -1380.4016  0.8290 
   00941    0.3975   -1379.1746  0.8326 
   00942    0.3675   -1380.6734  0.8330 
   00943    0.4300   -1380.0529  0.8333 
   00944    0.4025   -1382.5908  0.8356 
   00945    0.4150   -1383.3113  0.8354 
   00946    0.4125   -1382.1625  0.8373 
   00947    0.3925   -1383.1613  0.8381 
   00948    0.4275   -1382.2047  0.8381 
   00949    0.4475   -1381.7404  0.8390 
   00950    0.4025   -1384.2666  0.8363 
   00951    0.4425   -1385.0968  0.8393 
   00952    0.4550   -1386.9453  0.8405 
   00953    0.4250   -1383.0930  0.8391 
   00954    0.3950   -1384.1913  0.8388 
   00955    0.4075   -1383.1714  0.8412 
   00956    0.4350   -1378.3462  0.8360 
   00957    0.4425   -1381.9447  0.8348 
   00958    0.4125   -1381.6117  0.8345 
   00959    0.3900   -1376.9400  0.8345 
   00960    0.4350   -1379.9498  0.8356 
   00961    0.4475   -1379.1122  0.8375 
   00962    0.4300   -1381.8428  0.8403 
   00963    0.3875   -1384.8032  0.8404 
   00964    0.3900   -1385.4466  0.8391 
   00965    0.4075   -1382.1551  0.8350 
   00966    0.3925   -1381.2214  0.8339 
   00967    0.4450   -1379.0739  0.8329 
   00968    0.4325   -1382.8831  0.8348 
   00969    0.4050   -1388.3312  0.8344 
   00970    0.4400   -1390.2184  0.8340 
   00971    0.4725   -1390.8737  0.8318 
   00972    0.4550   -1391.1507  0.8289 
   00973    0.3825   -1391.4469  0.8275 
   00974    0.4625   -1392.7548  0.8319 
   00975    0.3900   -1394.1305  0.8330 
   00976    0.3675   -1387.9303  0.8353 
   00977    0.3925   -1385.8394  0.8356 
   00978    0.4150   -1379.5017  0.8321 
   00979    0.4575   -1379.3975  0.8362 
   00980    0.4175   -1379.3655  0.8378 
   00981    0.3700   -1375.3480  0.8387 
   00982    0.4175   -1377.7363  0.8354 
   00983    0.4075   -1372.4355  0.8365 
   00984    0.4675   -1377.6047  0.8388 
   00985    0.4550   -1377.3697  0.8376 
   00986    0.3775   -1374.2841  0.8352 
   00987    0.4000   -1376.8302  0.8365 
   00988    0.4200   -1377.9323  0.8352 
   00989    0.4700   -1381.8528  0.8384 
   00990    0.4075   -1385.7483  0.8412 
   00991    0.3950   -1383.9269  0.8391 
   00992    0.3975   -1374.5841  0.8369 
   00993    0.4275   -1381.5218  0.8389 
   00994    0.4075   -1379.5832  0.8395 
   00995    0.4275   -1380.1976  0.8401 
   00996    0.4425   -1380.1716  0.8401 
   00997    0.4050   -1381.0166  0.8403 
   00998    0.3925   -1388.2790  0.8455 
   00999    0.4375   -1390.4033  0.8436 
   01000    0.4375   -1393.7147  0.8438 
