#=====================================================
# File created:        Wed-05-Nov-2025-at-03-30-04AM
# Size of lattice:     20x20
# Number of MC steps:  1000
# Reduced temperature: 0.350
# Run time (s):        2.177988
#=====================================================
# MC step:  Ratio:     Energy:   Order:
#=====================================================
   00000    0.5000    -395.4893  0.2982 
   00001    0.4575    -426.1409  0.3464 
   00002    0.4600    -456.5221  0.3476 
   00003    0.4200    -479.8050  0.3572 
   00004    0.3850    -506.8071  0.3667 
   00005    0.4575    -526.1442  0.3601 
   00006    0.4225    -541.5609  0.3591 
   00007    0.4625    -563.4640  0.3524 
   00008    0.4375    -583.5418  0.3553 
   00009    0.4250    -601.9981  0.3589 
   00010    0.4350    -616.7561  0.3473 
   00011    0.4525    -634.6185  0.3493 
   00012    0.4550    -643.4364  0.3417 
   00013    0.4000    -652.9942  0.3413 
   00014    0.4675    -668.0619  0.3373 
   00015    0.4525    -682.6896  0.3464 
   00016    0.4400    -702.5950  0.3556 
   00017    0.4650    -724.1133  0.3586 
   00018    0.4650    -736.3297  0.3607 
   00019    0.4325    -761.4105  0.3674 
   00020    0.4225    -763.0176  0.3834 
   00021    0.4675    -772.9035  0.3951 
   00022    0.4525    -787.2864  0.3994 
   00023    0.4325    -804.5644  0.4039 
   00024    0.4550    -820.5666  0.4019 
   00025    0.4350    -830.3639  0.4082 
   00026    0.4600    -834.1548  0.4112 
   00027    0.4550    -836.9297  0.4120 
   00028    0.4275    -840.0360  0.4148 
   00029    0.4975    -859.4627  0.4207 
   00030    0.4775    -865.7888  0.4326 
   00031    0.4050    -874.7469  0.4400 
   00032    0.4525    -884.4809  0.4500 
   00033    0.4500    -894.0403  0.4547 
   00034    0.4950    -909.7966  0.4600 
   00035    0.4600    -918.7067  0.4610 
   00036    0.4900    -924.5365  0.4631 
   00037    0.4175    -932.1508  0.4722 
   00038    0.4500    -937.4594  0.4725 
   00039    0.4300    -945.2984  0.4721 
   00040    0.4375    -945.7801  0.4748 
   00041    0.4625    -949.5658  0.4741 
   00042    0.4600    -954.2956  0.4797 
   00043    0.4300    -957.9184  0.4787 
   00044    0.4800    -963.0881  0.4867 
   00045    0.4350    -973.0364  0.4885 
   00046    0.4600    -977.1500  0.4883 
   00047    0.4600    -985.9783  0.4885 
   00048    0.4650    -991.4306  0.4855 
   00049    0.4525    -986.1142  0.4863 
   00050    0.4525    -984.1384  0.4904 
   00051    0.4550    -993.4156  0.4965 
   00052    0.4350    -997.1753  0.5050 
   00053    0.4350    -991.9017  0.5081 
   00054    0.4600    -995.1275  0.5080 
   00055    0.4400   -1009.0034  0.5140 
   00056    0.4600   -1014.8603  0.5120 
   00057    0.5250   -1028.5837  0.5199 
   00058    0.4650   -1028.3525  0.5190 
   00059    0.4275   -1035.3516  0.5221 
   00060    0.4400   -1040.8737  0.5299 
   00061    0.4775   -1048.2819  0.5275 
   00062    0.5300   -1056.3961  0.5334 
   00063    0.4200   -1062.1045  0.5358 
   00064    0.4350   -1066.3199  0.5354 
   00065    0.4675   -1068.7929  0.5372 
   00066    0.4725   -1074.2719  0.5355 
   00067    0.4250   -1081.5421  0.5380 
   00068    0.4675   -1088.5739  0.5390 
   00069    0.4050   -1093.4644  0.5406 
   00070    0.4175   -1086.1394  0.5412 
   00071    0.4550   -1101.1105  0.5510 
   00072    0.4750   -1108.1814  0.5508 
   00073    0.4425   -1107.1072  0.5511 
   00074    0.4350   -1111.5175  0.5535 
   00075    0.4600   -1122.7713  0.5549 
   00076    0.4275   -1116.0375  0.5521 
   00077    0.4375   -1120.6492  0.5517 
   00078    0.4775   -1124.8204  0.5552 
   00079    0.4150   -1129.5266  0.5571 
   00080    0.4325   -1129.2921  0.5524 
   00081    0.4450   -1137.2846  0.5526 
   00082    0.4500   -1134.9182  0.5501 
   00083    0.4475   -1139.1223  0.5529 
   00084    0.4700   -1138.6791  0.5559 
   00085    0.4025   -1143.7813  0.5567 
   00086    0.4600   -1142.8022  0.5679 
   00087    0.4475   -1145.4038  0.5713 
   00088    0.4425   -1141.0155  0.5651 
   00089    0.4475   -1146.1747  0.5668 
   00090    0.4500   -1145.5714  0.5659 
   00091    0.4300   -1151.0420  0.5644 
   00092    0.4325   -1152.5258  0.5666 
   00093    0.3975   -1156.5942  0.5684 
   00094    0.4575   -1158.9945  0.5677 
   00095    0.4925   -1157.2719  0.5662 
   00096    0.4275   -1159.0340  0.5671 
   00097    0.4450   -1165.5661  0.5681 
   00098    0.4150   -1157.8816  0.5693 
   00099    0.4575   -1161.1772  0.5759 
   00100    0.4525   -1159.4045  0.5747 
   00101    0.5100   -1158.8191  0.5744 
   00102    0.4775   -1162.9615  0.5736 
   00103    0.4550   -1163.8560  0.5778 
   00104    0.4675   -1156.9386  0.5709 
   00105    0.4500   -1157.5759  0.5704 
   00106    0.4425   -1159.0479  0.5711 
   00107    0.4425   -1154.4881  0.5712 
   00108    0.4650   -1152.2128  0.5725 
   00109    0.4875   -1150.4917  0.5662 
   00110    0.4725   -1151.4145  0.5679 
   00111    0.4800   -1157.2980  0.5695 
   00112    0.4400   -1153.8984  0.5730 
   00113    0.4275   -1153.3239  0.5761 
   00114    0.4800   -1150.0406  0.5752 
   00115    0.4500   -1146.4206  0.5778 
   00116    0.4425   -1150.8579  0.5743 
   00117    0.4500   -1152.4933  0.5736 
   00118    0.4625   -1149.2000  0.5756 
   00119    0.4250   -1148.2349  0.5720 
   00120    0.4150   -1149.7787  0.5730 
   00121    0.4525   -1156.9172  0.5743 
   00122    0.4575   -1167.8384  0.5722 
   00123    0.4500   -1171.1738  0.5733 
   00124    0.4575   -1166.4641  0.5720 
   00125    0.4375   -1168.0370  0.5708 
   00126    0.4950   -1162.6680  0.5754 
   00127    0.4200   -1162.0459  0.5765 
   00128    0.4225   -1167.2560  0.5762 
   00129    0.4825   -1175.0022  0.5808 
   00130    0.4350   -1171.4487  0.5783 
   00131    0.4550   -1172.0103  0.5805 
   00132    0.4375   -1176.7655  0.5787 
   00133    0.3800   -1178.3194  0.5771 
   00134    0.4475   -1175.9998  0.5746 
   00135    0.4875   -1177.2654  0.5750 
   00136    0.4200   -1173.5398  0.5756 
   00137    0.4150   -1170.4065  0.5740 
   00138    0.4325   -1169.6151  0.5772 
   00139    0.4500   -1176.3251  0.5750 
   00140    0.4525   -1174.2811  0.5739 
   00141    0.4500   -1177.6874  0.5711 
   00142    0.4675   -1184.2895  0.5695 
   00143    0.4650   -1185.5076  0.5710 
   00144    0.4800   -1191.3727  0.5687 
   00145    0.4750   -1196.5884  0.5618 
   00146    0.4525   -1199.4761  0.5575 
   00147    0.4925   -1209.0284  0.5608 
   00148    0.4875   -1207.2973  0.5638 
   00149    0.4525   -1200.6511  0.5608 
   00150    0.4500   -1200.1289  0.5588 
   00151    0.4225   -1204.2339  0.5637 
   00152    0.4750   -1201.2939  0.5629 
   00153    0.4750   -1208.6394  0.5684 
   00154    0.4425   -1214.9854  0.5704 
   00155    0.4450   -1213.3352  0.5691 
   00156    0.4625   -1218.6975  0.5712 
   00157    0.5050   -1215.9044  0.5702 
   00158    0.4400   -1219.3980  0.5713 
   00159    0.4800   -1218.9986  0.5711 
   00160    0.4425   -1220.7677  0.5738 
   00161    0.4350   -1229.3963  0.5765 
   00162    0.4350   -1242.1259  0.5828 
   00163    0.4575   -1241.8827  0.5839 
   00164    0.4125   -1247.7126  0.5833 
   00165    0.4800   -1247.6413  0.5850 
   00166    0.4725   -1247.3178  0.5840 
   00167    0.4225   -1252.1695  0.5861 
   00168    0.4525   -1251.3027  0.5860 
   00169    0.4475   -1250.7850  0.5869 
   00170    0.4150   -1253.3868  0.5935 
   00171    0.4500   -1251.7161  0.5949 
   00172    0.4575   -1248.8543  0.5969 
   00173    0.5475   -1257.6106  0.5974 
   00174    0.4825   -1260.6974  0.5974 
   00175    0.4625   -1267.1579  0.5926 
   00176    0.4350   -1268.7533  0.5936 
   00177    0.4700   -1267.4448  0.5927 
   00178    0.4475   -1271.3123  0.5910 
   00179    0.4275   -1271.0136  0.5936 
   00180    0.4300   -1268.3390  0.5897 
   00181    0.4200   -1271.6043  0.5914 
   00182    0.4300   -1272.5217  0.5930 
   00183    0.4475   -1266.5582  0.5901 
   00184    0.4525   -1265.8186  0.5904 
   00185    0.4900   -1270.7119  0.5901 
   00186    0.4175   -1268.0905  0.5894 
   00187    0.4375   -1268.1602  0.5891 
   00188    0.4450   -1267.5544  0.5927 
   00189    0.4650   -1269.2266  0.5913 
   00190    0.4450   -1270.7566  0.5908 
   00191    0.4400   -1272.0260  0.5887 
   00192    0.4850   -1276.6480  0.5897 
   00193    0.4600   -1276.6654  0.5910 
   00194    0.4200   -1270.2864  0.5907 
   00195    0.4275   -1266.0052  0.5976 
   00196    0.4975   -1267.4532  0.6010 
   00197    0.4550   -1264.2185  0.5928 
   00198    0.4975   -1265.6804  0.5920 
   00199    0.3975   -1261.9000  0.5872 
   00200    0.3950   -1268.5640  0.5890 
   00201    0.4825   -1272.9986  0.5906 
   00202    0.4550   -1275.1351  0.5903 
   00203    0.4525   -1274.6276  0.5923 
   00204    0.4600   -1277.1189  0.5897 
   00205    0.4600   -1276.4334  0.5868 
   00206    0.4275   -1278.3722  0.5868 
   00207    0.3875   -1279.6197  0.5848 
   00208    0.4200   -1286.4032  0.5838 
   00209    0.4325   -1285.5147  0.5848 
   00210    0.4600   -1280.0065  0.5889 
   00211    0.4300   -1281.1959  0.5923 
   00212    0.4175   -1280.4062  0.5865 
   00213    0.5025   -1277.0240  0.5862 
   00214    0.4775   -1279.4309  0.5828 
   00215    0.4400   -1285.4963  0.5807 
   00216    0.4425   -1289.2602  0.5801 
   00217    0.4150   -1287.3990  0.5804 
   00218    0.5150   -1286.6178  0.5766 
   00219    0.4375   -1289.6047  0.5783 
   00220    0.4875   -1288.4004  0.5741 
   00221    0.4225   -1286.3006  0.5796 
   00222    0.4450   -1281.2870  0.5757 
   00223    0.4575   -1280.4733  0.5727 
   00224    0.4275   -1279.6604  0.5725 
   00225    0.4475   -1276.2513  0.5742 
   00226    0.4750   -1274.4208  0.5758 
   00227    0.4500   -1279.4573  0.5789 
   00228    0.4550   -1281.7154  0.5811 
   00229    0.4050   -1280.6211  0.5785 
   00230    0.4800   -1279.8199  0.5800 
   00231    0.4575   -1277.4412  0.5818 
   00232    0.4050   -1277.0645  0.5839 
   00233    0.4200   -1284.0688  0.5851 
   00234    0.4425   -1283.2849  0.5855 
   00235    0.4575   -1281.0478  0.5856 
   00236    0.4050   -1278.6673  0.5902 
   00237    0.4675   -1281.5806  0.5900 
   00238    0.4675   -1283.9077  0.5898 
   00239    0.4350   -1288.5273  0.5908 
   00240    0.4450   -1287.9769  0.5892 
   00241    0.4500   -1284.8463  0.5903 
   00242    0.4875   -1283.4080  0.5927 
   00243    0.4275   -1282.7817  0.5875 
   00244    0.3925   -1284.0135  0.5904 
   00245    0.4075   -1282.3574  0.5874 
   00246    0.4850   -1284.8186  0.5889 
   00247    0.4300   -1284.4090  0.5883 
   00248    0.4100   -1284.9401  0.5924 
   00249    0.4250   -1288.3908  0.5956 
   00250    0.4450   -1288.7547  0.5970 
   00251    0.4600   -1288.8751  0.5972 
   00252    0.4575   -1287.9581  0.5996 
   00253    0.4350   -1289.7363  0.5974 
   00254    0.4425   -1293.7784  0.5999 
   00255    0.4525   -1289.6154  0.6009 
   00256    0.4325   -1294.6063  0.6037 
   00257    0.4425   -1297.7148  0.5982 
   00258    0.4100   -1296.2304  0.5973 
   00259    0.4550   -1298.7152  0.5976 
   00260    0.4625   -1301.5110  0.5944 
   00261    0.4200   -1303.6493  0.5947 
   00262    0.4650   -1304.9569  0.5927 
   00263    0.4425   -1307.6819  0.5935 
   00264    0.4325   -1309.8756  0.5949 
   00265    0.4725   -1308.8921  0.5938 
   00266    0.4700   -1312.4458  0.5962 
   00267    0.4650   -1315.1853  0.5979 
   00268    0.4350   -1318.6253  0.5959 
   00269    0.3800   -1319.0587  0.5969 
   00270    0.4525   -1318.4404  0.5971 
   00271    0.4425   -1319.4018  0.5984 
   00272    0.4525   -1322.1484  0.5917 
   00273    0.4225   -1320.8731  0.5911 
   00274    0.4425   -1318.9733  0.5925 
   00275    0.4350   -1319.4829  0.5902 
   00276    0.4825   -1323.3551  0.5907 
   00277    0.4100   -1318.8047  0.5903 
   00278    0.4625   -1319.1327  0.5895 
   00279    0.4725   -1312.6643  0.5896 
   00280    0.3925   -1314.5654  0.5860 
   00281    0.4425   -1310.6695  0.5848 
   00282    0.4625   -1308.4053  0.5855 
   00283    0.4700   -1311.5709  0.5808 
   00284    0.4425   -1316.8943  0.5830 
   00285    0.4475   -1319.2138  0.5807 
   00286    0.4450   -1318.2747  0.5840 
   00287    0.4750   -1319.6083  0.5873 
   00288    0.4625   -1323.1714  0.5909 
   00289    0.4000   -1322.8224  0.5887 
   00290    0.4675   -1326.9408  0.5808 
   00291    0.4400   -1324.3217  0.5807 
   00292    0.4475   -1321.7652  0.5810 
   00293    0.4700   -1318.9769  0.5814 
   00294    0.4450   -1318.1926  0.5841 
   00295    0.4525   -1318.4160  0.5864 
   00296    0.4250   -1318.1420  0.5865 
   00297    0.4900   -1326.6594  0.5844 
   00298    0.4600   -1324.1013  0.5834 
   00299    0.4550   -1322.8975  0.5871 
   00300    0.3975   -1315.2367  0.5870 
   00301    0.4475   -1314.7426  0.5893 
   00302    0.4500   -1309.7315  0.5900 
   00303    0.4825   -1311.2158  0.5888 
   00304    0.4600   -1313.2073  0.5905 
   00305    0.4200   -1314.2862  0.5878 
   00306    0.4475   -1314.3198  0.5835 
   00307    0.4825   -1318.6829  0.5891 
   00308    0.4100   -1319.0531  0.5926 
   00309    0.4700   -1319.0952  0.5969 
   00310    0.4850   -1318.5378  0.5991 
   00311    0.4425   -1318.9811  0.5988 
   00312    0.4000   -1321.9797  0.6013 
   00313    0.4475   -1323.6902  0.6047 
   00314    0.4400   -1319.1634  0.6033 
   00315    0.4225   -1317.5536  0.5984 
   00316    0.4375   -1316.4800  0.5987 
   00317    0.3950   -1306.9559  0.5945 
   00318    0.4225   -1307.6018  0.5967 
   00319    0.4650   -1307.3075  0.5955 
   00320    0.4575   -1311.4204  0.5983 
   00321    0.4675   -1306.6679  0.6006 
   00322    0.4600   -1302.1780  0.5980 
   00323    0.4100   -1304.7013  0.5987 
   00324    0.4250   -1303.0864  0.6021 
   00325    0.4575   -1306.7020  0.6019 
   00326    0.4550   -1305.2861  0.6058 
   00327    0.4200   -1311.7350  0.6092 
   00328    0.4250   -1307.5215  0.6084 
   00329    0.4450   -1311.8723  0.6098 
   00330    0.4175   -1307.3425  0.6101 
   00331    0.4475   -1310.2791  0.6143 
   00332    0.4350   -1315.4262  0.6168 
   00333    0.4550   -1316.2537  0.6195 
   00334    0.4075   -1315.9853  0.6223 
   00335    0.4650   -1322.3448  0.6280 
   00336    0.4100   -1322.7117  0.6296 
   00337    0.4275   -1321.3215  0.6300 
   00338    0.4700   -1321.8111  0.6301 
   00339    0.3900   -1323.6122  0.6247 
   00340    0.5025   -1328.5386  0.6325 
   00341    0.4750   -1328.9245  0.6339 
   00342    0.4575   -1326.7560  0.6288 
   00343    0.4200   -1327.5605  0.6291 
   00344    0.4375   -1328.5831  0.6293 
   00345    0.4650   -1328.9088  0.6335 
   00346    0.4400   -1329.5340  0.6376 
   00347    0.4450   -1324.3684  0.6372 
   00348    0.4325   -1327.8682  0.6382 
   00349    0.4150   -1326.7647  0.6383 
   00350    0.4250   -1327.4854  0.6360 
   00351    0.4700   -1329.5707  0.6352 
   00352    0.4225   -1331.2526  0.6404 
   00353    0.4475   -1333.3914  0.6394 
   00354    0.4575   -1329.3665  0.6403 
   00355    0.4375   -1327.7463  0.6392 
   00356    0.4600   -1334.4086  0.6408 
   00357    0.4150   -1334.5838  0.6419 
   00358    0.4475   -1332.3856  0.6385 
   00359    0.4575   -1330.5706  0.6383 
   00360    0.4525   -1328.1273  0.6374 
   00361    0.4600   -1333.1533  0.6350 
   00362    0.4325   -1331.4669  0.6359 
   00363    0.4375   -1340.1036  0.6420 
   00364    0.4375   -1337.9857  0.6423 
   00365    0.4725   -1338.5971  0.6463 
   00366    0.4200   -1339.3712  0.6432 
   00367    0.4300   -1338.4025  0.6435 
   00368    0.4500   -1339.1058  0.6430 
   00369    0.4400   -1337.2410  0.6456 
   00370    0.4675   -1340.5149  0.6433 
   00371    0.4250   -1339.9962  0.6436 
   00372    0.4600   -1339.9852  0.6444 
   00373    0.4250   -1345.4881  0.6437 
   00374    0.4550   -1348.0459  0.6434 
   00375    0.4875   -1349.9018  0.6454 
   00376    0.4250   -1352.2779  0.6431 
   00377    0.4375   -1349.9505  0.6439 
   00378    0.4700   -1343.5236  0.6408 
   00379    0.4650   -1348.1305  0.6444 
   00380    0.4325   -1348.6868  0.6428 
   00381    0.4700   -1349.1517  0.6426 
   00382    0.4650   -1348.6554  0.6418 
   00383    0.4625   -1341.9792  0.6424 
   00384    0.4425   -1339.4306  0.6457 
   00385    0.4475   -1343.0421  0.6474 
   00386    0.3850   -1341.4385  0.6451 
   00387    0.4375   -1339.3711  0.6453 
   00388    0.4600   -1334.9561  0.6431 
   00389    0.4700   -1339.6268  0.6441 
   00390    0.4450   -1337.9693  0.6449 
   00391    0.4975   -1338.9493  0.6433 
   00392    0.4050   -1339.1727  0.6449 
   00393    0.4575   -1341.4977  0.6481 
   00394    0.4750   -1338.8877  0.6385 
   00395    0.4250   -1339.6029  0.6363 
   00396    0.4425   -1346.4550  0.6362 
   00397    0.4675   -1345.8952  0.6383 
   00398    0.4625   -1342.4650  0.6354 
   00399    0.4850   -1344.2156  0.6367 
   00400    0.4650   -1344.2391  0.6390 
   00401    0.3875   -1343.3006  0.6383 
   00402    0.5050   -1342.0998  0.6343 
   00403    0.4350   -1340.9342  0.6325 
   00404    0.4750   -1338.4769  0.6321 
   00405    0.4150   -1337.9854  0.6351 
   00406    0.4025   -1341.0792  0.6353 
   00407    0.4350   -1342.5776  0.6341 
   00408    0.4825   -1347.2919  0.6358 
   00409    0.4700   -1349.6708  0.6357 
   00410    0.4475   -1349.9289  0.6409 
   00411    0.4625   -1354.6972  0.6460 
   00412    0.4275   -1354.3322  0.6490 
   00413    0.4150   -1355.5738  0.6486 
   00414    0.4150   -1357.9965  0.6478 
   00415    0.4400   -1362.2026  0.6486 
   00416    0.4625   -1361.5142  0.6476 
   00417    0.4050   -1361.3348  0.6489 
   00418    0.4200   -1363.2751  0.6490 
   00419    0.4475   -1362.4563  0.6507 
   00420    0.4650   -1362.4312  0.6532 
   00421    0.4550   -1361.8260  0.6565 
   00422    0.3975   -1357.1178  0.6514 
   00423    0.4425   -1357.1956  0.6515 
   00424    0.4375   -1364.6212  0.6561 
   00425    0.4525   -1365.7351  0.6602 
   00426    0.4725   -1368.5621  0.6631 
   00427    0.4550   -1368.2411  0.6621 
   00428    0.4125   -1364.1445  0.6629 
   00429    0.4425   -1360.1135  0.6614 
   00430    0.4125   -1365.0813  0.6637 
   00431    0.4500   -1369.0269  0.6716 
   00432    0.4050   -1371.0520  0.6767 
   00433    0.4275   -1368.6769  0.6740 
   00434    0.4500   -1365.3978  0.6717 
   00435    0.4350   -1364.7501  0.6696 
   00436    0.4325   -1364.4720  0.6698 
   00437    0.5100   -1364.3658  0.6715 
   00438    0.4900   -1358.2701  0.6703 
   00439    0.4575   -1360.6723  0.6685 
   00440    0.5075   -1360.4000  0.6686 
   00441    0.4575   -1365.3158  0.6681 
   00442    0.4175   -1365.1960  0.6635 
   00443    0.4275   -1367.6263  0.6654 
   00444    0.4425   -1365.0618  0.6629 
   00445    0.4550   -1363.8859  0.6630 
   00446    0.5100   -1363.1582  0.6611 
   00447    0.4200   -1364.0813  0.6616 
   00448    0.4300   -1363.7425  0.6644 
   00449    0.4025   -1363.0458  0.6631 
   00450    0.4400   -1357.7776  0.6605 
   00451    0.4225   -1357.8057  0.6544 
   00452    0.4300   -1354.7393  0.6533 
   00453    0.4325   -1356.3757  0.6481 
   00454    0.4225   -1357.3599  0.6497 
   00455    0.4225   -1357.4438  0.6482 
   00456    0.4250   -1353.9994  0.6473 
   00457    0.4400   -1350.4107  0.6429 
   00458    0.4625   -1352.3380  0.6448 
   00459    0.4575   -1355.5864  0.6510 
   00460    0.4525   -1351.9261  0.6540 
   00461    0.4525   -1352.3057  0.6534 
   00462    0.4300   -1354.9497  0.6562 
   00463    0.4375   -1349.3917  0.6522 
   00464    0.4450   -1353.0526  0.6554 
   00465    0.4575   -1354.7121  0.6552 
   00466    0.4550   -1355.9387  0.6497 
   00467    0.4925   -1351.3740  0.6491 
   00468    0.4675   -1350.4880  0.6491 
   00469    0.4250   -1347.4139  0.6539 
   00470    0.4575   -1349.8696  0.6569 
   00471    0.4200   -1347.9244  0.6559 
   00472    0.3875   -1345.2252  0.6628 
   00473    0.4850   -1343.9078  0.6598 
   00474    0.4425   -1341.0084  0.6606 
   00475    0.4750   -1340.7358  0.6620 
   00476    0.4675   -1337.2869  0.6588 
   00477    0.4300   -1341.0999  0.6590 
   00478    0.4575   -1341.6719  0.6602 
   00479    0.4525   -1343.6869  0.6585 
   00480    0.4425   -1340.3256  0.6598 
   00481    0.4600   -1340.3028  0.6625 
   00482    0.4300   -1339.8897  0.6613 
   00483    0.4275   -1342.1352  0.6619 
   00484    0.4225   -1346.3781  0.6591 
   00485    0.5100   -1346.5174  0.6552 
   00486    0.4450   -1342.0806  0.6558 
   00487    0.4200   -1344.1211  0.6578 
   00488    0.3725   -1344.7287  0.6565 
   00489    0.4175   -1342.4919  0.6563 
   00490    0.4550   -1346.2687  0.6605 
   00491    0.4175   -1347.3439  0.6535 
   00492    0.4275   -1350.4893  0.6534 
   00493    0.4575   -1352.5978  0.6534 
   00494    0.4300   -1353.7676  0.6544 
   00495    0.4450   -1355.3835  0.6527 
   00496    0.4825   -1353.4313  0.6598 
   00497    0.4800   -1354.4301  0.6577 
   00498    0.4100   -1352.8436  0.6576 
   00499    0.4575   -1348.4823  0.6555 
   00500    0.4225   -1343.9367  0.6550 
   00501    0.4575   -1348.8274  0.6573 
   00502    0.4250   -1348.7198  0.6573 
   00503    0.4375   -1351.7363  0.6570 
   00504    0.4625   -1348.3635  0.6581 
   00505    0.4750   -1353.1532  0.6550 
   00506    0.4400   -1355.5342  0.6607 
   00507    0.4825   -1359.8760  0.6625 
   00508    0.4775   -1356.2721  0.6664 
   00509    0.4725   -1357.0950  0.6643 
   00510    0.4675   -1354.4941  0.6616 
   00511    0.4675   -1355.1361  0.6580 
   00512    0.4275   -1358.7325  0.6589 
   00513    0.4475   -1358.1026  0.6589 
   00514    0.4350   -1358.7118  0.6604 
   00515    0.4425   -1359.5056  0.6603 
   00516    0.4625   -1361.8806  0.6602 
   00517    0.4500   -1364.8532  0.6624 
   00518    0.4425   -1363.0855  0.6626 
   00519    0.4500   -1364.9278  0.6642 
   00520    0.4425   -1362.4636  0.6662 
   00521    0.4350   -1362.6289  0.6658 
   00522    0.4625   -1367.0604  0.6637 
   00523    0.4050   -1364.8273  0.6609 
   00524    0.3950   -1366.4618  0.6661 
   00525    0.4350   -1362.6986  0.6650 
   00526    0.4250   -1360.1603  0.6637 
   00527    0.4150   -1361.3271  0.6627 
   00528    0.4325   -1358.5855  0.6642 
   00529    0.4325   -1358.7692  0.6686 
   00530    0.4500   -1356.4375  0.6726 
   00531    0.4475   -1356.4430  0.6716 
   00532    0.4575   -1354.5375  0.6671 
   00533    0.4600   -1358.3927  0.6673 
   00534    0.4075   -1355.7630  0.6667 
   00535    0.4200   -1355.1614  0.6681 
   00536    0.5275   -1349.1639  0.6645 
   00537    0.4575   -1349.3811  0.6626 
   00538    0.4525   -1350.2025  0.6641 
   00539    0.4100   -1353.7470  0.6634 
   00540    0.4125   -1351.4826  0.6609 
   00541    0.4125   -1350.0387  0.6543 
   00542    0.4075   -1347.3624  0.6460 
   00543    0.4275   -1351.3732  0.6482 
   00544    0.4450   -1355.3902  0.6550 
   00545    0.4650   -1357.7427  0.6537 
   00546    0.4575   -1362.9516  0.6584 
   00547    0.4175   -1362.2582  0.6583 
   00548    0.4525   -1357.2093  0.6600 
   00549    0.4125   -1358.4686  0.6623 
   00550    0.4725   -1357.8421  0.6687 
   00551    0.4325   -1354.4634  0.6669 
   00552    0.4300   -1348.6264  0.6619 
   00553    0.4500   -1349.8855  0.6608 
   00554    0.4550   -1345.2490  0.6622 
   00555    0.4550   -1349.7885  0.6700 
   00556    0.4075   -1349.5024  0.6697 
   00557    0.4275   -1347.9071  0.6639 
   00558    0.4575   -1348.8635  0.6644 
   00559    0.3950   -1342.4988  0.6599 
   00560    0.4550   -1349.0933  0.6607 
   00561    0.4800   -1348.1552  0.6594 
   00562    0.4200   -1354.4368  0.6622 
   00563    0.4375   -1352.2042  0.6634 
   00564    0.4200   -1355.8958  0.6642 
   00565    0.4300   -1359.5239  0.6624 
   00566    0.4550   -1358.3615  0.6623 
   00567    0.4250   -1360.4791  0.6643 
   00568    0.4500   -1360.4934  0.6646 
   00569    0.4425   -1360.2895  0.6664 
   00570    0.4650   -1357.5496  0.6678 
   00571    0.4300   -1359.0357  0.6703 
   00572    0.4650   -1361.2523  0.6729 
   00573    0.4450   -1364.3906  0.6725 
   00574    0.4675   -1363.4684  0.6678 
   00575    0.4500   -1366.0576  0.6677 
   00576    0.4550   -1367.9887  0.6691 
   00577    0.4150   -1363.1044  0.6664 
   00578    0.4450   -1363.9587  0.6686 
   00579    0.4650   -1357.9280  0.6701 
   00580    0.4350   -1355.5419  0.6727 
   00581    0.4625   -1357.1292  0.6761 
   00582    0.4575   -1356.2697  0.6741 
   00583    0.4100   -1356.1731  0.6736 
   00584    0.4675   -1355.8075  0.6732 
   00585    0.4275   -1354.5235  0.6722 
   00586    0.4075   -1352.0448  0.6718 
   00587    0.4550   -1348.8287  0.6737 
   00588    0.3875   -1349.3846  0.6725 
   00589    0.4525   -1349.4625  0.6786 
   00590    0.4425   -1351.7885  0.6842 
   00591    0.4150   -1356.5710  0.6859 
   00592    0.4225   -1359.2502  0.6884 
   00593    0.4650   -1361.7448  0.6875 
   00594    0.4975   -1360.8569  0.6851 
   00595    0.4225   -1364.8045  0.6795 
   00596    0.4575   -1362.4908  0.6768 
   00597    0.3925   -1364.8730  0.6781 
   00598    0.4175   -1370.9315  0.6797 
   00599    0.4775   -1368.0087  0.6800 
   00600    0.4750   -1369.8770  0.6816 
   00601    0.4600   -1361.9683  0.6793 
   00602    0.4725   -1358.9561  0.6772 
   00603    0.4575   -1357.8824  0.6795 
   00604    0.4225   -1360.5424  0.6781 
   00605    0.4550   -1357.6567  0.6790 
   00606    0.4425   -1359.0539  0.6792 
   00607    0.4775   -1355.7899  0.6801 
   00608    0.4150   -1355.0822  0.6805 
   00609    0.4400   -1358.1237  0.6842 
   00610    0.4225   -1363.6518  0.6855 
   00611    0.4250   -1365.0303  0.6841 
   00612    0.4150   -1364.6236  0.6855 
   00613    0.4750   -1360.9810  0.6844 
   00614    0.4450   -1354.3661  0.6814 
   00615    0.4750   -1356.5372  0.6816 
   00616    0.3825   -1355.2172  0.6821 
   00617    0.4225   -1358.5526  0.6798 
   00618    0.4700   -1356.3385  0.6720 
   00619    0.4200   -1359.9337  0.6700 
   00620    0.4575   -1362.4323  0.6668 
   00621    0.4400   -1368.3780  0.6698 
   00622    0.4825   -1362.9727  0.6708 
   00623    0.4075   -1364.6100  0.6682 
   00624    0.4075   -1367.2340  0.6691 
   00625    0.4200   -1366.4269  0.6687 
   00626    0.4250   -1362.2581  0.6634 
   00627    0.4225   -1362.2868  0.6661 
   00628    0.4275   -1360.9583  0.6663 
   00629    0.4525   -1361.0137  0.6710 
   00630    0.4475   -1362.0917  0.6676 
   00631    0.4000   -1365.8678  0.6679 
   00632    0.4200   -1364.1178  0.6665 
   00633    0.3925   -1359.9784  0.6665 
   00634    0.4750   -1358.8097  0.6684 
   00635    0.4475   -1357.9053  0.6720 
   00636    0.4350   -1364.0229  0.6727 
   00637    0.4125   -1368.3065  0.6741 
   00638    0.4100   -1367.5136  0.6716 
   00639    0.4050   -1365.3600  0.6752 
   00640    0.4150   -1365.2975  0.6733 
   00641    0.4500   -1369.4416  0.6722 
   00642    0.4400   -1367.5793  0.6698 
   00643    0.4625   -1368.3448  0.6732 
   00644    0.4675   -1366.7304  0.6725 
   00645    0.4475   -1367.4198  0.6676 
   00646    0.4775   -1370.6598  0.6716 
   00647    0.4600   -1367.6384  0.6706 
   00648    0.4350   -1367.4657  0.6708 
   00649    0.4575   -1367.9683  0.6727 
   00650    0.4175   -1369.4168  0.6717 
   00651    0.4275   -1369.5214  0.6711 
   00652    0.4525   -1367.8825  0.6677 
   00653    0.4425   -1370.1594  0.6675 
   00654    0.4700   -1369.9805  0.6682 
   00655    0.3725   -1367.2444  0.6670 
   00656    0.3925   -1367.8694  0.6686 
   00657    0.4100   -1369.6236  0.6712 
   00658    0.4700   -1368.7783  0.6704 
   00659    0.4100   -1365.5893  0.6684 
   00660    0.4350   -1363.9263  0.6709 
   00661    0.4525   -1364.2694  0.6768 
   00662    0.4575   -1365.3082  0.6750 
   00663    0.4450   -1370.0381  0.6755 
   00664    0.4375   -1368.3296  0.6751 
   00665    0.3775   -1366.9592  0.6791 
   00666    0.4550   -1362.2569  0.6817 
   00667    0.4925   -1366.1891  0.6837 
   00668    0.4850   -1357.8334  0.6760 
   00669    0.4325   -1356.8829  0.6780 
   00670    0.4900   -1358.1753  0.6776 
   00671    0.4225   -1356.7476  0.6777 
   00672    0.4025   -1359.4657  0.6791 
   00673    0.4350   -1360.1153  0.6803 
   00674    0.4550   -1360.1356  0.6809 
   00675    0.4100   -1362.2174  0.6830 
   00676    0.4525   -1360.4653  0.6828 
   00677    0.4550   -1360.4913  0.6794 
   00678    0.4275   -1362.1639  0.6796 
   00679    0.4250   -1361.6683  0.6808 
   00680    0.3875   -1365.5791  0.6840 
   00681    0.4800   -1356.4312  0.6849 
   00682    0.4750   -1355.2698  0.6874 
   00683    0.4600   -1359.9441  0.6865 
   00684    0.4000   -1361.4595  0.6874 
   00685    0.4325   -1364.4188  0.6868 
   00686    0.4700   -1369.9076  0.6891 
   00687    0.4300   -1373.2963  0.6893 
   00688    0.4625   -1375.5051  0.6921 
   00689    0.4150   -1371.1231  0.6915 
   00690    0.4575   -1369.5782  0.6903 
   00691    0.4550   -1369.5585  0.6882 
   00692    0.4850   -1368.7398  0.6861 
   00693    0.4450   -1369.0844  0.6880 
   00694    0.4025   -1368.9612  0.6857 
   00695    0.4300   -1365.2440  0.6821 
   00696    0.4325   -1366.3563  0.6833 
   00697    0.4300   -1366.1795  0.6866 
   00698    0.4250   -1369.3244  0.6832 
   00699    0.4075   -1367.7542  0.6787 
   00700    0.4325   -1364.5291  0.6779 
   00701    0.4350   -1367.3574  0.6801 
   00702    0.4725   -1366.3871  0.6808 
   00703    0.4575   -1364.4389  0.6815 
   00704    0.4525   -1364.9411  0.6838 
   00705    0.4450   -1364.4268  0.6876 
   00706    0.4175   -1363.5385  0.6880 
   00707    0.4200   -1361.6475  0.6887 
   00708    0.4225   -1364.3715  0.6910 
   00709    0.3825   -1364.6886  0.6904 
   00710    0.4800   -1368.1339  0.6891 
   00711    0.4925   -1373.5278  0.6926 
   00712    0.4550   -1370.9996  0.6913 
   00713    0.4200   -1369.4928  0.6917 
   00714    0.4200   -1371.2170  0.6922 
   00715    0.4550   -1374.5394  0.6952 
   00716    0.4350   -1373.0275  0.6882 
   00717    0.4450   -1367.7003  0.6859 
   00718    0.4575   -1368.9450  0.6830 
   00719    0.4275   -1376.2128  0.6843 
   00720    0.4225   -1376.3449  0.6843 
   00721    0.4675   -1376.3054  0.6864 
   00722    0.4025   -1381.0247  0.6878 
   00723    0.4150   -1380.3602  0.6887 
   00724    0.4350   -1376.5919  0.6871 
   00725    0.4775   -1374.8260  0.6848 
   00726    0.4525   -1375.1707  0.6897 
   00727    0.4250   -1371.7781  0.6899 
   00728    0.4900   -1378.9536  0.6933 
   00729    0.4600   -1381.1871  0.6915 
   00730    0.4425   -1383.5862  0.6908 
   00731    0.4550   -1381.9520  0.6882 
   00732    0.4175   -1381.9264  0.6885 
   00733    0.4175   -1380.1588  0.6881 
   00734    0.4275   -1378.5866  0.6878 
   00735    0.4325   -1375.0165  0.6863 
   00736    0.4850   -1372.8172  0.6844 
   00737    0.4200   -1368.0277  0.6888 
   00738    0.4550   -1365.3952  0.6873 
   00739    0.4025   -1362.8512  0.6892 
   00740    0.4525   -1356.8285  0.6886 
   00741    0.4625   -1360.9791  0.6869 
   00742    0.4425   -1362.4199  0.6858 
   00743    0.4650   -1364.9089  0.6831 
   00744    0.4050   -1358.6905  0.6803 
   00745    0.4625   -1358.4769  0.6799 
   00746    0.4275   -1361.5123  0.6843 
   00747    0.4800   -1361.6319  0.6847 
   00748    0.4200   -1366.3877  0.6855 
   00749    0.4625   -1367.3026  0.6827 
   00750    0.4450   -1365.3666  0.6805 
   00751    0.4150   -1365.0499  0.6774 
   00752    0.5075   -1360.1741  0.6747 
   00753    0.4550   -1358.0916  0.6692 
   00754    0.4550   -1359.4540  0.6699 
   00755    0.4125   -1357.0873  0.6710 
   00756    0.4575   -1357.0872  0.6709 
   00757    0.3925   -1355.4208  0.6725 
   00758    0.4400   -1354.9161  0.6752 
   00759    0.4325   -1356.9327  0.6824 
   00760    0.4550   -1362.2840  0.6807 
   00761    0.4775   -1363.6698  0.6863 
   00762    0.4650   -1361.5170  0.6906 
   00763    0.4600   -1361.2314  0.6872 
   00764    0.4775   -1363.1525  0.6891 
   00765    0.4475   -1363.1686  0.6895 
   00766    0.4525   -1366.1933  0.6939 
   00767    0.4150   -1368.1399  0.6968 
   00768    0.4600   -1372.3603  0.6990 
   00769    0.4350   -1376.9629  0.6989 
   00770    0.4600   -1377.0777  0.7002 
   00771    0.4600   -1377.1476  0.6953 
   00772    0.3900   -1375.9857  0.6940 
   00773    0.4650   -1375.2790  0.6948 
   00774    0.4675   -1377.2007  0.6949 
   00775    0.4500   -1382.6657  0.6937 
   00776    0.4575   -1383.9407  0.6981 
   00777    0.4800   -1391.3076  0.6976 
   00778    0.4925   -1390.7334  0.7013 
   00779    0.4600   -1390.4830  0.7000 
   00780    0.4325   -1388.8412  0.6962 
   00781    0.4450   -1387.3486  0.6963 
   00782    0.4125   -1384.9012  0.7001 
   00783    0.4250   -1384.9923  0.6981 
   00784    0.4100   -1379.3420  0.6946 
   00785    0.4725   -1375.5135  0.6944 
   00786    0.4275   -1372.1209  0.6950 
   00787    0.4100   -1369.2118  0.6915 
   00788    0.4350   -1367.8602  0.6911 
   00789    0.4425   -1369.5439  0.6880 
   00790    0.4600   -1366.6980  0.6882 
   00791    0.4900   -1366.3766  0.6864 
   00792    0.4125   -1364.5436  0.6839 
   00793    0.4350   -1365.2382  0.6841 
   00794    0.4275   -1363.8819  0.6833 
   00795    0.4400   -1363.3733  0.6809 
   00796    0.4450   -1363.9753  0.6832 
   00797    0.4350   -1364.3792  0.6812 
   00798    0.4175   -1366.5439  0.6793 
   00799    0.4625   -1366.7091  0.6797 
   00800    0.4000   -1362.0166  0.6777 
   00801    0.4675   -1368.4435  0.6778 
   00802    0.4600   -1361.7177  0.6768 
   00803    0.3875   -1361.9946  0.6786 
   00804    0.4050   -1365.3347  0.6798 
   00805    0.4050   -1364.4486  0.6779 
   00806    0.4375   -1360.5628  0.6795 
   00807    0.4650   -1354.4966  0.6787 
   00808    0.4300   -1354.0289  0.6762 
   00809    0.4225   -1354.8391  0.6736 
   00810    0.4400   -1354.1455  0.6694 
   00811    0.4000   -1352.1053  0.6682 
   00812    0.4350   -1352.9877  0.6742 
   00813    0.4275   -1352.7508  0.6745 
   00814    0.4650   -1353.0890  0.6760 
   00815    0.4300   -1352.8711  0.6763 
   00816    0.4950   -1354.3529  0.6756 
   00817    0.4250   -1347.2107  0.6774 
   00818    0.4350   -1354.9048  0.6796 
   00819    0.4350   -1354.8510  0.6813 
   00820    0.4750   -1360.2930  0.6797 
   00821    0.4375   -1362.7760  0.6797 
   00822    0.4725   -1364.7398  0.6815 
   00823    0.4725   -1363.9030  0.6834 
   00824    0.4175   -1366.9966  0.6821 
   00825    0.4150   -1363.6333  0.6846 
   00826    0.4225   -1365.6890  0.6883 
   00827    0.4575   -1367.5207  0.6907 
   00828    0.4150   -1364.7531  0.6894 
   00829    0.4250   -1360.9514  0.6833 
   00830    0.4575   -1365.4694  0.6847 
   00831    0.4225   -1368.2118  0.6820 
   00832    0.4450   -1369.9449  0.6834 
   00833    0.4500   -1369.9901  0.6867 
   00834    0.4700   -1373.2856  0.6870 
   00835    0.4300   -1374.9767  0.6879 
   00836    0.4700   -1378.1916  0.6888 
   00837    0.4575   -1376.2251  0.6886 
   00838    0.4625   -1379.8922  0.6900 
   00839    0.4500   -1380.5181  0.6932 
   00840    0.4150   -1380.3367  0.6935 
   00841    0.4625   -1378.7783  0.6918 
   00842    0.4150   -1382.1030  0.6956 
   00843    0.4250   -1379.1560  0.6940 
   00844    0.4550   -1376.2254  0.6875 
   00845    0.4300   -1378.6847  0.6892 
   00846    0.4525   -1376.9015  0.6891 
   00847    0.4000   -1380.7563  0.6890 
   00848    0.4750   -1375.6199  0.6890 
   00849    0.4575   -1376.8714  0.6866 
   00850    0.4400   -1374.5365  0.6869 
   00851    0.4400   -1372.7820  0.6877 
   00852    0.4675   -1372.9811  0.6806 
   00853    0.4450   -1373.9306  0.6806 
   00854    0.3975   -1374.1551  0.6807 
   00855    0.4250   -1368.6716  0.6806 
   00856    0.4400   -1366.1473  0.6765 
   00857    0.4625   -1369.2184  0.6791 
   00858    0.4350   -1370.4587  0.6798 
   00859    0.4575   -1370.3419  0.6780 
   00860    0.4375   -1366.8759  0.6749 
   00861    0.4175   -1366.2123  0.6714 
   00862    0.4575   -1368.7386  0.6690 
   00863    0.4825   -1369.9260  0.6691 
   00864    0.3925   -1363.9627  0.6664 
   00865    0.4000   -1364.0605  0.6655 
   00866    0.4250   -1366.1333  0.6675 
   00867    0.4275   -1366.5693  0.6653 
   00868    0.4450   -1365.2976  0.6642 
   00869    0.4525   -1363.3914  0.6701 
   00870    0.4425   -1364.6602  0.6712 
   00871    0.4300   -1360.7845  0.6660 
   00872    0.4375   -1362.7965  0.6665 
   00873    0.4425   -1356.7240  0.6647 
   00874    0.4025   -1356.3266  0.6644 
   00875    0.4575   -1358.5325  0.6664 
   00876    0.4175   -1357.3537  0.6690 
   00877    0.4075   -1356.2621  0.6718 
   00878    0.4125   -1357.1925  0.6696 
   00879    0.4075   -1359.0135  0.6697 
   00880    0.4400   -1356.6696  0.6676 
   00881    0.4950   -1360.3174  0.6690 
   00882    0.4800   -1360.7465  0.6720 
   00883    0.4400   -1361.3085  0.6677 
   00884    0.4500   -1362.5933  0.6665 
   00885    0.4550   -1364.1195  0.6654 
   00886    0.4300   -1363.9670  0.6648 
   00887    0.4225   -1368.5892  0.6676 
   00888    0.4875   -1370.0571  0.6687 
   00889    0.4175   -1369.5883  0.6695 
   00890    0.4650   -1365.3810  0.6689 
   00891    0.4650   -1363.8782  0.6700 
   00892    0.4200   -1365.5142  0.6682 
   00893    0.4000   -1359.2578  0.6638 
   00894    0.4675   -1361.3921  0.6664 
   00895    0.4225   -1364.4669  0.6662 
   00896    0.4150   -1364.3898  0.6673 
   00897    0.4650   -1358.5147  0.6695 
   00898    0.4525   -1357.7636  0.6706 
   00899    0.4800   -1359.7328  0.6721 
   00900    0.4025   -1360.2884  0.6744 
   00901    0.4050   -1356.0057  0.6711 
   00902    0.4425   -1353.3319  0.6734 
   00903    0.4550   -1353.7973  0.6706 
   00904    0.4675   -1356.9146  0.6723 
   00905    0.3975   -1361.0478  0.6760 
   00906    0.4325   -1359.4917  0.6751 
   00907    0.4650   -1362.1950  0.6752 
   00908    0.4425   -1362.9475  0.6735 
   00909    0.4600   -1362.9841  0.6748 
   00910    0.4750   -1366.6575  0.6755 
   00911    0.4450   -1362.9115  0.6781 
   00912    0.4300   -1362.3750  0.6794 
   00913    0.4325   -1359.9255  0.6789 
   00914    0.4375   -1358.1628  0.6791 
   00915    0.4475   -1357.3533  0.6765 
   00916    0.4575   -1355.8615  0.6735 
   00917    0.4700   -1354.8336  0.6721 
   00918    0.4825   -1354.4084  0.6765 
   00919    0.4800   -1353.2397  0.6757 
   00920    0.4675   -1350.4976  0.6690 
   00921    0.4950   -1351.5255  0.6716 
   00922    0.4425   -1351.4697  0.6686 
   00923    0.4325   -1350.6169  0.6668 
   00924    0.4125   -1352.4517  0.6718 
   00925    0.4625   -1353.1155  0.6757 
   00926    0.4275   -1362.2862  0.6815 
   00927    0.4025   -1371.5809  0.6839 
   00928    0.3875   -1377.9967  0.6806 
   00929    0.4225   -1378.8218  0.6813 
   00930    0.4625   -1378.3893  0.6821 
   00931    0.4475   -1381.0774  0.6814 
   00932    0.4675   -1380.3035  0.6807 
   00933    0.4800   -1380.1044  0.6777 
   00934    0.4600   -1378.7157  0.6818 
   00935    0.4025   -1376.6391  0.6785 
   00936    0.4900   -1376.4076  0.6780 
   00937    0.4450   -1381.5270  0.6849 
   00938    0.3975   -1379.4384  0.6861 
   00939    0.4250   -1375.9009  0.6905 
   00940    0.4600   -1371.2965  0.6931 
   00941    0.4750   -1369.0940  0.6973 
   00942    0.4425   -1369.9490  0.6980 
   00943    0.4300   -1367.3141  0.6980 
   00944    0.4175   -1367.0075  0.6941 
   00945    0.4350   -1370.2889  0.6947 
   00946    0.4450   -1365.2652  0.6948 
   00947    0.4550   -1367.5004  0.6960 
   00948    0.4450   -1363.3912  0.6939 
   00949    0.4500   -1363.3224  0.6954 
   00950    0.3950   -1359.5842  0.6938 
   00951    0.4400   -1359.8690  0.6940 
   00952    0.4125   -1362.2632  0.6912 
   00953    0.4350   -1358.5547  0.6886 
   00954    0.4675   -1357.8540  0.6909 
   00955    0.4450   -1357.4755  0.6927 
   00956    0.4625   -1355.6814  0.6912 
   00957    0.4400   -1358.0629  0.6884 
   00958    0.4600   -1357.4455  0.6865 
   00959    0.4475   -1360.7190  0.6895 
   00960    0.4675   -1357.0093  0.6906 
   00961    0.3800   -1355.7365  0.6946 
   00962    0.4725   -1355.2216  0.6961 
   00963    0.4775   -1360.0977  0.6945 
   00964    0.4600   -1353.0925  0.6907 
   00965    0.4150   -1351.5901  0.6865 
   00966    0.4450   -1354.8451  0.6819 
   00967    0.4600   -1357.0617  0.6840 
   00968    0.4350   -1354.6943  0.6811 
   00969    0.4425   -1353.6180  0.6807 
   00970    0.4800   -1357.6561  0.6801 
   00971    0.4575   -1361.5168  0.6805 
   00972    0.4325   -1368.9879  0.6763 
   00973    0.4525   -1370.8921  0.6774 
   00974    0.4375   -1367.6291  0.6770 
   00975    0.4225   -1370.3721  0.6789 
   00976    0.4525   -1368.0069  0.6779 
   00977    0.3850   -1364.4480  0.6768 
   00978    0.3875   -1361.2644  0.6758 
   00979    0.4525   -1358.7933  0.6745 
   00980    0.4450   -1360.1735  0.6744 
   00981    0.4325   -1362.0250  0.6727 
   00982    0.4400   -1362.2584  0.6717 
   00983    0.4600   -1360.0992  0.6705 
   00984    0.4575   -1361.3809  0.6682 
   00985    0.4375   -1359.0722  0.6699 
   00986    0.3800   -1363.6639  0.6766 
   00987    0.4325   -1363.1078  0.6791 
   00988    0.4375   -1362.6443  0.6773 
   00989    0.4250   -1366.5748  0.6840 
   00990    0.5000   -1368.2729  0.6860 
   00991    0.4550   -1370.1112  0.6832 
   00992    0.4400   -1368.5287  0.6807 
   00993    0.4550   -1367.4996  0.6817 
   00994    0.4300   -1369.0408  0.6854 
   00995    0.4250   -1369.1042  0.6889 
   00996    0.4650   -1370.6860  0.6917 
   00997    0.4250   -1373.4362  0.6918 
   00998    0.4600   -1374.0430  0.6903 
   00999    0.4575   -1372.0830  0.6867 
   01000    0.4275   -1370.4619  0.6833 
