#=====================================================
# File created:        Wed-05-Nov-2025-at-03-29-51AM
# Size of lattice:     20x20
# Number of MC steps:  1000
# Reduced temperature: 0.050
# Run time (s):        1.852153
#=====================================================
# MC step:  Ratio:     Energy:   Order:
#=====================================================
   00000    0.5000    -401.3103  0.2896 
   00001    0.4825    -404.5942  0.3638 
   00002    0.4825    -412.0144  0.3628 
   00003    0.4525    -422.7430  0.3657 
   00004    0.4550    -433.4157  0.3681 
   00005    0.4500    -441.5615  0.3669 
   00006    0.4600    -454.5302  0.3697 
   00007    0.4975    -468.2446  0.3725 
   00008    0.4675    -473.8160  0.3749 
   00009    0.4600    -489.2950  0.3764 
   00010    0.4400    -503.5291  0.3808 
   00011    0.4475    -514.6179  0.3805 
   00012    0.5350    -518.8157  0.3806 
   00013    0.4925    -527.5267  0.3821 
   00014    0.4025    -532.6183  0.3837 
   00015    0.5225    -538.6825  0.3844 
   00016    0.5075    -543.8154  0.3900 
   00017    0.4500    -548.5908  0.3907 
   00018    0.4875    -559.4695  0.3921 
   00019    0.4950    -564.0849  0.3945 
   00020    0.4800    -573.9924  0.3945 
   00021    0.4625    -579.4643  0.3947 
   00022    0.5025    -584.4806  0.3958 
   00023    0.4575    -591.5433  0.3974 
   00024    0.4700    -595.4630  0.3976 
   00025    0.5225    -607.6620  0.3952 
   00026    0.4950    -614.8832  0.3949 
   00027    0.4225    -621.4750  0.3943 
   00028    0.5000    -633.7465  0.3923 
   00029    0.4900    -647.7546  0.3961 
   00030    0.5075    -655.5671  0.3968 
   00031    0.5200    -663.8858  0.3973 
   00032    0.5375    -674.7336  0.3972 
   00033    0.4725    -682.6720  0.3991 
   00034    0.5025    -690.4182  0.4037 
   00035    0.5150    -701.7847  0.4076 
   00036    0.5425    -705.8498  0.4079 
   00037    0.4600    -707.9081  0.4096 
   00038    0.5150    -716.6451  0.4134 
   00039    0.5200    -727.2728  0.4204 
   00040    0.4875    -733.4530  0.4234 
   00041    0.5400    -740.5604  0.4267 
   00042    0.4725    -747.0057  0.4271 
   00043    0.4700    -751.7977  0.4300 
   00044    0.4775    -756.1105  0.4314 
   00045    0.5075    -762.4752  0.4308 
   00046    0.5175    -768.8673  0.4326 
   00047    0.4500    -772.0734  0.4335 
   00048    0.4875    -778.2750  0.4368 
   00049    0.4450    -782.8341  0.4373 
   00050    0.4975    -789.5511  0.4380 
   00051    0.4775    -797.3970  0.4397 
   00052    0.4750    -802.7126  0.4401 
   00053    0.5000    -814.2504  0.4436 
   00054    0.4475    -820.6856  0.4470 
   00055    0.4800    -824.6062  0.4517 
   00056    0.4700    -831.5501  0.4543 
   00057    0.5075    -838.2470  0.4572 
   00058    0.4450    -839.9690  0.4588 
   00059    0.4725    -843.5661  0.4604 
   00060    0.4650    -848.5677  0.4624 
   00061    0.4825    -855.1265  0.4621 
   00062    0.4700    -860.3903  0.4606 
   00063    0.4625    -869.3637  0.4620 
   00064    0.4750    -877.7251  0.4640 
   00065    0.5075    -886.5290  0.4630 
   00066    0.4825    -890.5848  0.4660 
   00067    0.4750    -897.4972  0.4629 
   00068    0.4950    -903.3857  0.4634 
   00069    0.4825    -910.5357  0.4644 
   00070    0.5000    -918.4878  0.4677 
   00071    0.4825    -922.3683  0.4663 
   00072    0.5100    -926.3213  0.4660 
   00073    0.4925    -933.3071  0.4679 
   00074    0.4900    -938.1985  0.4720 
   00075    0.4650    -943.7683  0.4722 
   00076    0.4975    -947.8386  0.4736 
   00077    0.4675    -954.9162  0.4773 
   00078    0.4475    -957.6326  0.4800 
   00079    0.4575    -962.3979  0.4802 
   00080    0.5025    -970.7222  0.4843 
   00081    0.4675    -974.9929  0.4857 
   00082    0.4700    -980.3994  0.4875 
   00083    0.4625    -985.6160  0.4875 
   00084    0.5000    -990.6695  0.4856 
   00085    0.4900    -997.6976  0.4911 
   00086    0.4925   -1000.6304  0.4917 
   00087    0.4650   -1005.1732  0.4912 
   00088    0.4875   -1010.9438  0.4928 
   00089    0.4500   -1016.3273  0.4937 
   00090    0.4925   -1021.7022  0.4946 
   00091    0.5025   -1024.1764  0.4949 
   00092    0.5025   -1029.4360  0.4967 
   00093    0.5100   -1034.9950  0.4974 
   00094    0.4450   -1034.5092  0.4974 
   00095    0.4650   -1040.2196  0.5001 
   00096    0.4525   -1044.6671  0.5031 
   00097    0.4550   -1047.6880  0.5029 
   00098    0.4900   -1048.7436  0.5039 
   00099    0.4925   -1055.0410  0.5028 
   00100    0.4850   -1059.1616  0.5063 
   00101    0.4850   -1060.8617  0.5072 
   00102    0.4900   -1063.6403  0.5089 
   00103    0.4650   -1066.7532  0.5087 
   00104    0.4425   -1069.6751  0.5104 
   00105    0.5100   -1074.5292  0.5066 
   00106    0.5100   -1078.2991  0.5071 
   00107    0.4825   -1080.3399  0.5076 
   00108    0.4725   -1082.0443  0.5091 
   00109    0.5125   -1083.8597  0.5099 
   00110    0.4775   -1087.8595  0.5084 
   00111    0.4650   -1095.2594  0.5096 
   00112    0.4750   -1096.1896  0.5130 
   00113    0.5025   -1098.0021  0.5138 
   00114    0.4825   -1099.8379  0.5150 
   00115    0.5100   -1102.2198  0.5161 
   00116    0.4975   -1108.8087  0.5164 
   00117    0.4625   -1112.5295  0.5161 
   00118    0.4975   -1120.1289  0.5172 
   00119    0.5000   -1123.3904  0.5189 
   00120    0.5225   -1131.3995  0.5217 
   00121    0.4700   -1136.5739  0.5224 
   00122    0.4800   -1141.1666  0.5241 
   00123    0.4725   -1144.9095  0.5241 
   00124    0.4450   -1149.2136  0.5263 
   00125    0.5225   -1151.6101  0.5281 
   00126    0.4925   -1154.3111  0.5279 
   00127    0.4925   -1158.0780  0.5290 
   00128    0.5325   -1159.1458  0.5295 
   00129    0.4975   -1165.7151  0.5311 
   00130    0.5025   -1170.1903  0.5299 
   00131    0.5000   -1173.6964  0.5303 
   00132    0.4950   -1176.7149  0.5294 
   00133    0.4975   -1182.8799  0.5312 
   00134    0.4375   -1183.1847  0.5330 
   00135    0.4475   -1186.4383  0.5317 
   00136    0.5000   -1190.1675  0.5350 
   00137    0.4925   -1192.0617  0.5354 
   00138    0.4600   -1194.0296  0.5343 
   00139    0.5325   -1198.7356  0.5374 
   00140    0.4225   -1200.2178  0.5388 
   00141    0.4725   -1201.9438  0.5387 
   00142    0.4925   -1205.4121  0.5412 
   00143    0.4900   -1208.0078  0.5416 
   00144    0.5100   -1211.6315  0.5404 
   00145    0.4500   -1214.0306  0.5411 
   00146    0.5200   -1216.8368  0.5393 
   00147    0.4975   -1219.8146  0.5395 
   00148    0.4725   -1221.2768  0.5398 
   00149    0.4850   -1221.1776  0.5402 
   00150    0.4775   -1224.0639  0.5393 
   00151    0.4775   -1227.0803  0.5415 
   00152    0.4800   -1231.8565  0.5442 
   00153    0.4650   -1231.3774  0.5451 
   00154    0.5200   -1233.3086  0.5456 
   00155    0.4950   -1239.8048  0.5520 
   00156    0.4550   -1241.8124  0.5533 
   00157    0.4650   -1243.1368  0.5514 
   00158    0.5175   -1244.2893  0.5522 
   00159    0.4450   -1250.8617  0.5559 
   00160    0.5325   -1255.6859  0.5576 
   00161    0.4925   -1257.9674  0.5584 
   00162    0.4975   -1261.9905  0.5590 
   00163    0.4850   -1264.4973  0.5577 
   00164    0.4650   -1264.9605  0.5564 
   00165    0.4900   -1267.0463  0.5564 
   00166    0.4475   -1269.0432  0.5574 
   00167    0.4500   -1270.5691  0.5571 
   00168    0.4650   -1272.8312  0.5573 
   00169    0.5025   -1274.1422  0.5579 
   00170    0.4825   -1274.9694  0.5576 
   00171    0.5125   -1277.6035  0.5580 
   00172    0.5350   -1279.2356  0.5581 
   00173    0.4525   -1280.2413  0.5590 
   00174    0.5125   -1285.3799  0.5598 
   00175    0.4600   -1290.1376  0.5640 
   00176    0.5150   -1293.4543  0.5671 
   00177    0.4525   -1295.1982  0.5677 
   00178    0.5100   -1299.0869  0.5693 
   00179    0.4750   -1300.0179  0.5692 
   00180    0.5075   -1302.4752  0.5669 
   00181    0.4625   -1302.5872  0.5664 
   00182    0.4825   -1305.5375  0.5692 
   00183    0.4675   -1308.2907  0.5699 
   00184    0.4350   -1309.5251  0.5739 
   00185    0.4425   -1310.6598  0.5727 
   00186    0.4700   -1310.7336  0.5738 
   00187    0.4375   -1311.4008  0.5734 
   00188    0.4525   -1313.7613  0.5738 
   00189    0.4725   -1314.7400  0.5720 
   00190    0.4950   -1316.1843  0.5753 
   00191    0.4625   -1315.0912  0.5762 
   00192    0.4800   -1316.5911  0.5767 
   00193    0.5050   -1316.6988  0.5772 
   00194    0.4325   -1318.9428  0.5764 
   00195    0.5050   -1319.8039  0.5788 
   00196    0.4825   -1320.3380  0.5786 
   00197    0.5250   -1324.4749  0.5785 
   00198    0.4525   -1324.6028  0.5786 
   00199    0.4825   -1323.6349  0.5769 
   00200    0.5350   -1327.0502  0.5780 
   00201    0.4900   -1327.8191  0.5779 
   00202    0.4800   -1330.7063  0.5789 
   00203    0.4325   -1334.0295  0.5800 
   00204    0.4475   -1337.1293  0.5819 
   00205    0.4750   -1338.9095  0.5819 
   00206    0.5175   -1338.8463  0.5831 
   00207    0.4550   -1339.2288  0.5836 
   00208    0.4525   -1340.9827  0.5843 
   00209    0.5000   -1341.1555  0.5830 
   00210    0.4825   -1341.6875  0.5831 
   00211    0.4325   -1344.0956  0.5850 
   00212    0.4400   -1344.4414  0.5843 
   00213    0.4550   -1344.4869  0.5846 
   00214    0.4600   -1346.0624  0.5856 
   00215    0.4725   -1346.2144  0.5877 
   00216    0.4400   -1346.0341  0.5879 
   00217    0.4450   -1347.4342  0.5885 
   00218    0.5025   -1351.6519  0.5914 
   00219    0.4925   -1354.6999  0.5916 
   00220    0.4775   -1354.9104  0.5920 
   00221    0.4625   -1356.6972  0.5920 
   00222    0.4900   -1356.1466  0.5917 
   00223    0.4725   -1358.3983  0.5921 
   00224    0.4950   -1360.6561  0.5923 
   00225    0.4475   -1360.4793  0.5930 
   00226    0.4550   -1361.1912  0.5946 
   00227    0.4700   -1362.1602  0.5934 
   00228    0.4325   -1362.9892  0.5946 
   00229    0.4700   -1365.8031  0.5965 
   00230    0.4100   -1365.8380  0.5957 
   00231    0.4700   -1368.1716  0.5964 
   00232    0.4475   -1368.6451  0.5983 
   00233    0.4550   -1369.6287  0.5984 
   00234    0.4775   -1369.8049  0.6004 
   00235    0.4625   -1371.4431  0.6021 
   00236    0.4625   -1372.8593  0.6021 
   00237    0.4725   -1371.6552  0.6023 
   00238    0.4850   -1373.2119  0.6018 
   00239    0.4925   -1373.1385  0.6020 
   00240    0.4600   -1374.3339  0.6012 
   00241    0.4600   -1374.3905  0.6014 
   00242    0.5000   -1377.2308  0.6024 
   00243    0.5000   -1377.0592  0.6033 
   00244    0.4775   -1378.0186  0.6041 
   00245    0.4650   -1378.1570  0.6047 
   00246    0.4400   -1378.7172  0.6043 
   00247    0.4525   -1379.7714  0.6044 
   00248    0.5200   -1379.2343  0.6047 
   00249    0.4875   -1379.0332  0.6028 
   00250    0.4600   -1379.5036  0.6043 
   00251    0.4300   -1379.3673  0.6033 
   00252    0.4675   -1379.9714  0.6043 
   00253    0.4500   -1381.4808  0.6049 
   00254    0.4800   -1381.3384  0.6055 
   00255    0.4875   -1381.3047  0.6056 
   00256    0.4825   -1381.6514  0.6069 
   00257    0.5250   -1382.0430  0.6059 
   00258    0.4275   -1383.9588  0.6083 
   00259    0.4575   -1384.7661  0.6100 
   00260    0.4800   -1384.5242  0.6097 
   00261    0.4675   -1384.6546  0.6097 
   00262    0.4900   -1386.9656  0.6105 
   00263    0.4975   -1388.8329  0.6106 
   00264    0.4475   -1388.9328  0.6122 
   00265    0.4650   -1392.1475  0.6141 
   00266    0.4725   -1392.8212  0.6141 
   00267    0.4900   -1394.3173  0.6177 
   00268    0.4575   -1395.6559  0.6183 
   00269    0.4525   -1397.5233  0.6200 
   00270    0.4925   -1398.8883  0.6198 
   00271    0.5050   -1398.9110  0.6192 
   00272    0.4175   -1400.6760  0.6207 
   00273    0.4900   -1401.8165  0.6220 
   00274    0.4650   -1402.8991  0.6233 
   00275    0.4800   -1403.0149  0.6235 
   00276    0.5125   -1402.7399  0.6240 
   00277    0.4725   -1405.7145  0.6258 
   00278    0.4175   -1406.1696  0.6254 
   00279    0.5175   -1409.0001  0.6256 
   00280    0.4075   -1409.6684  0.6260 
   00281    0.4925   -1408.4950  0.6268 
   00282    0.5025   -1410.3913  0.6275 
   00283    0.4525   -1409.8077  0.6280 
   00284    0.4925   -1410.5859  0.6287 
   00285    0.4425   -1411.6888  0.6302 
   00286    0.4500   -1411.4926  0.6302 
   00287    0.4175   -1412.2489  0.6294 
   00288    0.4275   -1413.0661  0.6291 
   00289    0.4900   -1413.3190  0.6282 
   00290    0.4900   -1414.6387  0.6308 
   00291    0.4975   -1415.8394  0.6312 
   00292    0.4825   -1417.1609  0.6324 
   00293    0.4775   -1417.4525  0.6333 
   00294    0.5000   -1420.6322  0.6349 
   00295    0.4400   -1420.3914  0.6334 
   00296    0.4625   -1421.1310  0.6322 
   00297    0.4575   -1419.4977  0.6309 
   00298    0.4975   -1420.7756  0.6303 
   00299    0.4900   -1420.6940  0.6293 
   00300    0.4725   -1421.4202  0.6294 
   00301    0.4925   -1421.3198  0.6308 
   00302    0.5050   -1420.3690  0.6310 
   00303    0.4450   -1420.6959  0.6309 
   00304    0.4675   -1421.6817  0.6322 
   00305    0.4800   -1423.1813  0.6328 
   00306    0.5025   -1422.9471  0.6344 
   00307    0.4825   -1422.8532  0.6343 
   00308    0.4650   -1423.4547  0.6347 
   00309    0.4500   -1424.1498  0.6348 
   00310    0.4925   -1427.0849  0.6367 
   00311    0.4650   -1425.6512  0.6377 
   00312    0.4700   -1427.0200  0.6374 
   00313    0.4475   -1428.1332  0.6367 
   00314    0.4550   -1428.9021  0.6372 
   00315    0.4475   -1429.5468  0.6374 
   00316    0.4800   -1429.7173  0.6371 
   00317    0.5150   -1429.5884  0.6370 
   00318    0.4975   -1430.6771  0.6373 
   00319    0.4975   -1432.1507  0.6356 
   00320    0.4800   -1433.0620  0.6382 
   00321    0.4575   -1433.3913  0.6383 
   00322    0.4725   -1433.3915  0.6374 
   00323    0.4725   -1434.1314  0.6372 
   00324    0.4400   -1434.1818  0.6386 
   00325    0.4900   -1434.7430  0.6392 
   00326    0.4800   -1435.2930  0.6407 
   00327    0.4625   -1435.6513  0.6401 
   00328    0.4650   -1436.9239  0.6406 
   00329    0.5050   -1437.1727  0.6407 
   00330    0.4600   -1438.2816  0.6414 
   00331    0.4400   -1437.4331  0.6405 
   00332    0.4375   -1437.8149  0.6402 
   00333    0.5125   -1437.1038  0.6409 
   00334    0.4700   -1436.6744  0.6407 
   00335    0.4300   -1439.2422  0.6405 
   00336    0.4350   -1439.9761  0.6405 
   00337    0.5075   -1441.5787  0.6394 
   00338    0.4850   -1443.0621  0.6398 
   00339    0.4700   -1443.1985  0.6391 
   00340    0.4975   -1445.1340  0.6412 
   00341    0.4625   -1443.7070  0.6409 
   00342    0.4650   -1443.2728  0.6405 
   00343    0.4675   -1444.3362  0.6405 
   00344    0.4850   -1445.4758  0.6411 
   00345    0.4825   -1444.2815  0.6397 
   00346    0.4475   -1444.6946  0.6410 
   00347    0.4700   -1446.7054  0.6422 
   00348    0.4575   -1446.4386  0.6426 
   00349    0.4900   -1445.6632  0.6433 
   00350    0.4650   -1446.6506  0.6443 
   00351    0.4925   -1446.5637  0.6457 
   00352    0.4550   -1446.6382  0.6455 
   00353    0.4575   -1447.1356  0.6460 
   00354    0.4450   -1447.2252  0.6463 
   00355    0.4400   -1446.3318  0.6484 
   00356    0.4550   -1447.2590  0.6470 
   00357    0.4875   -1446.2484  0.6473 
   00358    0.4825   -1447.1208  0.6474 
   00359    0.4925   -1447.3377  0.6485 
   00360    0.4950   -1448.2045  0.6497 
   00361    0.5025   -1448.4151  0.6499 
   00362    0.4625   -1448.2858  0.6500 
   00363    0.4650   -1448.8913  0.6516 
   00364    0.4600   -1448.1132  0.6521 
   00365    0.4525   -1449.3593  0.6538 
   00366    0.4600   -1448.7461  0.6527 
   00367    0.4675   -1449.1470  0.6530 
   00368    0.4600   -1449.1056  0.6529 
   00369    0.4400   -1449.5578  0.6520 
   00370    0.4800   -1449.9886  0.6518 
   00371    0.4425   -1449.9773  0.6513 
   00372    0.5175   -1449.8692  0.6501 
   00373    0.4500   -1450.6277  0.6498 
   00374    0.5175   -1451.0841  0.6514 
   00375    0.4975   -1452.4773  0.6522 
   00376    0.4550   -1453.2307  0.6545 
   00377    0.4550   -1455.8159  0.6553 
   00378    0.4875   -1455.4799  0.6557 
   00379    0.4875   -1456.4699  0.6565 
   00380    0.4700   -1456.9222  0.6588 
   00381    0.4075   -1456.6291  0.6585 
   00382    0.4875   -1456.9305  0.6585 
   00383    0.4350   -1459.2128  0.6574 
   00384    0.4725   -1460.0780  0.6577 
   00385    0.4725   -1460.6873  0.6586 
   00386    0.4500   -1460.9185  0.6596 
   00387    0.4275   -1459.9550  0.6596 
   00388    0.4450   -1459.7181  0.6586 
   00389    0.4475   -1460.3426  0.6587 
   00390    0.4575   -1460.6551  0.6571 
   00391    0.4625   -1461.1920  0.6585 
   00392    0.4900   -1462.4567  0.6594 
   00393    0.4875   -1462.9589  0.6602 
   00394    0.4900   -1464.7144  0.6608 
   00395    0.4825   -1465.4928  0.6606 
   00396    0.4800   -1465.3631  0.6599 
   00397    0.5050   -1464.5766  0.6593 
   00398    0.4275   -1464.8843  0.6594 
   00399    0.5000   -1465.0266  0.6590 
   00400    0.4550   -1464.6419  0.6591 
   00401    0.4625   -1464.9659  0.6598 
   00402    0.4950   -1465.0042  0.6609 
   00403    0.5050   -1464.6141  0.6617 
   00404    0.5050   -1466.8375  0.6637 
   00405    0.4625   -1466.3750  0.6626 
   00406    0.4675   -1466.2685  0.6624 
   00407    0.4600   -1467.2688  0.6621 
   00408    0.4575   -1467.9916  0.6616 
   00409    0.4575   -1467.5785  0.6610 
   00410    0.4525   -1467.6370  0.6624 
   00411    0.4675   -1468.1755  0.6622 
   00412    0.4650   -1468.7139  0.6654 
   00413    0.4825   -1467.9623  0.6657 
   00414    0.4525   -1468.3511  0.6660 
   00415    0.4425   -1469.4941  0.6675 
   00416    0.4600   -1468.7453  0.6671 
   00417    0.4850   -1469.3410  0.6664 
   00418    0.5025   -1469.5081  0.6659 
   00419    0.5000   -1469.5237  0.6667 
   00420    0.4625   -1469.8795  0.6656 
   00421    0.4750   -1470.3936  0.6665 
   00422    0.4250   -1470.8902  0.6660 
   00423    0.4850   -1471.0519  0.6676 
   00424    0.4575   -1471.7432  0.6685 
   00425    0.4350   -1471.4451  0.6682 
   00426    0.5275   -1472.3114  0.6692 
   00427    0.4650   -1472.3320  0.6685 
   00428    0.4775   -1473.9594  0.6677 
   00429    0.4725   -1474.2005  0.6677 
   00430    0.5075   -1474.2919  0.6674 
   00431    0.4650   -1474.4773  0.6669 
   00432    0.4675   -1473.0683  0.6676 
   00433    0.5300   -1473.7147  0.6670 
   00434    0.4725   -1473.6496  0.6668 
   00435    0.4725   -1473.9805  0.6679 
   00436    0.4850   -1475.0428  0.6678 
   00437    0.4475   -1474.7139  0.6702 
   00438    0.4975   -1475.7779  0.6704 
   00439    0.4525   -1475.7395  0.6708 
   00440    0.4575   -1475.5993  0.6709 
   00441    0.4725   -1475.5561  0.6713 
   00442    0.4575   -1477.1689  0.6715 
   00443    0.4700   -1476.6368  0.6725 
   00444    0.4575   -1477.9139  0.6717 
   00445    0.4625   -1478.9578  0.6707 
   00446    0.4750   -1477.7967  0.6699 
   00447    0.4450   -1478.2173  0.6698 
   00448    0.4950   -1477.5169  0.6699 
   00449    0.4400   -1478.7596  0.6678 
   00450    0.4875   -1479.3119  0.6676 
   00451    0.4925   -1480.0536  0.6692 
   00452    0.4600   -1479.9038  0.6703 
   00453    0.4950   -1478.9524  0.6684 
   00454    0.4600   -1479.6498  0.6684 
   00455    0.4700   -1478.7913  0.6689 
   00456    0.4875   -1478.5249  0.6705 
   00457    0.4625   -1476.7199  0.6714 
   00458    0.4500   -1476.4725  0.6702 
   00459    0.4725   -1476.2995  0.6699 
   00460    0.4225   -1477.2887  0.6716 
   00461    0.4500   -1478.6810  0.6714 
   00462    0.4900   -1479.0859  0.6714 
   00463    0.4725   -1478.9896  0.6707 
   00464    0.4700   -1479.2370  0.6702 
   00465    0.4650   -1479.6002  0.6692 
   00466    0.4925   -1480.4449  0.6704 
   00467    0.4400   -1480.8101  0.6709 
   00468    0.4375   -1479.3694  0.6706 
   00469    0.4775   -1479.2690  0.6715 
   00470    0.4700   -1479.8217  0.6721 
   00471    0.4625   -1480.4182  0.6736 
   00472    0.4575   -1479.5125  0.6753 
   00473    0.4750   -1478.4847  0.6755 
   00474    0.4775   -1479.6247  0.6758 
   00475    0.4400   -1480.2453  0.6746 
   00476    0.4650   -1479.5390  0.6743 
   00477    0.4725   -1480.4550  0.6743 
   00478    0.4650   -1480.2350  0.6726 
   00479    0.4450   -1480.3621  0.6709 
   00480    0.4500   -1480.7217  0.6693 
   00481    0.5000   -1480.0112  0.6693 
   00482    0.4650   -1480.7521  0.6682 
   00483    0.4600   -1480.3212  0.6674 
   00484    0.4350   -1480.6298  0.6668 
   00485    0.4575   -1483.2959  0.6677 
   00486    0.4975   -1483.5652  0.6684 
   00487    0.5125   -1483.1778  0.6694 
   00488    0.4450   -1487.2969  0.6698 
   00489    0.4650   -1488.4040  0.6704 
   00490    0.4475   -1489.1900  0.6711 
   00491    0.4775   -1489.6534  0.6725 
   00492    0.4700   -1490.1310  0.6734 
   00493    0.4625   -1489.8688  0.6720 
   00494    0.4425   -1490.1691  0.6714 
   00495    0.4650   -1490.1597  0.6731 
   00496    0.4600   -1491.1408  0.6734 
   00497    0.4675   -1491.5055  0.6731 
   00498    0.4450   -1491.3647  0.6739 
   00499    0.4775   -1491.3770  0.6733 
   00500    0.5050   -1490.4705  0.6744 
   00501    0.4925   -1492.0501  0.6727 
   00502    0.4725   -1491.8962  0.6722 
   00503    0.4975   -1491.6410  0.6735 
   00504    0.4000   -1492.0946  0.6738 
   00505    0.4700   -1493.0284  0.6719 
   00506    0.4625   -1493.6004  0.6718 
   00507    0.4500   -1493.2221  0.6730 
   00508    0.4850   -1493.5898  0.6717 
   00509    0.4475   -1493.5845  0.6694 
   00510    0.4675   -1493.5672  0.6694 
   00511    0.4925   -1493.1427  0.6700 
   00512    0.4400   -1492.7275  0.6696 
   00513    0.4350   -1493.3790  0.6696 
   00514    0.4875   -1493.0167  0.6691 
   00515    0.4750   -1493.3791  0.6683 
   00516    0.4575   -1492.6405  0.6693 
   00517    0.4575   -1492.5881  0.6708 
   00518    0.4600   -1492.1549  0.6707 
   00519    0.4375   -1493.8452  0.6701 
   00520    0.4150   -1494.0992  0.6696 
   00521    0.4750   -1493.3168  0.6694 
   00522    0.4600   -1493.4673  0.6709 
   00523    0.4650   -1492.8890  0.6719 
   00524    0.4700   -1493.0445  0.6715 
   00525    0.4375   -1493.4583  0.6727 
   00526    0.4550   -1493.4224  0.6740 
   00527    0.4850   -1493.1695  0.6738 
   00528    0.4300   -1493.4038  0.6761 
   00529    0.4200   -1494.3272  0.6765 
   00530    0.4775   -1494.1582  0.6755 
   00531    0.4475   -1494.2849  0.6761 
   00532    0.4100   -1494.7489  0.6755 
   00533    0.4725   -1495.7173  0.6767 
   00534    0.4500   -1495.8974  0.6770 
   00535    0.4425   -1496.7193  0.6767 
   00536    0.4200   -1495.7567  0.6765 
   00537    0.4725   -1496.6419  0.6763 
   00538    0.4900   -1496.3496  0.6767 
   00539    0.4750   -1496.7172  0.6760 
   00540    0.4400   -1497.5259  0.6770 
   00541    0.4825   -1496.7349  0.6758 
   00542    0.4625   -1496.8446  0.6746 
   00543    0.4900   -1496.1588  0.6738 
   00544    0.4500   -1495.6468  0.6738 
   00545    0.4650   -1497.0518  0.6743 
   00546    0.5000   -1497.6486  0.6749 
   00547    0.4600   -1497.8845  0.6747 
   00548    0.4850   -1497.6474  0.6744 
   00549    0.4500   -1497.8804  0.6749 
   00550    0.4900   -1500.0011  0.6730 
   00551    0.4950   -1500.2342  0.6735 
   00552    0.4325   -1499.6842  0.6749 
   00553    0.4650   -1500.8637  0.6741 
   00554    0.5050   -1501.2296  0.6764 
   00555    0.4775   -1500.8499  0.6750 
   00556    0.5025   -1501.2472  0.6771 
   00557    0.4750   -1501.3909  0.6768 
   00558    0.4900   -1501.1308  0.6759 
   00559    0.4925   -1500.9241  0.6754 
   00560    0.4400   -1500.9506  0.6762 
   00561    0.4750   -1501.0551  0.6763 
   00562    0.4350   -1501.3878  0.6768 
   00563    0.4750   -1501.3984  0.6761 
   00564    0.4500   -1500.5437  0.6776 
   00565    0.4775   -1500.4691  0.6789 
   00566    0.4425   -1501.0312  0.6799 
   00567    0.4250   -1500.3922  0.6787 
   00568    0.4525   -1499.9568  0.6769 
   00569    0.4500   -1499.2974  0.6772 
   00570    0.4875   -1500.6125  0.6792 
   00571    0.4775   -1500.6858  0.6806 
   00572    0.4825   -1499.9906  0.6809 
   00573    0.4925   -1500.4936  0.6792 
   00574    0.4975   -1500.6389  0.6781 
   00575    0.4625   -1500.3777  0.6807 
   00576    0.4425   -1500.5810  0.6798 
   00577    0.5025   -1500.6954  0.6778 
   00578    0.4825   -1501.5167  0.6771 
   00579    0.4625   -1500.7926  0.6771 
   00580    0.4500   -1501.1753  0.6785 
   00581    0.5225   -1501.0307  0.6788 
   00582    0.4750   -1500.9024  0.6783 
   00583    0.4650   -1502.1313  0.6802 
   00584    0.4175   -1502.3320  0.6793 
   00585    0.4625   -1501.2058  0.6799 
   00586    0.4925   -1501.2576  0.6797 
   00587    0.4750   -1500.5042  0.6809 
   00588    0.4625   -1501.4600  0.6810 
   00589    0.4650   -1501.9997  0.6817 
   00590    0.5075   -1502.0727  0.6821 
   00591    0.5000   -1501.8594  0.6810 
   00592    0.4700   -1502.2591  0.6807 
   00593    0.4550   -1502.0843  0.6811 
   00594    0.4825   -1502.0491  0.6805 
   00595    0.4750   -1502.8232  0.6821 
   00596    0.4525   -1504.2484  0.6819 
   00597    0.4925   -1504.1281  0.6828 
   00598    0.4375   -1503.5388  0.6818 
   00599    0.4700   -1504.6808  0.6808 
   00600    0.4125   -1505.1069  0.6811 
   00601    0.4450   -1505.3742  0.6810 
   00602    0.4100   -1505.1296  0.6806 
   00603    0.4625   -1504.9499  0.6803 
   00604    0.4300   -1504.4201  0.6808 
   00605    0.4175   -1505.4873  0.6815 
   00606    0.4675   -1505.6015  0.6821 
   00607    0.4900   -1505.6873  0.6815 
   00608    0.5025   -1504.9057  0.6815 
   00609    0.4500   -1505.1753  0.6821 
   00610    0.4950   -1504.7198  0.6801 
   00611    0.4550   -1504.9773  0.6802 
   00612    0.4675   -1505.9256  0.6802 
   00613    0.4500   -1505.9385  0.6812 
   00614    0.4950   -1506.4130  0.6810 
   00615    0.4950   -1506.7867  0.6810 
   00616    0.4600   -1506.7906  0.6815 
   00617    0.4600   -1507.0406  0.6828 
   00618    0.4425   -1507.7670  0.6844 
   00619    0.4225   -1507.9177  0.6851 
   00620    0.4625   -1507.1279  0.6858 
   00621    0.4350   -1506.9770  0.6847 
   00622    0.4850   -1506.7784  0.6849 
   00623    0.4450   -1506.3874  0.6858 
   00624    0.4975   -1506.4909  0.6874 
   00625    0.5025   -1506.3182  0.6878 
   00626    0.4625   -1506.9594  0.6876 
   00627    0.4550   -1506.1196  0.6880 
   00628    0.4875   -1505.9629  0.6865 
   00629    0.4700   -1507.1391  0.6870 
   00630    0.4700   -1507.4287  0.6865 
   00631    0.4775   -1507.5612  0.6855 
   00632    0.4475   -1507.2135  0.6854 
   00633    0.4650   -1507.4245  0.6839 
   00634    0.4350   -1507.4082  0.6837 
   00635    0.4775   -1507.4213  0.6821 
   00636    0.4450   -1508.0248  0.6820 
   00637    0.4475   -1507.0193  0.6839 
   00638    0.4975   -1507.2248  0.6826 
   00639    0.4350   -1507.7969  0.6818 
   00640    0.4650   -1508.0737  0.6822 
   00641    0.4550   -1507.9756  0.6837 
   00642    0.4600   -1507.5197  0.6836 
   00643    0.4850   -1507.9733  0.6850 
   00644    0.5075   -1507.4450  0.6831 
   00645    0.4250   -1508.3403  0.6828 
   00646    0.4600   -1508.3445  0.6829 
   00647    0.4550   -1508.2287  0.6823 
   00648    0.4175   -1508.1564  0.6813 
   00649    0.4825   -1507.0167  0.6804 
   00650    0.4725   -1508.2501  0.6811 
   00651    0.4475   -1508.4447  0.6805 
   00652    0.4475   -1508.1436  0.6795 
   00653    0.4450   -1507.1074  0.6794 
   00654    0.5000   -1508.1908  0.6811 
   00655    0.4600   -1507.6474  0.6820 
   00656    0.4150   -1507.5386  0.6821 
   00657    0.4800   -1508.6823  0.6829 
   00658    0.4625   -1507.9475  0.6821 
   00659    0.4625   -1508.1922  0.6822 
   00660    0.4800   -1509.1968  0.6821 
   00661    0.4450   -1508.3805  0.6857 
   00662    0.4275   -1507.5511  0.6861 
   00663    0.4675   -1507.9393  0.6866 
   00664    0.4675   -1508.3602  0.6849 
   00665    0.5025   -1509.0559  0.6849 
   00666    0.4425   -1509.1449  0.6851 
   00667    0.4725   -1508.8627  0.6851 
   00668    0.4950   -1508.7328  0.6862 
   00669    0.4325   -1508.5540  0.6867 
   00670    0.4550   -1508.2337  0.6861 
   00671    0.4975   -1507.9453  0.6859 
   00672    0.4900   -1508.2191  0.6865 
   00673    0.4600   -1508.4195  0.6875 
   00674    0.4775   -1509.6381  0.6885 
   00675    0.4850   -1508.9562  0.6895 
   00676    0.4750   -1508.6601  0.6882 
   00677    0.4325   -1508.4414  0.6891 
   00678    0.4700   -1508.3086  0.6895 
   00679    0.4850   -1508.9167  0.6875 
   00680    0.5100   -1508.6262  0.6872 
   00681    0.4200   -1509.2466  0.6879 
   00682    0.4575   -1509.2436  0.6883 
   00683    0.4750   -1507.9861  0.6894 
   00684    0.4375   -1508.1513  0.6899 
   00685    0.4925   -1509.3085  0.6894 
   00686    0.4500   -1509.1026  0.6890 
   00687    0.4450   -1508.4931  0.6881 
   00688    0.4325   -1508.8471  0.6874 
   00689    0.4550   -1509.1465  0.6870 
   00690    0.4325   -1509.0496  0.6863 
   00691    0.4725   -1509.1530  0.6855 
   00692    0.4650   -1508.5647  0.6854 
   00693    0.4975   -1510.3954  0.6860 
   00694    0.4500   -1510.8237  0.6865 
   00695    0.4925   -1510.0732  0.6860 
   00696    0.4500   -1509.8640  0.6854 
   00697    0.4650   -1510.7188  0.6855 
   00698    0.4375   -1509.7970  0.6847 
   00699    0.5100   -1510.7795  0.6853 
   00700    0.4575   -1510.8877  0.6845 
   00701    0.4700   -1510.7814  0.6844 
   00702    0.4425   -1510.8060  0.6841 
   00703    0.4375   -1510.3796  0.6833 
   00704    0.4425   -1510.6063  0.6836 
   00705    0.4900   -1509.7830  0.6842 
   00706    0.4625   -1510.0357  0.6844 
   00707    0.4475   -1510.1367  0.6846 
   00708    0.4625   -1509.4565  0.6861 
   00709    0.4950   -1509.2557  0.6852 
   00710    0.4475   -1510.0372  0.6847 
   00711    0.4975   -1510.1872  0.6844 
   00712    0.4650   -1510.6364  0.6857 
   00713    0.4050   -1510.0542  0.6858 
   00714    0.4750   -1509.8342  0.6832 
   00715    0.4700   -1509.7782  0.6815 
   00716    0.4575   -1508.8062  0.6820 
   00717    0.4350   -1509.7519  0.6814 
   00718    0.5125   -1509.1019  0.6821 
   00719    0.4475   -1509.4774  0.6832 
   00720    0.4550   -1508.8611  0.6823 
   00721    0.4775   -1509.5863  0.6831 
   00722    0.4725   -1510.7551  0.6844 
   00723    0.4300   -1510.9634  0.6861 
   00724    0.4850   -1510.8916  0.6872 
   00725    0.4925   -1511.2732  0.6873 
   00726    0.4425   -1510.9880  0.6874 
   00727    0.5050   -1511.3403  0.6874 
   00728    0.5025   -1511.0864  0.6871 
   00729    0.4825   -1511.1911  0.6895 
   00730    0.4600   -1511.5106  0.6909 
   00731    0.5075   -1510.9341  0.6895 
   00732    0.4925   -1511.0788  0.6905 
   00733    0.4325   -1511.2366  0.6901 
   00734    0.4775   -1510.4777  0.6895 
   00735    0.4475   -1510.9864  0.6896 
   00736    0.4450   -1510.8644  0.6906 
   00737    0.5125   -1510.4339  0.6917 
   00738    0.4700   -1509.8084  0.6923 
   00739    0.4850   -1509.2632  0.6917 
   00740    0.4375   -1509.4472  0.6915 
   00741    0.4675   -1509.2826  0.6896 
   00742    0.4900   -1510.3748  0.6908 
   00743    0.4525   -1510.5321  0.6913 
   00744    0.4375   -1510.3578  0.6925 
   00745    0.4625   -1509.8623  0.6911 
   00746    0.4650   -1511.2092  0.6926 
   00747    0.4850   -1511.2026  0.6912 
   00748    0.4075   -1510.9056  0.6917 
   00749    0.4775   -1512.1324  0.6939 
   00750    0.4750   -1511.6411  0.6946 
   00751    0.4725   -1512.0605  0.6937 
   00752    0.5125   -1512.9355  0.6957 
   00753    0.4825   -1512.7868  0.6961 
   00754    0.4625   -1513.0920  0.6965 
   00755    0.4775   -1513.1529  0.6956 
   00756    0.4300   -1513.8171  0.6954 
   00757    0.4775   -1513.2220  0.6954 
   00758    0.4725   -1512.6738  0.6950 
   00759    0.4575   -1512.8341  0.6957 
   00760    0.4575   -1512.1860  0.6947 
   00761    0.4450   -1511.3909  0.6948 
   00762    0.4500   -1512.2138  0.6947 
   00763    0.4450   -1512.4029  0.6948 
   00764    0.4225   -1512.7353  0.6951 
   00765    0.4775   -1512.8051  0.6946 
   00766    0.4475   -1512.3011  0.6935 
   00767    0.4750   -1512.6826  0.6932 
   00768    0.4600   -1513.0911  0.6929 
   00769    0.4550   -1513.1476  0.6944 
   00770    0.4625   -1513.2275  0.6949 
   00771    0.4800   -1512.0730  0.6941 
   00772    0.4800   -1512.0510  0.6948 
   00773    0.4350   -1512.0805  0.6963 
   00774    0.4525   -1512.5613  0.6970 
   00775    0.4900   -1512.3457  0.6976 
   00776    0.4550   -1513.0982  0.6990 
   00777    0.4425   -1513.2037  0.6994 
   00778    0.4900   -1514.3335  0.6998 
   00779    0.4950   -1513.9287  0.7000 
   00780    0.4900   -1513.4227  0.7015 
   00781    0.4975   -1514.3714  0.6999 
   00782    0.4700   -1514.5353  0.7003 
   00783    0.5150   -1514.8724  0.7008 
   00784    0.4550   -1514.2218  0.7003 
   00785    0.4250   -1513.8138  0.7009 
   00786    0.5025   -1513.9192  0.7013 
   00787    0.4625   -1513.3739  0.7003 
   00788    0.4675   -1513.9782  0.7010 
   00789    0.4575   -1513.2281  0.7033 
   00790    0.4500   -1513.3603  0.7026 
   00791    0.4350   -1513.1654  0.7013 
   00792    0.4400   -1513.6503  0.7031 
   00793    0.4500   -1513.8407  0.7021 
   00794    0.4850   -1513.9993  0.7029 
   00795    0.4300   -1513.8911  0.7019 
   00796    0.5100   -1513.8105  0.7009 
   00797    0.4400   -1512.5599  0.7003 
   00798    0.4850   -1511.7986  0.7016 
   00799    0.4275   -1512.4502  0.7032 
   00800    0.4475   -1512.4194  0.7034 
   00801    0.5000   -1512.5715  0.7036 
   00802    0.4825   -1514.1434  0.7057 
   00803    0.4600   -1514.2394  0.7073 
   00804    0.4725   -1515.0375  0.7067 
   00805    0.4425   -1513.9634  0.7057 
   00806    0.4450   -1513.4813  0.7054 
   00807    0.4900   -1513.5824  0.7056 
   00808    0.4575   -1513.5296  0.7061 
   00809    0.4550   -1513.3274  0.7060 
   00810    0.4550   -1514.3801  0.7067 
   00811    0.5300   -1513.8378  0.7073 
   00812    0.4600   -1516.2685  0.7087 
   00813    0.4575   -1516.3827  0.7094 
   00814    0.5100   -1515.4681  0.7090 
   00815    0.4500   -1515.5185  0.7090 
   00816    0.4875   -1517.0021  0.7093 
   00817    0.4975   -1517.0802  0.7089 
   00818    0.4400   -1516.9651  0.7104 
   00819    0.4400   -1516.3282  0.7110 
   00820    0.4625   -1517.1102  0.7105 
   00821    0.4925   -1516.9612  0.7106 
   00822    0.4000   -1517.3318  0.7102 
   00823    0.4700   -1517.7187  0.7094 
   00824    0.4700   -1517.3721  0.7105 
   00825    0.4650   -1518.1092  0.7111 
   00826    0.4425   -1518.5588  0.7117 
   00827    0.4825   -1518.9170  0.7115 
   00828    0.4175   -1519.6622  0.7122 
   00829    0.4575   -1518.9719  0.7118 
   00830    0.4650   -1518.8017  0.7117 
   00831    0.4450   -1519.0068  0.7119 
   00832    0.4500   -1519.8731  0.7121 
   00833    0.5000   -1520.9764  0.7130 
   00834    0.4875   -1520.2075  0.7140 
   00835    0.4550   -1520.0645  0.7136 
   00836    0.4975   -1519.7146  0.7138 
   00837    0.4700   -1520.0809  0.7140 
   00838    0.4900   -1520.9551  0.7147 
   00839    0.4650   -1522.9828  0.7161 
   00840    0.4850   -1523.1984  0.7157 
   00841    0.4725   -1523.1583  0.7171 
   00842    0.4525   -1523.9995  0.7167 
   00843    0.4900   -1523.3912  0.7185 
   00844    0.4475   -1523.5620  0.7189 
   00845    0.4700   -1524.8236  0.7194 
   00846    0.4575   -1525.7140  0.7192 
   00847    0.4400   -1526.2740  0.7203 
   00848    0.4575   -1526.7858  0.7208 
   00849    0.4575   -1525.8204  0.7202 
   00850    0.4675   -1526.1866  0.7199 
   00851    0.4750   -1526.6864  0.7190 
   00852    0.4800   -1526.1636  0.7195 
   00853    0.4575   -1526.6004  0.7193 
   00854    0.4325   -1527.6410  0.7192 
   00855    0.4875   -1527.1399  0.7177 
   00856    0.4850   -1527.3549  0.7179 
   00857    0.4650   -1527.8693  0.7181 
   00858    0.4475   -1527.8792  0.7178 
   00859    0.4250   -1527.1990  0.7171 
   00860    0.4925   -1526.7407  0.7185 
   00861    0.4850   -1526.7414  0.7191 
   00862    0.4600   -1526.7761  0.7193 
   00863    0.4700   -1526.9678  0.7190 
   00864    0.4575   -1526.6155  0.7190 
   00865    0.4850   -1526.8578  0.7198 
   00866    0.4825   -1526.8227  0.7199 
   00867    0.4750   -1527.1896  0.7192 
   00868    0.4975   -1527.7973  0.7203 
   00869    0.4550   -1526.7952  0.7205 
   00870    0.4400   -1527.5775  0.7219 
   00871    0.5325   -1525.9380  0.7215 
   00872    0.4625   -1527.3741  0.7212 
   00873    0.5000   -1527.6628  0.7208 
   00874    0.4325   -1527.1574  0.7215 
   00875    0.4750   -1527.5004  0.7195 
   00876    0.4250   -1527.6655  0.7193 
   00877    0.4950   -1527.1034  0.7199 
   00878    0.4600   -1528.1863  0.7196 
   00879    0.4325   -1528.7593  0.7208 
   00880    0.4675   -1528.4889  0.7208 
   00881    0.4425   -1528.6099  0.7203 
   00882    0.4175   -1528.5286  0.7224 
   00883    0.4600   -1528.7504  0.7223 
   00884    0.4850   -1528.9117  0.7246 
   00885    0.4400   -1528.7654  0.7246 
   00886    0.4650   -1529.1681  0.7253 
   00887    0.4275   -1529.1132  0.7260 
   00888    0.4950   -1527.6560  0.7251 
   00889    0.5100   -1528.9063  0.7266 
   00890    0.4875   -1529.7286  0.7265 
   00891    0.4575   -1529.2080  0.7267 
   00892    0.4625   -1528.8748  0.7270 
   00893    0.4500   -1529.1698  0.7279 
   00894    0.5000   -1529.2346  0.7286 
   00895    0.4800   -1529.4223  0.7295 
   00896    0.4500   -1529.5758  0.7306 
   00897    0.4475   -1529.6552  0.7303 
   00898    0.4300   -1529.7001  0.7297 
   00899    0.4550   -1529.8156  0.7304 
   00900    0.4425   -1530.0468  0.7314 
   00901    0.4750   -1530.0221  0.7307 
   00902    0.4875   -1530.4657  0.7318 
   00903    0.4675   -1529.6931  0.7325 
   00904    0.4600   -1529.8350  0.7318 
   00905    0.4825   -1530.1461  0.7309 
   00906    0.4650   -1530.0324  0.7312 
   00907    0.4575   -1529.0622  0.7317 
   00908    0.4825   -1528.6690  0.7312 
   00909    0.4725   -1529.3373  0.7320 
   00910    0.4625   -1529.1360  0.7319 
   00911    0.4600   -1529.1792  0.7321 
   00912    0.4775   -1529.0315  0.7307 
   00913    0.4500   -1530.2694  0.7302 
   00914    0.4775   -1529.5567  0.7296 
   00915    0.4500   -1529.6989  0.7293 
   00916    0.4850   -1529.0832  0.7287 
   00917    0.4875   -1528.7739  0.7300 
   00918    0.4525   -1528.6190  0.7298 
   00919    0.4450   -1528.6066  0.7292 
   00920    0.5050   -1528.9228  0.7306 
   00921    0.4450   -1529.2666  0.7303 
   00922    0.4650   -1529.4259  0.7310 
   00923    0.4600   -1529.1979  0.7305 
   00924    0.4500   -1529.4609  0.7319 
   00925    0.4800   -1528.6537  0.7314 
   00926    0.4850   -1529.8744  0.7331 
   00927    0.4750   -1529.5489  0.7338 
   00928    0.4600   -1529.1834  0.7332 
   00929    0.4575   -1529.5558  0.7348 
   00930    0.4675   -1529.4711  0.7352 
   00931    0.4625   -1528.8319  0.7355 
   00932    0.4875   -1529.1792  0.7359 
   00933    0.4800   -1528.6619  0.7359 
   00934    0.4750   -1528.3963  0.7356 
   00935    0.4525   -1528.2486  0.7350 
   00936    0.4425   -1528.2839  0.7360 
   00937    0.4675   -1529.1646  0.7359 
   00938    0.4525   -1528.7554  0.7351 
   00939    0.5025   -1530.2420  0.7352 
   00940    0.4800   -1530.2007  0.7349 
   00941    0.4525   -1530.8126  0.7358 
   00942    0.4575   -1530.7426  0.7363 
   00943    0.4625   -1531.0215  0.7384 
   00944    0.4750   -1531.2713  0.7386 
   00945    0.4550   -1532.1060  0.7387 
   00946    0.5100   -1531.5638  0.7385 
   00947    0.4800   -1531.2041  0.7386 
   00948    0.4575   -1531.4066  0.7379 
   00949    0.4600   -1531.4396  0.7366 
   00950    0.4350   -1531.4196  0.7377 
   00951    0.4425   -1531.6685  0.7388 
   00952    0.4675   -1531.4627  0.7401 
   00953    0.4800   -1532.1167  0.7396 
   00954    0.4525   -1531.1306  0.7377 
   00955    0.4100   -1532.1572  0.7387 
   00956    0.4625   -1531.2726  0.7388 
   00957    0.4725   -1530.5778  0.7384 
   00958    0.4400   -1531.2792  0.7381 
   00959    0.4450   -1532.0322  0.7396 
   00960    0.4375   -1531.9033  0.7398 
   00961    0.4850   -1531.5130  0.7400 
   00962    0.4600   -1532.4046  0.7412 
   00963    0.4225   -1531.6789  0.7410 
   00964    0.4325   -1532.1376  0.7378 
   00965    0.4775   -1532.1346  0.7379 
   00966    0.4250   -1533.0309  0.7376 
   00967    0.5050   -1531.5556  0.7384 
   00968    0.4400   -1531.0825  0.7377 
   00969    0.4850   -1530.7428  0.7390 
   00970    0.3900   -1531.5311  0.7393 
   00971    0.4200   -1531.0249  0.7399 
   00972    0.4975   -1531.7515  0.7396 
   00973    0.4450   -1531.3698  0.7397 
   00974    0.4275   -1531.9366  0.7406 
   00975    0.4225   -1531.5632  0.7404 
   00976    0.4500   -1531.9617  0.7403 
   00977    0.4525   -1531.3681  0.7397 
   00978    0.4475   -1530.8521  0.7393 
   00979    0.4375   -1530.6234  0.7378 
   00980    0.4950   -1530.7553  0.7375 
   00981    0.4475   -1530.2928  0.7379 
   00982    0.5050   -1530.8423  0.7368 
   00983    0.4500   -1530.4545  0.7357 
   00984    0.5025   -1531.0068  0.7370 
   00985    0.4700   -1530.7902  0.7369 
   00986    0.4525   -1531.2229  0.7373 
   00987    0.4500   -1530.4334  0.7362 
   00988    0.4750   -1528.8994  0.7359 
   00989    0.4475   -1529.1724  0.7362 
   00990    0.4400   -1530.2185  0.7376 
   00991    0.5000   -1530.4104  0.7390 
   00992    0.4150   -1530.8198  0.7383 
   00993    0.4800   -1531.4510  0.7378 
   00994    0.4850   -1530.8852  0.7376 
   00995    0.4575   -1530.2336  0.7370 
   00996    0.4250   -1529.9933  0.7374 
   00997    0.4775   -1529.8865  0.7392 
   00998    0.4500   -1530.3367  0.7402 
   00999    0.5125   -1530.2408  0.7410 
   01000    0.4925   -1530.6837  0.7414 
