#=====================================================
# File created:        Wed-05-Nov-2025-at-03-29-57AM
# Size of lattice:     20x20
# Number of MC steps:  1000
# Reduced temperature: 0.200
# Run time (s):        2.196899
#=====================================================
# MC step:  Ratio:     Energy:   Order:
#=====================================================
   00000    0.5000    -378.8421  0.2738 
   00001    0.4225    -403.1342  0.3267 
   00002    0.4975    -420.4796  0.3345 
   00003    0.4850    -433.7471  0.3374 
   00004    0.4675    -446.9236  0.3407 
   00005    0.5175    -462.4373  0.3465 
   00006    0.4525    -489.2676  0.3543 
   00007    0.4475    -497.8982  0.3569 
   00008    0.4250    -517.1703  0.3566 
   00009    0.4850    -532.8145  0.3533 
   00010    0.4525    -542.0794  0.3561 
   00011    0.4425    -554.2556  0.3536 
   00012    0.4550    -565.7049  0.3564 
   00013    0.5100    -589.4479  0.3568 
   00014    0.4400    -603.2724  0.3608 
   00015    0.5075    -612.8647  0.3620 
   00016    0.4825    -621.1292  0.3645 
   00017    0.4625    -631.2206  0.3737 
   00018    0.5350    -640.5951  0.3712 
   00019    0.5075    -662.0717  0.3801 
   00020    0.4475    -666.9650  0.3867 
   00021    0.5350    -680.3980  0.3922 
   00022    0.5450    -694.3288  0.3974 
   00023    0.4600    -707.4999  0.4064 
   00024    0.4725    -717.6729  0.4099 
   00025    0.4850    -723.3778  0.4109 
   00026    0.4975    -740.1246  0.4130 
   00027    0.4925    -753.3839  0.4135 
   00028    0.4875    -773.4036  0.4172 
   00029    0.4875    -779.8735  0.4167 
   00030    0.4550    -798.1090  0.4218 
   00031    0.4875    -800.1341  0.4259 
   00032    0.4975    -804.6913  0.4310 
   00033    0.5175    -815.1377  0.4369 
   00034    0.5225    -826.6123  0.4417 
   00035    0.4675    -831.8166  0.4457 
   00036    0.4550    -837.3054  0.4438 
   00037    0.4800    -849.9623  0.4441 
   00038    0.4600    -858.5736  0.4409 
   00039    0.5075    -873.0371  0.4449 
   00040    0.4625    -886.5825  0.4488 
   00041    0.4675    -892.0716  0.4463 
   00042    0.4925    -905.2005  0.4517 
   00043    0.5075    -911.3660  0.4559 
   00044    0.4750    -913.8354  0.4547 
   00045    0.4850    -926.3957  0.4590 
   00046    0.4425    -935.2348  0.4577 
   00047    0.4575    -945.4849  0.4594 
   00048    0.4525    -950.0970  0.4618 
   00049    0.4950    -964.4230  0.4681 
   00050    0.4925    -972.2107  0.4738 
   00051    0.5000    -976.3346  0.4705 
   00052    0.4725    -982.0012  0.4755 
   00053    0.4925    -989.6195  0.4782 
   00054    0.4250    -993.1813  0.4781 
   00055    0.5200    -997.5624  0.4847 
   00056    0.4775   -1002.2996  0.4873 
   00057    0.4700   -1007.9975  0.4868 
   00058    0.5200   -1011.8478  0.4900 
   00059    0.4975   -1013.8418  0.4888 
   00060    0.4750   -1019.9262  0.4919 
   00061    0.4325   -1022.6292  0.4897 
   00062    0.4600   -1025.0662  0.4921 
   00063    0.5000   -1034.6594  0.4973 
   00064    0.4675   -1038.3104  0.5044 
   00065    0.4950   -1041.8403  0.5061 
   00066    0.4375   -1040.0743  0.5048 
   00067    0.4775   -1045.3519  0.5071 
   00068    0.4875   -1047.2917  0.5061 
   00069    0.4175   -1048.6860  0.5058 
   00070    0.4700   -1047.5140  0.5086 
   00071    0.5050   -1056.0110  0.5121 
   00072    0.4975   -1061.3309  0.5142 
   00073    0.4750   -1065.8330  0.5210 
   00074    0.5250   -1074.8859  0.5244 
   00075    0.4675   -1082.9643  0.5278 
   00076    0.4500   -1090.8365  0.5305 
   00077    0.4425   -1094.1234  0.5316 
   00078    0.4975   -1097.0305  0.5380 
   00079    0.5050   -1097.1955  0.5397 
   00080    0.4575   -1105.6412  0.5443 
   00081    0.4525   -1102.5036  0.5462 
   00082    0.4900   -1110.0362  0.5473 
   00083    0.5150   -1112.6690  0.5463 
   00084    0.5075   -1114.0254  0.5482 
   00085    0.5300   -1119.9503  0.5462 
   00086    0.4500   -1120.6141  0.5466 
   00087    0.4500   -1118.3583  0.5457 
   00088    0.5050   -1123.8013  0.5464 
   00089    0.5125   -1122.7942  0.5485 
   00090    0.5000   -1129.9522  0.5479 
   00091    0.4925   -1133.2581  0.5479 
   00092    0.5225   -1134.9994  0.5500 
   00093    0.4900   -1136.5278  0.5459 
   00094    0.4725   -1136.4841  0.5446 
   00095    0.5225   -1133.7850  0.5511 
   00096    0.5175   -1139.7579  0.5517 
   00097    0.4975   -1144.6190  0.5531 
   00098    0.5375   -1143.9534  0.5532 
   00099    0.5075   -1153.0960  0.5548 
   00100    0.4775   -1155.7219  0.5525 
   00101    0.4700   -1155.5313  0.5528 
   00102    0.4700   -1157.2746  0.5518 
   00103    0.4825   -1160.0597  0.5529 
   00104    0.4625   -1163.2945  0.5550 
   00105    0.4775   -1167.9562  0.5554 
   00106    0.4900   -1168.4255  0.5560 
   00107    0.5075   -1176.9870  0.5555 
   00108    0.4225   -1180.4902  0.5581 
   00109    0.4950   -1184.1775  0.5625 
   00110    0.4825   -1191.9572  0.5669 
   00111    0.4675   -1190.4851  0.5702 
   00112    0.4775   -1192.0303  0.5737 
   00113    0.4625   -1195.6081  0.5724 
   00114    0.5225   -1203.8722  0.5707 
   00115    0.5275   -1210.0130  0.5741 
   00116    0.4600   -1215.3046  0.5746 
   00117    0.4875   -1219.5877  0.5788 
   00118    0.4975   -1227.8877  0.5791 
   00119    0.4850   -1227.2604  0.5810 
   00120    0.4650   -1227.5503  0.5817 
   00121    0.4425   -1227.9459  0.5808 
   00122    0.4975   -1228.2517  0.5849 
   00123    0.4525   -1229.3281  0.5886 
   00124    0.4825   -1233.4643  0.5920 
   00125    0.5375   -1239.4561  0.5989 
   00126    0.4850   -1243.2557  0.5999 
   00127    0.4400   -1241.2450  0.6033 
   00128    0.4725   -1242.5925  0.6023 
   00129    0.4675   -1242.4693  0.6020 
   00130    0.5025   -1244.0088  0.6065 
   00131    0.4675   -1249.9931  0.6111 
   00132    0.4575   -1248.4588  0.6113 
   00133    0.4825   -1250.3987  0.6128 
   00134    0.4800   -1255.8013  0.6118 
   00135    0.4325   -1258.5235  0.6117 
   00136    0.4400   -1257.6875  0.6124 
   00137    0.4900   -1259.1384  0.6128 
   00138    0.4875   -1259.8141  0.6134 
   00139    0.4550   -1259.7950  0.6148 
   00140    0.4650   -1268.9752  0.6215 
   00141    0.4825   -1270.7809  0.6243 
   00142    0.4900   -1270.6087  0.6253 
   00143    0.5175   -1274.8603  0.6318 
   00144    0.4825   -1277.0956  0.6295 
   00145    0.4575   -1278.8211  0.6295 
   00146    0.4550   -1280.1253  0.6324 
   00147    0.4500   -1283.4805  0.6353 
   00148    0.5075   -1283.8726  0.6345 
   00149    0.4625   -1280.5411  0.6359 
   00150    0.4725   -1283.2451  0.6368 
   00151    0.4475   -1282.9616  0.6384 
   00152    0.4550   -1287.2112  0.6396 
   00153    0.5400   -1290.3976  0.6428 
   00154    0.5425   -1292.5369  0.6414 
   00155    0.4875   -1293.4986  0.6432 
   00156    0.5025   -1292.9024  0.6415 
   00157    0.5050   -1296.8639  0.6445 
   00158    0.4575   -1299.7043  0.6453 
   00159    0.5075   -1297.1020  0.6479 
   00160    0.4875   -1298.2309  0.6484 
   00161    0.4550   -1302.9996  0.6484 
   00162    0.4125   -1304.8517  0.6464 
   00163    0.4850   -1305.6432  0.6479 
   00164    0.4450   -1307.0707  0.6503 
   00165    0.5150   -1311.4355  0.6491 
   00166    0.4575   -1309.9398  0.6516 
   00167    0.4450   -1309.3275  0.6507 
   00168    0.5050   -1310.1038  0.6519 
   00169    0.4650   -1311.0029  0.6546 
   00170    0.4500   -1312.7139  0.6560 
   00171    0.4800   -1316.4067  0.6599 
   00172    0.4975   -1315.9819  0.6603 
   00173    0.4675   -1315.9921  0.6597 
   00174    0.4925   -1315.1244  0.6594 
   00175    0.5150   -1316.5119  0.6593 
   00176    0.4425   -1319.3160  0.6590 
   00177    0.4600   -1320.6295  0.6611 
   00178    0.4650   -1322.0730  0.6626 
   00179    0.5050   -1325.7470  0.6663 
   00180    0.4925   -1331.2027  0.6664 
   00181    0.4475   -1335.4603  0.6685 
   00182    0.4975   -1331.6671  0.6696 
   00183    0.4600   -1334.4664  0.6691 
   00184    0.4725   -1342.4825  0.6722 
   00185    0.4600   -1345.0757  0.6741 
   00186    0.4625   -1349.8715  0.6772 
   00187    0.5050   -1348.9394  0.6784 
   00188    0.4725   -1348.8428  0.6803 
   00189    0.4650   -1354.9865  0.6842 
   00190    0.4625   -1356.3713  0.6857 
   00191    0.4750   -1360.8032  0.6886 
   00192    0.4875   -1366.4267  0.6935 
   00193    0.4675   -1368.7661  0.6984 
   00194    0.5000   -1373.2839  0.7022 
   00195    0.4025   -1373.3694  0.7029 
   00196    0.4875   -1373.3609  0.7017 
   00197    0.4725   -1370.7025  0.7013 
   00198    0.4825   -1369.6508  0.7034 
   00199    0.4425   -1370.9133  0.7069 
   00200    0.4775   -1371.3651  0.7094 
   00201    0.4850   -1372.4766  0.7056 
   00202    0.4600   -1373.8995  0.7042 
   00203    0.4900   -1375.5021  0.7055 
   00204    0.4325   -1375.5743  0.7089 
   00205    0.4650   -1376.8610  0.7142 
   00206    0.4325   -1377.4308  0.7130 
   00207    0.4775   -1376.3161  0.7120 
   00208    0.4925   -1376.3139  0.7141 
   00209    0.4500   -1376.8914  0.7173 
   00210    0.4700   -1380.5223  0.7189 
   00211    0.4300   -1377.5438  0.7183 
   00212    0.4875   -1377.4972  0.7161 
   00213    0.4575   -1378.9130  0.7206 
   00214    0.4775   -1380.2898  0.7192 
   00215    0.5000   -1379.1858  0.7170 
   00216    0.4700   -1383.5313  0.7211 
   00217    0.4675   -1385.3727  0.7260 
   00218    0.4600   -1385.5461  0.7231 
   00219    0.4450   -1387.4463  0.7256 
   00220    0.4775   -1386.6795  0.7230 
   00221    0.4500   -1384.7208  0.7212 
   00222    0.5375   -1388.8077  0.7225 
   00223    0.4675   -1388.7785  0.7238 
   00224    0.4575   -1388.6928  0.7245 
   00225    0.4550   -1388.3885  0.7258 
   00226    0.5000   -1388.3247  0.7269 
   00227    0.4650   -1386.2617  0.7255 
   00228    0.4650   -1387.6336  0.7278 
   00229    0.5100   -1385.3870  0.7280 
   00230    0.4925   -1385.5950  0.7295 
   00231    0.4675   -1388.9062  0.7304 
   00232    0.4450   -1387.9255  0.7333 
   00233    0.4825   -1387.8561  0.7332 
   00234    0.5175   -1390.0686  0.7345 
   00235    0.4825   -1391.9781  0.7359 
   00236    0.4625   -1392.8945  0.7376 
   00237    0.4425   -1389.9886  0.7345 
   00238    0.4850   -1388.9523  0.7324 
   00239    0.4675   -1393.2643  0.7322 
   00240    0.4350   -1395.3447  0.7351 
   00241    0.4550   -1394.4642  0.7340 
   00242    0.4675   -1395.3610  0.7327 
   00243    0.4700   -1396.6340  0.7350 
   00244    0.4550   -1398.5882  0.7354 
   00245    0.4775   -1399.8843  0.7353 
   00246    0.4950   -1401.4124  0.7371 
   00247    0.5050   -1400.5818  0.7409 
   00248    0.4625   -1400.3627  0.7390 
   00249    0.5075   -1398.7386  0.7400 
   00250    0.4725   -1400.8408  0.7384 
   00251    0.4800   -1399.8532  0.7369 
   00252    0.4725   -1400.6981  0.7397 
   00253    0.4925   -1400.5821  0.7402 
   00254    0.4675   -1405.6940  0.7443 
   00255    0.4600   -1402.0724  0.7423 
   00256    0.4475   -1401.3306  0.7426 
   00257    0.4750   -1403.9626  0.7409 
   00258    0.4650   -1403.4599  0.7389 
   00259    0.4825   -1401.0391  0.7397 
   00260    0.4350   -1401.0829  0.7400 
   00261    0.4400   -1401.3036  0.7407 
   00262    0.4825   -1402.8993  0.7421 
   00263    0.4150   -1404.3264  0.7409 
   00264    0.4225   -1405.1283  0.7403 
   00265    0.4950   -1406.3590  0.7425 
   00266    0.4225   -1406.9603  0.7418 
   00267    0.4650   -1408.8037  0.7424 
   00268    0.4750   -1412.5455  0.7464 
   00269    0.4750   -1411.9210  0.7475 
   00270    0.4300   -1412.6005  0.7479 
   00271    0.4800   -1412.2265  0.7474 
   00272    0.4775   -1413.6765  0.7508 
   00273    0.4500   -1416.3728  0.7546 
   00274    0.4750   -1416.5050  0.7560 
   00275    0.4650   -1416.3049  0.7559 
   00276    0.5200   -1417.3892  0.7583 
   00277    0.4400   -1418.6941  0.7584 
   00278    0.4950   -1418.7906  0.7525 
   00279    0.4500   -1420.4845  0.7515 
   00280    0.4700   -1421.4287  0.7486 
   00281    0.4875   -1419.4353  0.7479 
   00282    0.4725   -1418.3841  0.7465 
   00283    0.4650   -1418.6026  0.7456 
   00284    0.4525   -1413.8871  0.7420 
   00285    0.4600   -1413.4256  0.7459 
   00286    0.5000   -1414.7657  0.7456 
   00287    0.4725   -1412.9589  0.7475 
   00288    0.4825   -1416.0873  0.7507 
   00289    0.4400   -1415.2357  0.7493 
   00290    0.4500   -1416.0552  0.7525 
   00291    0.4775   -1411.7174  0.7519 
   00292    0.4450   -1414.4713  0.7520 
   00293    0.4900   -1414.9451  0.7509 
   00294    0.4850   -1414.3841  0.7510 
   00295    0.4550   -1413.6671  0.7540 
   00296    0.4925   -1415.9960  0.7545 
   00297    0.4600   -1419.1586  0.7557 
   00298    0.4500   -1418.1930  0.7563 
   00299    0.4375   -1414.9587  0.7540 
   00300    0.4350   -1418.1580  0.7542 
   00301    0.5075   -1419.0295  0.7525 
   00302    0.4550   -1419.5357  0.7522 
   00303    0.4775   -1419.9528  0.7519 
   00304    0.4500   -1420.1761  0.7534 
   00305    0.4675   -1420.8089  0.7525 
   00306    0.4950   -1421.1096  0.7511 
   00307    0.4700   -1421.3923  0.7518 
   00308    0.4475   -1423.9705  0.7540 
   00309    0.4900   -1422.5615  0.7554 
   00310    0.4700   -1420.7982  0.7538 
   00311    0.4625   -1421.7759  0.7540 
   00312    0.4700   -1423.7356  0.7545 
   00313    0.4250   -1426.1621  0.7560 
   00314    0.4825   -1425.9351  0.7547 
   00315    0.4800   -1428.2250  0.7568 
   00316    0.4750   -1429.8792  0.7568 
   00317    0.4475   -1429.9005  0.7598 
   00318    0.4475   -1431.6440  0.7595 
   00319    0.4500   -1431.0076  0.7577 
   00320    0.4850   -1431.6695  0.7558 
   00321    0.4925   -1433.2407  0.7533 
   00322    0.4700   -1431.2259  0.7509 
   00323    0.4700   -1433.7121  0.7534 
   00324    0.4925   -1434.1183  0.7557 
   00325    0.4325   -1433.9285  0.7575 
   00326    0.4250   -1434.0725  0.7577 
   00327    0.4650   -1435.9409  0.7567 
   00328    0.4750   -1437.7045  0.7548 
   00329    0.4600   -1436.7605  0.7559 
   00330    0.4425   -1437.1154  0.7563 
   00331    0.4700   -1436.7981  0.7571 
   00332    0.4725   -1434.0843  0.7588 
   00333    0.4425   -1435.3779  0.7604 
   00334    0.5225   -1435.6073  0.7615 
   00335    0.4125   -1435.1754  0.7613 
   00336    0.5250   -1435.5782  0.7625 
   00337    0.5325   -1433.1740  0.7644 
   00338    0.4500   -1433.6561  0.7621 
   00339    0.4750   -1431.9007  0.7619 
   00340    0.4775   -1435.8437  0.7629 
   00341    0.4975   -1434.5675  0.7636 
   00342    0.4625   -1435.8033  0.7630 
   00343    0.4675   -1437.1269  0.7643 
   00344    0.4625   -1438.9340  0.7667 
   00345    0.4425   -1437.6788  0.7645 
   00346    0.4200   -1439.1427  0.7648 
   00347    0.4425   -1438.0510  0.7648 
   00348    0.4725   -1436.9270  0.7635 
   00349    0.5100   -1437.6965  0.7633 
   00350    0.4875   -1437.2738  0.7625 
   00351    0.4400   -1439.3959  0.7615 
   00352    0.4350   -1435.1944  0.7563 
   00353    0.4700   -1437.2392  0.7542 
   00354    0.4450   -1438.6916  0.7543 
   00355    0.4875   -1438.8174  0.7523 
   00356    0.4625   -1438.3879  0.7509 
   00357    0.4975   -1439.6926  0.7485 
   00358    0.5125   -1439.8946  0.7486 
   00359    0.4100   -1439.4054  0.7509 
   00360    0.4800   -1439.5851  0.7510 
   00361    0.4825   -1441.9877  0.7520 
   00362    0.4700   -1441.8423  0.7529 
   00363    0.4550   -1440.4662  0.7525 
   00364    0.4750   -1442.1935  0.7518 
   00365    0.4650   -1443.0451  0.7550 
   00366    0.4725   -1442.8669  0.7534 
   00367    0.4800   -1443.9143  0.7530 
   00368    0.4850   -1442.5949  0.7505 
   00369    0.4725   -1445.9598  0.7518 
   00370    0.5225   -1445.4396  0.7518 
   00371    0.4150   -1447.2264  0.7533 
   00372    0.4700   -1446.5586  0.7518 
   00373    0.4625   -1446.3199  0.7507 
   00374    0.4475   -1445.8002  0.7490 
   00375    0.4100   -1444.4683  0.7494 
   00376    0.4925   -1444.5479  0.7467 
   00377    0.4750   -1445.2162  0.7467 
   00378    0.4475   -1447.6777  0.7494 
   00379    0.4925   -1446.8483  0.7522 
   00380    0.5050   -1447.7742  0.7544 
   00381    0.4200   -1446.2338  0.7572 
   00382    0.4725   -1447.1159  0.7564 
   00383    0.4625   -1445.8329  0.7565 
   00384    0.4375   -1448.3355  0.7572 
   00385    0.4450   -1449.7915  0.7573 
   00386    0.4975   -1450.2546  0.7585 
   00387    0.4550   -1447.8788  0.7576 
   00388    0.4325   -1450.0067  0.7565 
   00389    0.5150   -1451.7592  0.7577 
   00390    0.4625   -1451.6321  0.7549 
   00391    0.4800   -1450.9592  0.7539 
   00392    0.4600   -1448.3888  0.7572 
   00393    0.4825   -1447.9455  0.7579 
   00394    0.4650   -1449.5599  0.7565 
   00395    0.4475   -1448.5491  0.7569 
   00396    0.4900   -1447.3266  0.7582 
   00397    0.4350   -1448.3845  0.7587 
   00398    0.4825   -1450.7984  0.7602 
   00399    0.4750   -1450.1216  0.7598 
   00400    0.4425   -1450.0988  0.7601 
   00401    0.4900   -1453.4598  0.7574 
   00402    0.4700   -1456.0821  0.7582 
   00403    0.4500   -1453.4924  0.7609 
   00404    0.4475   -1452.5817  0.7606 
   00405    0.4850   -1456.3521  0.7616 
   00406    0.4700   -1455.3549  0.7658 
   00407    0.4900   -1455.0936  0.7652 
   00408    0.4275   -1453.6277  0.7661 
   00409    0.4300   -1454.0852  0.7677 
   00410    0.4825   -1456.6931  0.7685 
   00411    0.4525   -1455.9520  0.7673 
   00412    0.4550   -1455.9411  0.7631 
   00413    0.4825   -1456.3877  0.7646 
   00414    0.4925   -1455.4692  0.7648 
   00415    0.4575   -1454.6146  0.7654 
   00416    0.4875   -1453.2634  0.7645 
   00417    0.4750   -1453.8863  0.7674 
   00418    0.4775   -1452.7280  0.7674 
   00419    0.4400   -1451.6556  0.7685 
   00420    0.4800   -1451.6285  0.7694 
   00421    0.5200   -1453.8435  0.7697 
   00422    0.4750   -1454.1289  0.7715 
   00423    0.5000   -1455.2509  0.7693 
   00424    0.4825   -1456.3784  0.7696 
   00425    0.4850   -1456.8725  0.7675 
   00426    0.4625   -1456.8623  0.7691 
   00427    0.4550   -1458.3688  0.7671 
   00428    0.4725   -1458.4542  0.7692 
   00429    0.4625   -1460.9699  0.7709 
   00430    0.4800   -1459.6361  0.7725 
   00431    0.4675   -1458.9350  0.7718 
   00432    0.4775   -1457.5919  0.7721 
   00433    0.4800   -1459.8266  0.7720 
   00434    0.4750   -1460.4769  0.7754 
   00435    0.5025   -1460.7264  0.7772 
   00436    0.4825   -1462.3621  0.7791 
   00437    0.4650   -1461.9452  0.7813 
   00438    0.4250   -1463.6701  0.7822 
   00439    0.4650   -1461.7749  0.7824 
   00440    0.4600   -1461.4599  0.7847 
   00441    0.4575   -1462.8847  0.7869 
   00442    0.4975   -1464.1452  0.7871 
   00443    0.4825   -1463.1017  0.7867 
   00444    0.4950   -1464.7648  0.7884 
   00445    0.4550   -1465.7219  0.7887 
   00446    0.4800   -1467.7800  0.7878 
   00447    0.5050   -1464.2897  0.7865 
   00448    0.4900   -1466.3265  0.7858 
   00449    0.4650   -1465.4661  0.7858 
   00450    0.4825   -1468.3453  0.7870 
   00451    0.4525   -1470.6235  0.7890 
   00452    0.4300   -1470.9098  0.7884 
   00453    0.4475   -1470.5364  0.7866 
   00454    0.5025   -1473.0331  0.7865 
   00455    0.4950   -1473.0767  0.7885 
   00456    0.4425   -1473.2054  0.7889 
   00457    0.5100   -1472.8573  0.7893 
   00458    0.4850   -1474.6521  0.7887 
   00459    0.5100   -1474.0690  0.7907 
   00460    0.4375   -1473.6469  0.7898 
   00461    0.4775   -1472.7445  0.7918 
   00462    0.4875   -1470.5706  0.7904 
   00463    0.4525   -1468.8226  0.7938 
   00464    0.4725   -1468.4121  0.7920 
   00465    0.5000   -1471.7817  0.7956 
   00466    0.4775   -1475.7247  0.7950 
   00467    0.4650   -1475.9800  0.7961 
   00468    0.4900   -1474.5862  0.7952 
   00469    0.4650   -1474.0320  0.7956 
   00470    0.4675   -1474.7234  0.7960 
   00471    0.4725   -1474.6905  0.7966 
   00472    0.4775   -1474.0059  0.7970 
   00473    0.4800   -1475.4564  0.7995 
   00474    0.4925   -1476.9333  0.7979 
   00475    0.4375   -1474.6561  0.7955 
   00476    0.4525   -1476.4120  0.7985 
   00477    0.4975   -1477.1932  0.8002 
   00478    0.4975   -1477.1639  0.7985 
   00479    0.4825   -1476.8077  0.7981 
   00480    0.4725   -1480.6040  0.7991 
   00481    0.4600   -1481.3619  0.8006 
   00482    0.4875   -1481.4631  0.8016 
   00483    0.4475   -1479.1152  0.8006 
   00484    0.4725   -1477.0720  0.7987 
   00485    0.4750   -1477.4471  0.7991 
   00486    0.4550   -1476.0053  0.7968 
   00487    0.5100   -1476.1433  0.7953 
   00488    0.4650   -1478.5179  0.7966 
   00489    0.4650   -1478.9170  0.7983 
   00490    0.4700   -1479.7699  0.7979 
   00491    0.4575   -1480.9023  0.7996 
   00492    0.4600   -1480.8344  0.8015 
   00493    0.4950   -1481.0524  0.8028 
   00494    0.5050   -1481.5917  0.8041 
   00495    0.4475   -1479.3803  0.8066 
   00496    0.4625   -1479.8860  0.8078 
   00497    0.4275   -1476.5436  0.8058 
   00498    0.4675   -1476.4243  0.8057 
   00499    0.4175   -1476.7725  0.8070 
   00500    0.4850   -1479.3008  0.8090 
   00501    0.5075   -1480.3776  0.8089 
   00502    0.4550   -1482.9023  0.8092 
   00503    0.4950   -1484.9955  0.8097 
   00504    0.4450   -1480.4477  0.8078 
   00505    0.4650   -1480.5481  0.8088 
   00506    0.4675   -1478.9585  0.8060 
   00507    0.4675   -1477.0378  0.8080 
   00508    0.4525   -1475.9515  0.8098 
   00509    0.5025   -1479.7601  0.8066 
   00510    0.4500   -1480.5603  0.8081 
   00511    0.4100   -1479.5896  0.8067 
   00512    0.4100   -1478.0496  0.8056 
   00513    0.4675   -1476.0499  0.8056 
   00514    0.4200   -1473.2645  0.8063 
   00515    0.4775   -1469.7573  0.8041 
   00516    0.4375   -1468.2455  0.8046 
   00517    0.4575   -1466.7996  0.8031 
   00518    0.4650   -1470.4927  0.8038 
   00519    0.4800   -1468.8172  0.8040 
   00520    0.4850   -1470.8385  0.8045 
   00521    0.4250   -1472.1399  0.8039 
   00522    0.4300   -1474.4594  0.8073 
   00523    0.4850   -1475.2593  0.8086 
   00524    0.4675   -1475.6456  0.8086 
   00525    0.4650   -1471.7899  0.8083 
   00526    0.4775   -1471.7999  0.8096 
   00527    0.4450   -1473.9171  0.8081 
   00528    0.4625   -1471.9236  0.8066 
   00529    0.4450   -1471.0084  0.8068 
   00530    0.4825   -1469.5600  0.8066 
   00531    0.4375   -1467.8993  0.8064 
   00532    0.4025   -1468.6053  0.8064 
   00533    0.5125   -1468.7384  0.8075 
   00534    0.4950   -1470.9581  0.8066 
   00535    0.4650   -1468.2631  0.8075 
   00536    0.4900   -1467.6291  0.8038 
   00537    0.4275   -1471.0077  0.8061 
   00538    0.4575   -1471.7396  0.8055 
   00539    0.4750   -1471.1152  0.8067 
   00540    0.4050   -1474.6851  0.8098 
   00541    0.4375   -1474.9852  0.8106 
   00542    0.4800   -1473.8852  0.8085 
   00543    0.4325   -1473.4093  0.8109 
   00544    0.4300   -1474.0050  0.8092 
   00545    0.4350   -1476.8238  0.8107 
   00546    0.5050   -1477.5574  0.8098 
   00547    0.4675   -1477.4996  0.8101 
   00548    0.4350   -1477.1948  0.8086 
   00549    0.4750   -1475.3757  0.8079 
   00550    0.4400   -1477.7796  0.8111 
   00551    0.4625   -1477.7833  0.8109 
   00552    0.4100   -1476.9502  0.8098 
   00553    0.4975   -1474.1587  0.8100 
   00554    0.4650   -1474.0849  0.8084 
   00555    0.4550   -1474.7738  0.8096 
   00556    0.4575   -1475.1459  0.8103 
   00557    0.4850   -1475.9456  0.8122 
   00558    0.4575   -1475.8829  0.8092 
   00559    0.4650   -1478.9470  0.8104 
   00560    0.4625   -1480.0511  0.8117 
   00561    0.4950   -1479.8257  0.8108 
   00562    0.4525   -1479.9330  0.8118 
   00563    0.4450   -1483.3303  0.8148 
   00564    0.5000   -1483.0355  0.8150 
   00565    0.4675   -1484.5662  0.8147 
   00566    0.4625   -1482.6547  0.8145 
   00567    0.4650   -1480.2182  0.8137 
   00568    0.4900   -1478.9279  0.8124 
   00569    0.4825   -1481.2638  0.8110 
   00570    0.4750   -1480.5922  0.8108 
   00571    0.4675   -1479.8707  0.8113 
   00572    0.4750   -1481.5021  0.8081 
   00573    0.4575   -1482.4153  0.8080 
   00574    0.4500   -1483.4058  0.8075 
   00575    0.4675   -1481.8737  0.8099 
   00576    0.4550   -1482.4419  0.8117 
   00577    0.4350   -1486.3931  0.8103 
   00578    0.4625   -1484.9580  0.8097 
   00579    0.4525   -1485.1983  0.8099 
   00580    0.4725   -1486.2666  0.8087 
   00581    0.4675   -1487.2373  0.8079 
   00582    0.4425   -1484.7534  0.8072 
   00583    0.5000   -1484.1250  0.8070 
   00584    0.4725   -1483.4961  0.8080 
   00585    0.4775   -1488.1868  0.8103 
   00586    0.4350   -1488.2625  0.8103 
   00587    0.4400   -1489.0791  0.8106 
   00588    0.4775   -1486.6460  0.8081 
   00589    0.4625   -1484.4072  0.8085 
   00590    0.4425   -1483.7611  0.8091 
   00591    0.4500   -1486.2058  0.8123 
   00592    0.4725   -1487.5633  0.8129 
   00593    0.4575   -1486.9348  0.8112 
   00594    0.4675   -1486.2975  0.8114 
   00595    0.4675   -1485.9150  0.8117 
   00596    0.4025   -1486.2220  0.8101 
   00597    0.5300   -1486.5171  0.8136 
   00598    0.4850   -1483.3248  0.8140 
   00599    0.4675   -1481.2768  0.8138 
   00600    0.5175   -1480.3115  0.8127 
   00601    0.4950   -1482.9401  0.8133 
   00602    0.4600   -1484.9238  0.8133 
   00603    0.4425   -1481.3693  0.8144 
   00604    0.4350   -1480.9181  0.8119 
   00605    0.4475   -1481.4191  0.8098 
   00606    0.4450   -1483.5567  0.8128 
   00607    0.4200   -1482.9775  0.8108 
   00608    0.4750   -1482.4101  0.8087 
   00609    0.4625   -1480.9331  0.8097 
   00610    0.4875   -1482.5308  0.8108 
   00611    0.4650   -1480.2691  0.8088 
   00612    0.4675   -1479.5639  0.8099 
   00613    0.4850   -1478.6168  0.8114 
   00614    0.4350   -1477.5003  0.8131 
   00615    0.4625   -1478.3819  0.8125 
   00616    0.4925   -1478.3063  0.8153 
   00617    0.5050   -1479.8113  0.8144 
   00618    0.4600   -1482.0296  0.8135 
   00619    0.4025   -1480.9911  0.8126 
   00620    0.4600   -1482.0694  0.8130 
   00621    0.4450   -1480.9359  0.8142 
   00622    0.4075   -1480.0660  0.8125 
   00623    0.4800   -1480.9300  0.8139 
   00624    0.4525   -1481.9484  0.8155 
   00625    0.4575   -1480.1857  0.8132 
   00626    0.4375   -1479.2070  0.8126 
   00627    0.4600   -1479.7889  0.8158 
   00628    0.5100   -1476.9087  0.8197 
   00629    0.4725   -1478.4615  0.8191 
   00630    0.4700   -1476.7842  0.8188 
   00631    0.4900   -1477.2146  0.8166 
   00632    0.5225   -1479.3826  0.8175 
   00633    0.4325   -1482.0214  0.8193 
   00634    0.4675   -1481.5973  0.8202 
   00635    0.4750   -1481.3192  0.8188 
   00636    0.4825   -1482.8624  0.8210 
   00637    0.4900   -1482.5996  0.8211 
   00638    0.4525   -1481.4046  0.8207 
   00639    0.4850   -1482.0648  0.8210 
   00640    0.4625   -1482.8412  0.8211 
   00641    0.4850   -1483.9526  0.8216 
   00642    0.4600   -1484.3833  0.8201 
   00643    0.4525   -1485.2471  0.8215 
   00644    0.4025   -1484.1224  0.8232 
   00645    0.4050   -1483.4473  0.8237 
   00646    0.4750   -1482.5194  0.8264 
   00647    0.4900   -1482.3422  0.8275 
   00648    0.5225   -1483.4911  0.8264 
   00649    0.4575   -1481.8574  0.8267 
   00650    0.5075   -1478.5248  0.8279 
   00651    0.4525   -1479.5324  0.8271 
   00652    0.4700   -1476.9447  0.8303 
   00653    0.4525   -1478.4110  0.8325 
   00654    0.4775   -1478.7583  0.8323 
   00655    0.5025   -1478.2139  0.8309 
   00656    0.4825   -1477.3396  0.8271 
   00657    0.4775   -1478.9986  0.8299 
   00658    0.4375   -1479.5351  0.8275 
   00659    0.4625   -1478.9466  0.8281 
   00660    0.4850   -1477.2583  0.8271 
   00661    0.4425   -1477.4669  0.8261 
   00662    0.5275   -1479.7019  0.8295 
   00663    0.4550   -1480.2932  0.8302 
   00664    0.4725   -1481.8112  0.8322 
   00665    0.4025   -1482.4773  0.8321 
   00666    0.5125   -1481.0044  0.8339 
   00667    0.4125   -1479.0000  0.8330 
   00668    0.4950   -1478.7115  0.8292 
   00669    0.4700   -1479.6670  0.8322 
   00670    0.4400   -1481.6204  0.8313 
   00671    0.4075   -1480.8199  0.8312 
   00672    0.4575   -1480.8624  0.8307 
   00673    0.5375   -1482.0181  0.8328 
   00674    0.4625   -1480.7593  0.8330 
   00675    0.5025   -1481.0472  0.8308 
   00676    0.4825   -1480.7549  0.8314 
   00677    0.4825   -1480.9353  0.8311 
   00678    0.5200   -1480.5385  0.8295 
   00679    0.4550   -1481.9277  0.8297 
   00680    0.4250   -1482.6008  0.8302 
   00681    0.4600   -1481.6009  0.8314 
   00682    0.4875   -1484.2057  0.8345 
   00683    0.4600   -1483.9091  0.8350 
   00684    0.4925   -1484.0372  0.8358 
   00685    0.4150   -1480.6803  0.8367 
   00686    0.4700   -1480.6148  0.8370 
   00687    0.4525   -1479.3307  0.8368 
   00688    0.4725   -1480.3816  0.8381 
   00689    0.4800   -1480.8009  0.8392 
   00690    0.4550   -1482.4242  0.8397 
   00691    0.4625   -1480.9047  0.8400 
   00692    0.4225   -1479.4843  0.8400 
   00693    0.4475   -1480.1907  0.8400 
   00694    0.4675   -1478.1399  0.8378 
   00695    0.4725   -1481.0546  0.8388 
   00696    0.5150   -1479.3225  0.8404 
   00697    0.4700   -1479.6845  0.8427 
   00698    0.4725   -1477.9195  0.8382 
   00699    0.4475   -1479.3905  0.8412 
   00700    0.5275   -1478.9733  0.8430 
   00701    0.4525   -1480.6300  0.8432 
   00702    0.4900   -1480.7302  0.8415 
   00703    0.4600   -1481.9073  0.8424 
   00704    0.4500   -1482.7033  0.8416 
   00705    0.4725   -1481.3685  0.8399 
   00706    0.4650   -1484.4373  0.8426 
   00707    0.4500   -1483.5481  0.8436 
   00708    0.5025   -1484.0500  0.8443 
   00709    0.4975   -1482.5835  0.8440 
   00710    0.4275   -1483.2597  0.8443 
   00711    0.4975   -1482.8621  0.8443 
   00712    0.4925   -1482.8244  0.8442 
   00713    0.4800   -1484.8298  0.8450 
   00714    0.5050   -1486.7945  0.8474 
   00715    0.4525   -1486.9443  0.8491 
   00716    0.4300   -1488.9384  0.8517 
   00717    0.4625   -1489.5220  0.8557 
   00718    0.4750   -1489.1398  0.8562 
   00719    0.4500   -1488.6982  0.8565 
   00720    0.4450   -1489.2604  0.8567 
   00721    0.4650   -1490.4359  0.8571 
   00722    0.4500   -1492.6347  0.8578 
   00723    0.4375   -1493.0199  0.8597 
   00724    0.4750   -1494.2694  0.8600 
   00725    0.4775   -1493.8712  0.8585 
   00726    0.4350   -1494.7604  0.8579 
   00727    0.4100   -1493.8136  0.8579 
   00728    0.4400   -1495.2054  0.8593 
   00729    0.4450   -1493.2770  0.8578 
   00730    0.4975   -1492.7674  0.8560 
   00731    0.4875   -1489.9289  0.8547 
   00732    0.4850   -1492.4366  0.8550 
   00733    0.4875   -1493.0871  0.8533 
   00734    0.4775   -1492.7139  0.8529 
   00735    0.4725   -1490.7811  0.8520 
   00736    0.4400   -1489.3667  0.8536 
   00737    0.4725   -1487.4062  0.8534 
   00738    0.4850   -1490.1095  0.8556 
   00739    0.5075   -1487.3315  0.8551 
   00740    0.4575   -1487.2100  0.8560 
   00741    0.4525   -1488.0361  0.8560 
   00742    0.4800   -1489.0104  0.8572 
   00743    0.4200   -1488.3227  0.8598 
   00744    0.4725   -1487.3809  0.8593 
   00745    0.4875   -1485.8233  0.8605 
   00746    0.5025   -1483.0424  0.8591 
   00747    0.4825   -1483.0641  0.8587 
   00748    0.4450   -1483.3220  0.8587 
   00749    0.4900   -1482.6845  0.8573 
   00750    0.4675   -1487.2686  0.8595 
   00751    0.4775   -1487.8177  0.8590 
   00752    0.4750   -1488.8406  0.8594 
   00753    0.4800   -1487.9899  0.8592 
   00754    0.4150   -1487.8201  0.8609 
   00755    0.4425   -1488.1504  0.8599 
   00756    0.4825   -1489.1677  0.8605 
   00757    0.4600   -1489.9395  0.8613 
   00758    0.4525   -1488.5910  0.8597 
   00759    0.4525   -1489.0963  0.8592 
   00760    0.4925   -1488.5747  0.8582 
   00761    0.4750   -1489.3969  0.8565 
   00762    0.4325   -1489.0220  0.8552 
   00763    0.4700   -1489.7739  0.8559 
   00764    0.4800   -1488.9415  0.8549 
   00765    0.4800   -1488.1307  0.8578 
   00766    0.4625   -1490.1404  0.8589 
   00767    0.5150   -1490.1160  0.8584 
   00768    0.4275   -1492.8177  0.8605 
   00769    0.4800   -1491.5909  0.8601 
   00770    0.5025   -1490.5965  0.8609 
   00771    0.4625   -1489.0706  0.8633 
   00772    0.4875   -1488.6826  0.8637 
   00773    0.4600   -1489.9588  0.8649 
   00774    0.4750   -1489.3267  0.8631 
   00775    0.4450   -1490.7855  0.8643 
   00776    0.4625   -1492.9327  0.8658 
   00777    0.5100   -1495.2428  0.8674 
   00778    0.4350   -1494.9233  0.8658 
   00779    0.4075   -1494.5038  0.8669 
   00780    0.4625   -1494.8334  0.8665 
   00781    0.4675   -1494.0790  0.8669 
   00782    0.4175   -1494.5542  0.8670 
   00783    0.4550   -1494.3748  0.8645 
   00784    0.4625   -1493.9703  0.8644 
   00785    0.4475   -1501.6559  0.8705 
   00786    0.4950   -1501.3019  0.8705 
   00787    0.4150   -1500.2695  0.8699 
   00788    0.4325   -1502.4253  0.8708 
   00789    0.4675   -1501.0714  0.8711 
   00790    0.4600   -1499.3700  0.8699 
   00791    0.4575   -1501.2947  0.8715 
   00792    0.4300   -1499.9286  0.8718 
   00793    0.4750   -1500.6824  0.8732 
   00794    0.4800   -1501.0786  0.8725 
   00795    0.4600   -1499.7401  0.8718 
   00796    0.4900   -1500.2997  0.8715 
   00797    0.4550   -1502.2925  0.8712 
   00798    0.4200   -1501.2880  0.8711 
   00799    0.4825   -1502.7724  0.8736 
   00800    0.4775   -1502.6310  0.8744 
   00801    0.4700   -1500.3821  0.8746 
   00802    0.4400   -1500.0776  0.8752 
   00803    0.4425   -1500.5846  0.8756 
   00804    0.4400   -1503.4506  0.8795 
   00805    0.4675   -1502.5776  0.8798 
   00806    0.4875   -1507.0425  0.8828 
   00807    0.4800   -1508.4397  0.8841 
   00808    0.4600   -1508.5183  0.8877 
   00809    0.4475   -1509.6799  0.8880 
   00810    0.4750   -1509.5049  0.8893 
   00811    0.4650   -1509.5011  0.8882 
   00812    0.4725   -1510.8061  0.8894 
   00813    0.4050   -1510.7909  0.8885 
   00814    0.4150   -1510.8062  0.8869 
   00815    0.4500   -1507.1374  0.8848 
   00816    0.5050   -1508.8917  0.8867 
   00817    0.4325   -1508.5966  0.8851 
   00818    0.5125   -1508.4845  0.8867 
   00819    0.4700   -1508.0548  0.8848 
   00820    0.4525   -1507.9757  0.8815 
   00821    0.4625   -1511.4288  0.8835 
   00822    0.4375   -1512.5928  0.8830 
   00823    0.4475   -1510.9668  0.8827 
   00824    0.4550   -1514.8021  0.8857 
   00825    0.4625   -1514.4468  0.8862 
   00826    0.4475   -1514.0162  0.8852 
   00827    0.4900   -1513.2909  0.8849 
   00828    0.4800   -1513.3031  0.8862 
   00829    0.4625   -1515.0357  0.8863 
   00830    0.4675   -1512.6218  0.8852 
   00831    0.4650   -1512.9565  0.8834 
   00832    0.4500   -1511.2986  0.8827 
   00833    0.4975   -1512.0987  0.8831 
   00834    0.4575   -1510.3286  0.8832 
   00835    0.4575   -1510.5892  0.8834 
   00836    0.4900   -1506.1491  0.8834 
   00837    0.4675   -1504.5436  0.8832 
   00838    0.4050   -1506.4289  0.8847 
   00839    0.4725   -1506.9791  0.8857 
   00840    0.4625   -1509.3139  0.8851 
   00841    0.4525   -1507.7885  0.8841 
   00842    0.4550   -1505.9821  0.8831 
   00843    0.4350   -1507.8121  0.8846 
   00844    0.4550   -1505.7894  0.8843 
   00845    0.4325   -1508.3989  0.8855 
   00846    0.4450   -1510.0536  0.8856 
   00847    0.4675   -1510.7223  0.8861 
   00848    0.4675   -1510.5984  0.8859 
   00849    0.4425   -1510.2054  0.8866 
   00850    0.4750   -1511.8590  0.8891 
   00851    0.4750   -1512.8868  0.8898 
   00852    0.4175   -1512.0317  0.8894 
   00853    0.4700   -1511.8997  0.8910 
   00854    0.4675   -1512.8693  0.8905 
   00855    0.4425   -1510.1598  0.8912 
   00856    0.4775   -1510.4075  0.8928 
   00857    0.4675   -1511.4169  0.8930 
   00858    0.4275   -1511.4204  0.8950 
   00859    0.4675   -1510.9577  0.8943 
   00860    0.4775   -1513.7082  0.8965 
   00861    0.4975   -1513.0235  0.8983 
   00862    0.4650   -1512.8058  0.8994 
   00863    0.4800   -1508.3911  0.8997 
   00864    0.4575   -1504.8035  0.8981 
   00865    0.4700   -1508.3620  0.8990 
   00866    0.4700   -1510.6882  0.8982 
   00867    0.4450   -1507.6237  0.8958 
   00868    0.4775   -1507.2047  0.8964 
   00869    0.4825   -1509.1926  0.8973 
   00870    0.5075   -1505.8098  0.8939 
   00871    0.4725   -1504.8103  0.8939 
   00872    0.4500   -1504.0993  0.8904 
   00873    0.4725   -1504.7741  0.8895 
   00874    0.4575   -1504.7229  0.8902 
   00875    0.4675   -1507.3014  0.8912 
   00876    0.5000   -1507.8195  0.8922 
   00877    0.4750   -1507.9286  0.8921 
   00878    0.4275   -1510.6750  0.8924 
   00879    0.4800   -1510.9981  0.8937 
   00880    0.4700   -1506.7397  0.8927 
   00881    0.4050   -1507.8719  0.8951 
   00882    0.4825   -1505.7388  0.8964 
   00883    0.4525   -1507.0165  0.8974 
   00884    0.4825   -1503.1270  0.8940 
   00885    0.4650   -1502.0484  0.8937 
   00886    0.4400   -1505.6796  0.8964 
   00887    0.4725   -1506.5549  0.8976 
   00888    0.4400   -1508.9075  0.8993 
   00889    0.4425   -1508.5854  0.8993 
   00890    0.4625   -1509.1196  0.8981 
   00891    0.4525   -1510.7075  0.8989 
   00892    0.5025   -1507.0933  0.8979 
   00893    0.4600   -1507.4221  0.8959 
   00894    0.4550   -1509.2881  0.8975 
   00895    0.4650   -1512.7293  0.8966 
   00896    0.4750   -1510.1812  0.8976 
   00897    0.4725   -1510.1948  0.8991 
   00898    0.4700   -1510.0465  0.8978 
   00899    0.4700   -1509.2217  0.8984 
   00900    0.4400   -1510.2673  0.8993 
   00901    0.4800   -1509.9866  0.8992 
   00902    0.4750   -1507.6001  0.8975 
   00903    0.4200   -1506.1026  0.8970 
   00904    0.4625   -1504.7409  0.8959 
   00905    0.4650   -1506.2875  0.8951 
   00906    0.4800   -1506.8973  0.8958 
   00907    0.4750   -1509.2282  0.8966 
   00908    0.4850   -1507.9520  0.8968 
   00909    0.4625   -1508.0917  0.8979 
   00910    0.4775   -1507.0613  0.8992 
   00911    0.4575   -1509.0496  0.8989 
   00912    0.4350   -1509.1265  0.8993 
   00913    0.4725   -1509.7590  0.8993 
   00914    0.4575   -1509.2877  0.8988 
   00915    0.4700   -1508.0418  0.9016 
   00916    0.4275   -1508.4106  0.9029 
   00917    0.4275   -1509.1556  0.9039 
   00918    0.4500   -1509.5863  0.9043 
   00919    0.4650   -1509.8732  0.9047 
   00920    0.4450   -1509.6413  0.9047 
   00921    0.4900   -1507.9012  0.9052 
   00922    0.4500   -1508.0818  0.9057 
   00923    0.4475   -1508.9490  0.9062 
   00924    0.4125   -1510.9906  0.9076 
   00925    0.4475   -1512.2970  0.9082 
   00926    0.4300   -1513.0607  0.9088 
   00927    0.4975   -1511.4092  0.9088 
   00928    0.4225   -1511.3377  0.9087 
   00929    0.4700   -1511.7028  0.9086 
   00930    0.4625   -1509.9929  0.9093 
   00931    0.4825   -1509.4583  0.9089 
   00932    0.4575   -1510.8006  0.9084 
   00933    0.4625   -1511.2111  0.9064 
   00934    0.5425   -1511.3143  0.9083 
   00935    0.4600   -1511.0379  0.9076 
   00936    0.4125   -1510.2676  0.9078 
   00937    0.4475   -1509.1792  0.9073 
   00938    0.4950   -1510.3750  0.9085 
   00939    0.4600   -1511.7381  0.9092 
   00940    0.4475   -1509.3249  0.9064 
   00941    0.4475   -1511.0503  0.9065 
   00942    0.4550   -1510.7348  0.9066 
   00943    0.4775   -1511.7364  0.9064 
   00944    0.4975   -1513.9075  0.9097 
   00945    0.4575   -1514.4426  0.9109 
   00946    0.4650   -1515.6855  0.9119 
   00947    0.4075   -1514.6853  0.9122 
   00948    0.4600   -1513.9122  0.9123 
   00949    0.4775   -1512.4484  0.9104 
   00950    0.4800   -1511.8738  0.9105 
   00951    0.4400   -1512.7068  0.9120 
   00952    0.4725   -1514.1183  0.9105 
   00953    0.4600   -1514.2795  0.9120 
   00954    0.4875   -1515.3795  0.9118 
   00955    0.4625   -1516.6755  0.9124 
   00956    0.4475   -1514.1597  0.9118 
   00957    0.4425   -1515.9520  0.9131 
   00958    0.4525   -1516.9870  0.9135 
   00959    0.4425   -1516.3140  0.9123 
   00960    0.4750   -1516.6166  0.9139 
   00961    0.4500   -1513.9726  0.9128 
   00962    0.5100   -1513.2282  0.9146 
   00963    0.5300   -1513.5403  0.9144 
   00964    0.4100   -1511.9007  0.9130 
   00965    0.4300   -1511.4614  0.9117 
   00966    0.4600   -1513.0625  0.9116 
   00967    0.4700   -1511.7333  0.9115 
   00968    0.4400   -1512.1820  0.9122 
   00969    0.4475   -1518.8994  0.9166 
   00970    0.4225   -1520.9294  0.9162 
   00971    0.4700   -1518.8719  0.9155 
   00972    0.4775   -1517.7479  0.9154 
   00973    0.4875   -1517.5203  0.9156 
   00974    0.4550   -1516.3203  0.9160 
   00975    0.4575   -1514.5272  0.9156 
   00976    0.4250   -1514.7266  0.9195 
   00977    0.4850   -1513.4657  0.9184 
   00978    0.4550   -1509.4103  0.9173 
   00979    0.4075   -1510.9778  0.9186 
   00980    0.4475   -1512.5147  0.9199 
   00981    0.4500   -1514.3845  0.9205 
   00982    0.4575   -1514.7341  0.9203 
   00983    0.4675   -1514.4185  0.9194 
   00984    0.4650   -1515.5403  0.9208 
   00985    0.4450   -1517.2357  0.9234 
   00986    0.4300   -1519.9018  0.9246 
   00987    0.4675   -1519.3379  0.9237 
   00988    0.4400   -1521.3082  0.9247 
   00989    0.4475   -1520.9099  0.9243 
   00990    0.4625   -1521.3162  0.9225 
   00991    0.4575   -1520.3647  0.9208 
   00992    0.4675   -1520.1663  0.9218 
   00993    0.5000   -1520.6254  0.9216 
   00994    0.4425   -1521.6149  0.9240 
   00995    0.4225   -1520.6921  0.9234 
   00996    0.4925   -1518.4472  0.9236 
   00997    0.4200   -1516.8944  0.9230 
   00998    0.4700   -1516.5540  0.9238 
   00999    0.4600   -1515.9417  0.9239 
   01000    0.4425   -1515.2959  0.9242 
