#=====================================================
# File created:        Wed-05-Nov-2025-at-03-29-59AM
# Size of lattice:     20x20
# Number of MC steps:  1000
# Reduced temperature: 0.250
# Run time (s):        2.189011
#=====================================================
# MC step:  Ratio:     Energy:   Order:
#=====================================================
   00000    0.5000    -365.8026  0.2917 
   00001    0.4550    -378.7535  0.3521 
   00002    0.4575    -401.6434  0.3500 
   00003    0.4950    -424.5078  0.3584 
   00004    0.4075    -437.9122  0.3597 
   00005    0.4950    -447.5447  0.3707 
   00006    0.5075    -466.1459  0.3709 
   00007    0.4775    -478.4046  0.3662 
   00008    0.4950    -499.0899  0.3743 
   00009    0.4300    -517.8721  0.3742 
   00010    0.4750    -526.6173  0.3749 
   00011    0.5000    -532.7470  0.3635 
   00012    0.4825    -553.3769  0.3705 
   00013    0.4975    -570.6574  0.3736 
   00014    0.4700    -580.3341  0.3704 
   00015    0.4700    -608.4216  0.3747 
   00016    0.5050    -640.0233  0.3685 
   00017    0.5100    -650.9431  0.3705 
   00018    0.4875    -665.6242  0.3701 
   00019    0.4650    -675.8101  0.3771 
   00020    0.4225    -682.8084  0.3753 
   00021    0.4425    -691.6394  0.3730 
   00022    0.4875    -703.4734  0.3764 
   00023    0.5075    -707.5638  0.3772 
   00024    0.4725    -719.0864  0.3816 
   00025    0.4875    -738.5704  0.3756 
   00026    0.4950    -747.7961  0.3807 
   00027    0.5150    -755.2330  0.3807 
   00028    0.5125    -761.2790  0.3799 
   00029    0.5150    -781.9926  0.3818 
   00030    0.4575    -787.9837  0.3844 
   00031    0.4600    -796.8455  0.3869 
   00032    0.4925    -814.4913  0.3910 
   00033    0.5400    -830.2432  0.3951 
   00034    0.4550    -842.0758  0.4025 
   00035    0.4625    -848.5407  0.4028 
   00036    0.4625    -855.6004  0.4073 
   00037    0.4850    -865.8810  0.4023 
   00038    0.4875    -867.3804  0.4031 
   00039    0.4800    -876.7332  0.4069 
   00040    0.4950    -882.6811  0.4081 
   00041    0.5100    -883.9544  0.4078 
   00042    0.4500    -893.7106  0.4038 
   00043    0.4900    -902.7998  0.4086 
   00044    0.4900    -913.4058  0.4062 
   00045    0.5050    -914.6195  0.4045 
   00046    0.5100    -921.8876  0.4078 
   00047    0.4425    -929.8358  0.4143 
   00048    0.4950    -933.1728  0.4152 
   00049    0.4900    -937.9877  0.4177 
   00050    0.4650    -943.2947  0.4211 
   00051    0.5050    -948.1736  0.4233 
   00052    0.4500    -953.8500  0.4173 
   00053    0.4425    -956.7738  0.4184 
   00054    0.4800    -959.8084  0.4204 
   00055    0.4575    -961.9130  0.4235 
   00056    0.5250    -970.5288  0.4233 
   00057    0.4525    -976.4002  0.4258 
   00058    0.4925    -987.7018  0.4288 
   00059    0.4200   -1003.7587  0.4227 
   00060    0.4875   -1013.3353  0.4257 
   00061    0.4600   -1013.9069  0.4295 
   00062    0.4800   -1018.1399  0.4286 
   00063    0.4600   -1022.5923  0.4278 
   00064    0.4350   -1034.2135  0.4325 
   00065    0.4575   -1036.2604  0.4332 
   00066    0.4475   -1046.6017  0.4363 
   00067    0.4675   -1051.5487  0.4407 
   00068    0.4800   -1052.9503  0.4415 
   00069    0.4575   -1059.7635  0.4455 
   00070    0.4900   -1068.9406  0.4491 
   00071    0.4775   -1071.9201  0.4527 
   00072    0.4900   -1076.7625  0.4527 
   00073    0.4975   -1083.5933  0.4503 
   00074    0.4625   -1084.3563  0.4535 
   00075    0.5075   -1090.9944  0.4529 
   00076    0.5150   -1098.1863  0.4522 
   00077    0.4925   -1101.3686  0.4528 
   00078    0.4525   -1099.4631  0.4575 
   00079    0.4550   -1109.7779  0.4586 
   00080    0.5000   -1124.1699  0.4587 
   00081    0.4900   -1123.0285  0.4612 
   00082    0.4225   -1119.8858  0.4591 
   00083    0.4875   -1126.3530  0.4588 
   00084    0.4625   -1130.5460  0.4583 
   00085    0.4825   -1128.8055  0.4610 
   00086    0.4825   -1133.3968  0.4621 
   00087    0.4375   -1138.3660  0.4612 
   00088    0.4725   -1139.9881  0.4623 
   00089    0.4975   -1138.5695  0.4618 
   00090    0.5125   -1142.2516  0.4575 
   00091    0.5325   -1149.8095  0.4614 
   00092    0.4450   -1153.0803  0.4618 
   00093    0.4950   -1154.2909  0.4597 
   00094    0.4800   -1157.1957  0.4606 
   00095    0.4500   -1162.3714  0.4610 
   00096    0.4775   -1165.7802  0.4605 
   00097    0.4400   -1170.5814  0.4648 
   00098    0.4675   -1175.4402  0.4649 
   00099    0.4475   -1174.0791  0.4663 
   00100    0.4800   -1172.6766  0.4712 
   00101    0.4900   -1171.6288  0.4709 
   00102    0.4525   -1172.8263  0.4763 
   00103    0.4750   -1174.0924  0.4794 
   00104    0.5700   -1180.1983  0.4806 
   00105    0.4500   -1184.7685  0.4796 
   00106    0.4925   -1181.0239  0.4726 
   00107    0.4450   -1188.5937  0.4748 
   00108    0.4675   -1193.8439  0.4767 
   00109    0.4625   -1195.9713  0.4796 
   00110    0.4175   -1199.7838  0.4816 
   00111    0.5000   -1203.2662  0.4843 
   00112    0.4725   -1203.8365  0.4832 
   00113    0.4850   -1208.3787  0.4865 
   00114    0.5050   -1215.8906  0.4902 
   00115    0.4675   -1223.0186  0.4934 
   00116    0.4725   -1224.2878  0.4944 
   00117    0.4650   -1220.1828  0.4952 
   00118    0.5075   -1222.9974  0.4979 
   00119    0.4550   -1227.4585  0.4985 
   00120    0.4850   -1231.1434  0.4948 
   00121    0.4925   -1238.7207  0.4986 
   00122    0.4825   -1238.5463  0.4983 
   00123    0.4750   -1241.3258  0.4973 
   00124    0.4900   -1249.6145  0.5033 
   00125    0.4300   -1253.8875  0.5046 
   00126    0.4450   -1255.5138  0.5055 
   00127    0.4475   -1252.8740  0.5034 
   00128    0.4350   -1254.5736  0.5046 
   00129    0.4900   -1259.0673  0.5005 
   00130    0.4875   -1263.1682  0.5036 
   00131    0.5050   -1261.8652  0.5019 
   00132    0.4950   -1266.0868  0.5007 
   00133    0.4850   -1266.0389  0.5009 
   00134    0.4775   -1272.6884  0.5023 
   00135    0.3950   -1272.4981  0.5017 
   00136    0.4600   -1272.7215  0.5035 
   00137    0.4850   -1274.8405  0.5016 
   00138    0.4400   -1273.9804  0.5050 
   00139    0.4150   -1271.9103  0.5039 
   00140    0.5000   -1273.6802  0.5090 
   00141    0.4175   -1274.3789  0.5092 
   00142    0.4800   -1277.0577  0.5084 
   00143    0.4500   -1275.8279  0.5100 
   00144    0.5125   -1280.2950  0.5101 
   00145    0.4825   -1279.7666  0.5106 
   00146    0.4725   -1284.3031  0.5127 
   00147    0.4725   -1287.8107  0.5137 
   00148    0.5075   -1290.3142  0.5126 
   00149    0.4600   -1290.3124  0.5119 
   00150    0.4850   -1293.0251  0.5113 
   00151    0.4675   -1295.4821  0.5066 
   00152    0.4900   -1299.3478  0.5062 
   00153    0.5050   -1299.1935  0.5065 
   00154    0.4650   -1297.5023  0.5100 
   00155    0.4700   -1301.4983  0.5123 
   00156    0.4500   -1299.7581  0.5076 
   00157    0.4775   -1304.4817  0.5041 
   00158    0.4700   -1302.1486  0.5038 
   00159    0.4625   -1299.7754  0.5026 
   00160    0.4500   -1297.4565  0.5019 
   00161    0.4600   -1297.3216  0.4989 
   00162    0.4925   -1295.4247  0.4963 
   00163    0.4875   -1297.9213  0.4966 
   00164    0.4975   -1306.9767  0.4913 
   00165    0.4875   -1309.2327  0.4899 
   00166    0.4850   -1307.8785  0.4863 
   00167    0.4250   -1306.1376  0.4887 
   00168    0.4750   -1303.7312  0.4843 
   00169    0.4875   -1308.0735  0.4850 
   00170    0.4975   -1306.7584  0.4837 
   00171    0.4775   -1309.7003  0.4855 
   00172    0.4050   -1309.6633  0.4859 
   00173    0.4900   -1307.6203  0.4855 
   00174    0.4600   -1309.2551  0.4822 
   00175    0.4675   -1306.8566  0.4817 
   00176    0.4750   -1309.2037  0.4852 
   00177    0.4625   -1313.8698  0.4836 
   00178    0.4225   -1315.9818  0.4843 
   00179    0.4400   -1318.3992  0.4843 
   00180    0.4850   -1319.1519  0.4858 
   00181    0.4775   -1321.5766  0.4887 
   00182    0.4575   -1326.2203  0.4891 
   00183    0.5075   -1327.0332  0.4894 
   00184    0.4875   -1329.0334  0.4906 
   00185    0.5025   -1328.6178  0.4936 
   00186    0.4475   -1327.9838  0.4957 
   00187    0.4650   -1326.0028  0.4938 
   00188    0.4625   -1327.9957  0.4972 
   00189    0.4125   -1328.2350  0.4967 
   00190    0.4600   -1328.1453  0.4972 
   00191    0.4425   -1328.4445  0.4987 
   00192    0.4275   -1328.6465  0.5027 
   00193    0.4600   -1327.5951  0.5041 
   00194    0.4000   -1330.0732  0.5031 
   00195    0.4950   -1330.7397  0.4999 
   00196    0.4950   -1334.4562  0.4995 
   00197    0.4875   -1333.8624  0.5057 
   00198    0.4475   -1334.4907  0.5051 
   00199    0.5100   -1331.5530  0.5071 
   00200    0.4675   -1331.7662  0.5084 
   00201    0.4825   -1328.8699  0.5074 
   00202    0.4600   -1330.3737  0.5093 
   00203    0.5175   -1329.8707  0.5108 
   00204    0.4350   -1329.6747  0.5101 
   00205    0.4825   -1331.7598  0.5120 
   00206    0.4400   -1332.7315  0.5171 
   00207    0.4425   -1335.7788  0.5162 
   00208    0.4425   -1341.5138  0.5188 
   00209    0.4625   -1339.9257  0.5177 
   00210    0.4725   -1344.1335  0.5182 
   00211    0.4850   -1343.0086  0.5204 
   00212    0.4850   -1341.1168  0.5226 
   00213    0.4800   -1336.7825  0.5257 
   00214    0.5050   -1332.2523  0.5278 
   00215    0.4625   -1331.7091  0.5235 
   00216    0.4825   -1328.9339  0.5241 
   00217    0.4800   -1327.6156  0.5251 
   00218    0.4775   -1339.2355  0.5311 
   00219    0.4475   -1341.8904  0.5279 
   00220    0.4350   -1345.3208  0.5254 
   00221    0.4550   -1346.7742  0.5263 
   00222    0.4625   -1351.1927  0.5263 
   00223    0.5150   -1353.1119  0.5252 
   00224    0.4625   -1352.4652  0.5263 
   00225    0.4525   -1355.7351  0.5287 
   00226    0.4700   -1360.2977  0.5258 
   00227    0.4900   -1365.3601  0.5293 
   00228    0.4675   -1364.8558  0.5292 
   00229    0.4625   -1363.0524  0.5295 
   00230    0.4250   -1366.8751  0.5308 
   00231    0.3900   -1370.5424  0.5287 
   00232    0.4150   -1372.1845  0.5316 
   00233    0.4175   -1374.1195  0.5312 
   00234    0.4575   -1376.0370  0.5273 
   00235    0.4775   -1379.0093  0.5276 
   00236    0.4950   -1380.4668  0.5286 
   00237    0.5050   -1383.8366  0.5278 
   00238    0.4225   -1383.9652  0.5259 
   00239    0.4950   -1382.9647  0.5265 
   00240    0.5050   -1376.8700  0.5259 
   00241    0.5150   -1377.9962  0.5232 
   00242    0.4875   -1377.2092  0.5257 
   00243    0.4975   -1379.9093  0.5255 
   00244    0.4600   -1379.6903  0.5266 
   00245    0.4375   -1384.3451  0.5274 
   00246    0.4625   -1384.0451  0.5302 
   00247    0.4450   -1384.2959  0.5299 
   00248    0.4500   -1385.6383  0.5286 
   00249    0.4400   -1389.7572  0.5320 
   00250    0.4375   -1386.8159  0.5316 
   00251    0.4950   -1389.2742  0.5346 
   00252    0.4325   -1391.0486  0.5357 
   00253    0.4400   -1395.4697  0.5360 
   00254    0.4375   -1395.2133  0.5355 
   00255    0.4500   -1399.5929  0.5359 
   00256    0.4300   -1398.3568  0.5376 
   00257    0.4750   -1397.5113  0.5370 
   00258    0.4425   -1400.0182  0.5393 
   00259    0.4700   -1395.6866  0.5364 
   00260    0.4250   -1398.1744  0.5405 
   00261    0.4500   -1398.3457  0.5422 
   00262    0.4700   -1402.0508  0.5447 
   00263    0.4450   -1401.9468  0.5445 
   00264    0.4375   -1403.9509  0.5471 
   00265    0.4600   -1402.1780  0.5468 
   00266    0.4725   -1401.1375  0.5476 
   00267    0.4250   -1403.0025  0.5478 
   00268    0.4625   -1402.4485  0.5447 
   00269    0.4925   -1399.5877  0.5429 
   00270    0.4550   -1397.6114  0.5417 
   00271    0.4800   -1395.1701  0.5389 
   00272    0.4600   -1391.9770  0.5393 
   00273    0.5075   -1393.0289  0.5439 
   00274    0.4850   -1392.1558  0.5446 
   00275    0.4625   -1389.5931  0.5394 
   00276    0.4375   -1389.5397  0.5430 
   00277    0.4925   -1390.6018  0.5426 
   00278    0.4575   -1395.5352  0.5427 
   00279    0.4675   -1395.0189  0.5417 
   00280    0.4400   -1395.0515  0.5411 
   00281    0.4950   -1391.7082  0.5405 
   00282    0.4600   -1394.3176  0.5454 
   00283    0.5125   -1395.6999  0.5437 
   00284    0.4575   -1396.1867  0.5464 
   00285    0.4300   -1399.2457  0.5499 
   00286    0.4575   -1401.5631  0.5493 
   00287    0.4325   -1404.0319  0.5472 
   00288    0.4175   -1403.4134  0.5485 
   00289    0.4500   -1406.9182  0.5457 
   00290    0.4275   -1405.7948  0.5486 
   00291    0.4625   -1407.0938  0.5509 
   00292    0.4600   -1405.6448  0.5495 
   00293    0.4850   -1406.1177  0.5504 
   00294    0.5100   -1402.3851  0.5511 
   00295    0.4600   -1402.7488  0.5500 
   00296    0.4500   -1403.4161  0.5522 
   00297    0.4800   -1406.0131  0.5535 
   00298    0.4750   -1405.7500  0.5546 
   00299    0.4700   -1407.6481  0.5567 
   00300    0.4900   -1408.6288  0.5555 
   00301    0.4575   -1409.6868  0.5536 
   00302    0.4925   -1412.0531  0.5516 
   00303    0.4550   -1414.0501  0.5546 
   00304    0.4400   -1413.9480  0.5571 
   00305    0.4350   -1414.7142  0.5546 
   00306    0.4550   -1414.3176  0.5573 
   00307    0.4850   -1416.0030  0.5609 
   00308    0.4450   -1417.1059  0.5633 
   00309    0.4625   -1413.6910  0.5619 
   00310    0.4875   -1410.4043  0.5617 
   00311    0.4400   -1408.4688  0.5585 
   00312    0.5050   -1407.7419  0.5595 
   00313    0.4175   -1411.1900  0.5590 
   00314    0.4525   -1409.2857  0.5565 
   00315    0.4625   -1408.7320  0.5536 
   00316    0.4675   -1412.3329  0.5562 
   00317    0.4400   -1412.1207  0.5597 
   00318    0.4850   -1412.8398  0.5629 
   00319    0.4600   -1413.5833  0.5644 
   00320    0.4300   -1411.4216  0.5642 
   00321    0.4900   -1413.3025  0.5663 
   00322    0.4450   -1413.3849  0.5676 
   00323    0.4500   -1414.7646  0.5672 
   00324    0.4725   -1415.9760  0.5694 
   00325    0.4350   -1417.0885  0.5684 
   00326    0.4650   -1420.2875  0.5702 
   00327    0.4550   -1419.0764  0.5727 
   00328    0.4225   -1419.9487  0.5763 
   00329    0.4525   -1418.7428  0.5794 
   00330    0.5025   -1418.5101  0.5789 
   00331    0.4375   -1420.0089  0.5744 
   00332    0.4450   -1423.5324  0.5770 
   00333    0.4500   -1423.1118  0.5772 
   00334    0.4475   -1427.4029  0.5755 
   00335    0.4525   -1430.0729  0.5743 
   00336    0.4725   -1428.8424  0.5708 
   00337    0.4325   -1429.2856  0.5746 
   00338    0.4875   -1425.4513  0.5782 
   00339    0.4950   -1423.3229  0.5780 
   00340    0.4300   -1420.4582  0.5795 
   00341    0.5000   -1421.7073  0.5795 
   00342    0.4775   -1421.7239  0.5793 
   00343    0.4875   -1425.0384  0.5810 
   00344    0.4475   -1425.5030  0.5791 
   00345    0.4900   -1426.8717  0.5758 
   00346    0.4475   -1425.5825  0.5776 
   00347    0.4725   -1424.1304  0.5775 
   00348    0.4900   -1422.9220  0.5789 
   00349    0.4950   -1425.0363  0.5819 
   00350    0.4600   -1424.7568  0.5830 
   00351    0.4500   -1425.5644  0.5806 
   00352    0.4525   -1425.4811  0.5822 
   00353    0.4725   -1421.8538  0.5805 
   00354    0.4750   -1424.8141  0.5793 
   00355    0.4250   -1425.9099  0.5798 
   00356    0.4725   -1427.0218  0.5841 
   00357    0.5000   -1428.8402  0.5832 
   00358    0.4850   -1432.0860  0.5821 
   00359    0.4850   -1431.2885  0.5825 
   00360    0.4575   -1432.3802  0.5840 
   00361    0.4350   -1431.9786  0.5847 
   00362    0.4550   -1433.9492  0.5870 
   00363    0.4300   -1436.4509  0.5904 
   00364    0.5125   -1435.3893  0.5918 
   00365    0.4700   -1433.7817  0.5921 
   00366    0.5025   -1432.6087  0.5906 
   00367    0.4600   -1431.3673  0.5881 
   00368    0.4650   -1427.7868  0.5855 
   00369    0.4650   -1428.7421  0.5882 
   00370    0.4550   -1428.0146  0.5903 
   00371    0.4175   -1426.3912  0.5912 
   00372    0.5075   -1427.5061  0.5915 
   00373    0.4825   -1427.2356  0.5887 
   00374    0.4850   -1427.0626  0.5924 
   00375    0.4450   -1426.5165  0.5936 
   00376    0.4325   -1427.0469  0.5959 
   00377    0.4500   -1426.6452  0.5971 
   00378    0.4625   -1423.7809  0.5935 
   00379    0.4700   -1422.1951  0.5951 
   00380    0.4775   -1421.5767  0.5946 
   00381    0.4700   -1421.0995  0.5959 
   00382    0.4650   -1419.3065  0.5946 
   00383    0.4450   -1418.4667  0.5947 
   00384    0.4925   -1417.8818  0.5969 
   00385    0.4750   -1417.9386  0.5946 
   00386    0.4550   -1421.4223  0.5945 
   00387    0.4450   -1421.5164  0.5888 
   00388    0.4950   -1420.4726  0.5873 
   00389    0.4525   -1419.6055  0.5892 
   00390    0.4425   -1426.0925  0.5913 
   00391    0.4375   -1426.9403  0.5889 
   00392    0.4500   -1426.4262  0.5909 
   00393    0.4325   -1429.8918  0.5900 
   00394    0.4875   -1428.1706  0.5881 
   00395    0.4875   -1432.5935  0.5866 
   00396    0.4675   -1429.3173  0.5874 
   00397    0.4150   -1431.3009  0.5903 
   00398    0.4375   -1431.1994  0.5943 
   00399    0.4225   -1429.2117  0.5905 
   00400    0.4900   -1425.9047  0.5896 
   00401    0.4275   -1427.1588  0.5914 
   00402    0.4550   -1425.5261  0.5971 
   00403    0.4525   -1426.8680  0.5935 
   00404    0.4600   -1425.2168  0.5942 
   00405    0.4675   -1424.5459  0.5961 
   00406    0.4450   -1424.6768  0.5931 
   00407    0.3675   -1424.3471  0.5930 
   00408    0.4350   -1427.2176  0.5954 
   00409    0.4225   -1427.8390  0.5959 
   00410    0.4950   -1426.8402  0.5992 
   00411    0.4400   -1426.4664  0.5984 
   00412    0.4550   -1426.7860  0.5981 
   00413    0.4525   -1423.4517  0.5934 
   00414    0.5075   -1419.0778  0.5926 
   00415    0.4725   -1418.6125  0.5943 
   00416    0.4475   -1417.7115  0.5956 
   00417    0.4450   -1419.4506  0.5963 
   00418    0.4800   -1417.4785  0.5954 
   00419    0.4475   -1417.7708  0.5931 
   00420    0.4750   -1415.9154  0.5903 
   00421    0.5200   -1415.1957  0.5847 
   00422    0.4550   -1418.4702  0.5870 
   00423    0.4625   -1420.8666  0.5856 
   00424    0.4825   -1422.1418  0.5876 
   00425    0.4800   -1422.1011  0.5866 
   00426    0.4625   -1422.9638  0.5899 
   00427    0.4575   -1424.5060  0.5911 
   00428    0.4675   -1420.2519  0.5896 
   00429    0.4525   -1419.3363  0.5911 
   00430    0.4600   -1416.5215  0.5901 
   00431    0.4650   -1413.4831  0.5927 
   00432    0.4575   -1413.0479  0.5912 
   00433    0.5150   -1413.9568  0.5897 
   00434    0.4275   -1415.5426  0.5890 
   00435    0.4550   -1414.5571  0.5890 
   00436    0.4500   -1416.6708  0.5886 
   00437    0.4550   -1419.2689  0.5889 
   00438    0.4400   -1416.5679  0.5915 
   00439    0.4300   -1419.2356  0.5934 
   00440    0.5050   -1412.9345  0.5879 
   00441    0.5025   -1412.1965  0.5863 
   00442    0.4450   -1412.0219  0.5823 
   00443    0.4525   -1413.3776  0.5822 
   00444    0.4425   -1412.0176  0.5845 
   00445    0.4175   -1410.6512  0.5810 
   00446    0.4025   -1410.3249  0.5799 
   00447    0.4700   -1413.5216  0.5812 
   00448    0.4400   -1418.7152  0.5812 
   00449    0.5250   -1418.8638  0.5861 
   00450    0.5150   -1417.9966  0.5867 
   00451    0.4525   -1415.2189  0.5896 
   00452    0.4675   -1416.9034  0.5851 
   00453    0.4475   -1422.0733  0.5951 
   00454    0.4725   -1423.3580  0.5969 
   00455    0.5025   -1427.0436  0.5987 
   00456    0.4800   -1427.4594  0.5973 
   00457    0.5075   -1430.8130  0.5953 
   00458    0.4750   -1432.5323  0.5983 
   00459    0.4300   -1434.6876  0.5982 
   00460    0.4725   -1433.9074  0.6010 
   00461    0.5225   -1430.0222  0.6000 
   00462    0.4375   -1428.0612  0.6007 
   00463    0.4675   -1430.6460  0.6010 
   00464    0.5175   -1428.8340  0.5998 
   00465    0.4600   -1427.1387  0.6027 
   00466    0.4675   -1428.1287  0.6013 
   00467    0.4650   -1428.5345  0.6017 
   00468    0.5075   -1427.2784  0.6034 
   00469    0.4475   -1430.2986  0.6039 
   00470    0.4525   -1429.1123  0.6057 
   00471    0.4650   -1431.8643  0.6046 
   00472    0.4650   -1435.1358  0.6035 
   00473    0.4725   -1435.5827  0.5982 
   00474    0.4725   -1432.1784  0.5984 
   00475    0.4475   -1433.5854  0.5988 
   00476    0.4475   -1431.0683  0.5985 
   00477    0.4350   -1434.9212  0.5976 
   00478    0.4875   -1433.2870  0.6002 
   00479    0.4750   -1434.3561  0.6036 
   00480    0.4475   -1436.1324  0.6033 
   00481    0.4425   -1436.7092  0.6040 
   00482    0.4700   -1439.4233  0.6023 
   00483    0.4350   -1437.8242  0.6054 
   00484    0.5000   -1434.2214  0.6048 
   00485    0.5075   -1431.1103  0.6049 
   00486    0.4625   -1432.5089  0.6055 
   00487    0.4475   -1431.5386  0.6050 
   00488    0.4725   -1430.7785  0.6044 
   00489    0.4650   -1429.6555  0.6048 
   00490    0.4650   -1430.8762  0.6057 
   00491    0.4850   -1429.5971  0.6074 
   00492    0.4925   -1428.3473  0.6048 
   00493    0.4700   -1426.9108  0.6053 
   00494    0.4375   -1429.4111  0.6070 
   00495    0.4325   -1427.2063  0.6094 
   00496    0.4900   -1427.3930  0.6095 
   00497    0.4575   -1427.4804  0.6078 
   00498    0.4325   -1425.7859  0.6102 
   00499    0.4950   -1425.7875  0.6112 
   00500    0.4900   -1429.9019  0.6109 
   00501    0.4800   -1429.5868  0.6116 
   00502    0.4925   -1428.3221  0.6155 
   00503    0.4550   -1426.8087  0.6137 
   00504    0.4850   -1425.9834  0.6133 
   00505    0.4600   -1430.7242  0.6134 
   00506    0.4525   -1427.6665  0.6109 
   00507    0.4500   -1426.0901  0.6096 
   00508    0.4650   -1428.3735  0.6088 
   00509    0.5250   -1426.9274  0.6131 
   00510    0.4275   -1428.3462  0.6119 
   00511    0.4375   -1428.3917  0.6092 
   00512    0.4600   -1426.2457  0.6071 
   00513    0.4750   -1429.2334  0.6079 
   00514    0.4525   -1427.2639  0.6071 
   00515    0.3975   -1426.0694  0.6097 
   00516    0.4625   -1424.6486  0.6127 
   00517    0.4475   -1425.4149  0.6152 
   00518    0.4900   -1424.6758  0.6134 
   00519    0.4925   -1428.3045  0.6145 
   00520    0.4600   -1429.5722  0.6140 
   00521    0.4925   -1427.5984  0.6110 
   00522    0.4825   -1427.6767  0.6074 
   00523    0.4625   -1426.5087  0.6013 
   00524    0.4775   -1420.9784  0.6013 
   00525    0.4600   -1421.5217  0.6058 
   00526    0.4400   -1420.1697  0.6053 
   00527    0.4550   -1419.5701  0.6066 
   00528    0.4775   -1419.3639  0.6078 
   00529    0.4900   -1422.1160  0.6050 
   00530    0.4000   -1423.1367  0.6069 
   00531    0.4725   -1424.9899  0.6067 
   00532    0.4600   -1426.5745  0.6051 
   00533    0.4725   -1423.4108  0.6047 
   00534    0.4850   -1425.0734  0.6061 
   00535    0.4250   -1426.5091  0.6048 
   00536    0.4250   -1427.4431  0.6049 
   00537    0.4725   -1427.1574  0.6054 
   00538    0.4900   -1429.3931  0.6024 
   00539    0.4350   -1428.4929  0.6026 
   00540    0.4575   -1425.3111  0.6032 
   00541    0.4725   -1426.8146  0.6067 
   00542    0.4775   -1426.7545  0.6075 
   00543    0.4500   -1426.6964  0.6065 
   00544    0.4625   -1427.4099  0.6086 
   00545    0.4400   -1425.6732  0.6112 
   00546    0.4675   -1427.1881  0.6170 
   00547    0.5125   -1427.8541  0.6122 
   00548    0.4650   -1429.0244  0.6100 
   00549    0.4525   -1430.8409  0.6092 
   00550    0.4550   -1427.1373  0.6058 
   00551    0.4375   -1427.0180  0.6063 
   00552    0.4525   -1428.7534  0.6087 
   00553    0.4400   -1428.3389  0.6098 
   00554    0.4400   -1425.0106  0.6101 
   00555    0.4650   -1422.9363  0.6165 
   00556    0.4275   -1422.5169  0.6171 
   00557    0.4150   -1423.4751  0.6196 
   00558    0.4775   -1420.9428  0.6183 
   00559    0.4625   -1423.3768  0.6217 
   00560    0.4875   -1420.9044  0.6209 
   00561    0.4400   -1419.9526  0.6190 
   00562    0.4850   -1421.4575  0.6178 
   00563    0.4700   -1419.7502  0.6186 
   00564    0.4450   -1422.1409  0.6243 
   00565    0.4700   -1422.6905  0.6255 
   00566    0.4825   -1420.4201  0.6260 
   00567    0.4000   -1421.4915  0.6284 
   00568    0.4275   -1420.0084  0.6284 
   00569    0.4800   -1420.0414  0.6294 
   00570    0.4750   -1422.2271  0.6329 
   00571    0.4875   -1421.0933  0.6339 
   00572    0.5075   -1423.9853  0.6388 
   00573    0.4750   -1424.2094  0.6369 
   00574    0.4475   -1423.1486  0.6346 
   00575    0.4275   -1424.9017  0.6379 
   00576    0.4325   -1428.5315  0.6410 
   00577    0.4450   -1429.3520  0.6456 
   00578    0.4500   -1428.8858  0.6430 
   00579    0.4375   -1428.9672  0.6403 
   00580    0.4250   -1428.1352  0.6435 
   00581    0.4575   -1430.4250  0.6455 
   00582    0.4650   -1429.3632  0.6434 
   00583    0.4150   -1427.8583  0.6441 
   00584    0.4550   -1427.0075  0.6410 
   00585    0.4675   -1425.8110  0.6361 
   00586    0.4700   -1427.7686  0.6328 
   00587    0.4450   -1432.3048  0.6335 
   00588    0.3925   -1428.1967  0.6311 
   00589    0.4725   -1434.3278  0.6312 
   00590    0.4300   -1435.9642  0.6344 
   00591    0.4475   -1434.9214  0.6339 
   00592    0.5175   -1431.8238  0.6342 
   00593    0.4775   -1431.3937  0.6360 
   00594    0.4550   -1435.9654  0.6354 
   00595    0.4500   -1435.0886  0.6360 
   00596    0.4350   -1434.1994  0.6344 
   00597    0.4650   -1435.0776  0.6367 
   00598    0.4650   -1431.9417  0.6381 
   00599    0.4475   -1434.6364  0.6376 
   00600    0.4875   -1434.7685  0.6361 
   00601    0.4300   -1432.7004  0.6381 
   00602    0.4750   -1433.5794  0.6374 
   00603    0.5000   -1431.1871  0.6317 
   00604    0.4675   -1433.8112  0.6328 
   00605    0.5100   -1432.8163  0.6277 
   00606    0.4800   -1432.4102  0.6309 
   00607    0.4550   -1432.7504  0.6301 
   00608    0.4575   -1435.2007  0.6320 
   00609    0.4875   -1434.2195  0.6285 
   00610    0.5075   -1433.4022  0.6279 
   00611    0.5000   -1429.0416  0.6253 
   00612    0.4625   -1427.8939  0.6277 
   00613    0.4525   -1426.3772  0.6247 
   00614    0.4775   -1426.4591  0.6247 
   00615    0.4750   -1428.1355  0.6223 
   00616    0.4800   -1432.1883  0.6246 
   00617    0.4825   -1430.7735  0.6243 
   00618    0.4525   -1426.7272  0.6216 
   00619    0.4800   -1426.7762  0.6236 
   00620    0.4550   -1427.7035  0.6208 
   00621    0.4725   -1427.4305  0.6204 
   00622    0.4000   -1428.1147  0.6229 
   00623    0.4675   -1429.1395  0.6273 
   00624    0.4750   -1423.0209  0.6257 
   00625    0.4575   -1423.9885  0.6239 
   00626    0.4650   -1423.6882  0.6221 
   00627    0.4700   -1419.0532  0.6220 
   00628    0.4250   -1419.3313  0.6227 
   00629    0.4775   -1420.0461  0.6225 
   00630    0.4875   -1417.6957  0.6191 
   00631    0.4700   -1418.1518  0.6183 
   00632    0.4700   -1421.3962  0.6163 
   00633    0.4625   -1422.2068  0.6204 
   00634    0.4425   -1426.8763  0.6231 
   00635    0.4750   -1424.4867  0.6196 
   00636    0.4250   -1426.0462  0.6210 
   00637    0.4675   -1429.7212  0.6191 
   00638    0.4400   -1429.1684  0.6184 
   00639    0.5025   -1430.4347  0.6180 
   00640    0.4500   -1431.2802  0.6170 
   00641    0.4900   -1430.8052  0.6181 
   00642    0.4450   -1432.0133  0.6171 
   00643    0.4450   -1433.1493  0.6244 
   00644    0.4675   -1434.5585  0.6251 
   00645    0.4775   -1440.5514  0.6270 
   00646    0.4375   -1443.8142  0.6337 
   00647    0.4125   -1443.6606  0.6314 
   00648    0.5000   -1442.9863  0.6282 
   00649    0.4775   -1442.4533  0.6292 
   00650    0.4800   -1437.8620  0.6247 
   00651    0.4350   -1439.3158  0.6285 
   00652    0.4475   -1440.2178  0.6295 
   00653    0.4525   -1442.6925  0.6324 
   00654    0.4950   -1440.0523  0.6353 
   00655    0.4450   -1443.0375  0.6353 
   00656    0.4875   -1442.6931  0.6385 
   00657    0.4075   -1444.2939  0.6424 
   00658    0.4250   -1443.0726  0.6431 
   00659    0.4450   -1442.8939  0.6442 
   00660    0.4675   -1444.7210  0.6478 
   00661    0.4450   -1439.4521  0.6436 
   00662    0.4200   -1434.8070  0.6412 
   00663    0.4775   -1435.6604  0.6440 
   00664    0.4950   -1437.3455  0.6457 
   00665    0.4925   -1439.6597  0.6437 
   00666    0.4725   -1439.9660  0.6476 
   00667    0.4425   -1441.3093  0.6476 
   00668    0.4625   -1440.7131  0.6491 
   00669    0.4250   -1442.6475  0.6493 
   00670    0.4450   -1441.9170  0.6440 
   00671    0.4875   -1444.5037  0.6461 
   00672    0.4325   -1444.3112  0.6443 
   00673    0.5150   -1440.7204  0.6488 
   00674    0.4475   -1439.7379  0.6479 
   00675    0.4725   -1443.3445  0.6512 
   00676    0.5075   -1441.6759  0.6529 
   00677    0.4325   -1441.3872  0.6491 
   00678    0.4525   -1441.7074  0.6493 
   00679    0.4575   -1442.5236  0.6527 
   00680    0.4600   -1441.4445  0.6541 
   00681    0.4525   -1438.8764  0.6496 
   00682    0.4475   -1435.8039  0.6476 
   00683    0.5050   -1433.6210  0.6451 
   00684    0.4800   -1431.6407  0.6451 
   00685    0.4425   -1430.2069  0.6404 
   00686    0.5025   -1430.2591  0.6423 
   00687    0.4575   -1426.0882  0.6417 
   00688    0.4725   -1430.0284  0.6437 
   00689    0.4600   -1432.6064  0.6494 
   00690    0.4650   -1433.4280  0.6498 
   00691    0.4400   -1430.8331  0.6440 
   00692    0.4325   -1427.9606  0.6448 
   00693    0.4325   -1424.5579  0.6441 
   00694    0.4600   -1424.1084  0.6412 
   00695    0.4625   -1424.3793  0.6414 
   00696    0.4425   -1426.5029  0.6417 
   00697    0.4400   -1430.9511  0.6407 
   00698    0.4725   -1433.7198  0.6377 
   00699    0.4550   -1438.6876  0.6424 
   00700    0.4600   -1438.5961  0.6439 
   00701    0.4775   -1436.5487  0.6403 
   00702    0.4850   -1435.1248  0.6389 
   00703    0.4800   -1435.0339  0.6371 
   00704    0.5050   -1438.1043  0.6361 
   00705    0.4850   -1439.8123  0.6378 
   00706    0.4550   -1437.0443  0.6366 
   00707    0.4700   -1436.7924  0.6345 
   00708    0.4875   -1435.2569  0.6357 
   00709    0.4000   -1433.0692  0.6343 
   00710    0.4050   -1430.9751  0.6354 
   00711    0.4900   -1432.1512  0.6354 
   00712    0.4675   -1433.7789  0.6350 
   00713    0.4975   -1432.2794  0.6346 
   00714    0.4800   -1430.6511  0.6356 
   00715    0.4500   -1428.6862  0.6379 
   00716    0.4375   -1425.6095  0.6361 
   00717    0.4800   -1428.4211  0.6339 
   00718    0.4600   -1428.1214  0.6342 
   00719    0.4450   -1431.1188  0.6368 
   00720    0.4625   -1434.9225  0.6360 
   00721    0.4675   -1434.9153  0.6342 
   00722    0.4150   -1434.3952  0.6323 
   00723    0.4125   -1434.2370  0.6320 
   00724    0.4650   -1436.2044  0.6333 
   00725    0.4800   -1434.4071  0.6319 
   00726    0.4525   -1436.7699  0.6257 
   00727    0.4500   -1438.1891  0.6261 
   00728    0.4550   -1437.4476  0.6232 
   00729    0.4725   -1435.1723  0.6220 
   00730    0.4400   -1435.8192  0.6237 
   00731    0.4650   -1432.3541  0.6273 
   00732    0.4750   -1430.4643  0.6285 
   00733    0.4850   -1427.5767  0.6264 
   00734    0.4350   -1427.6032  0.6256 
   00735    0.4500   -1426.7210  0.6272 
   00736    0.4475   -1426.6780  0.6221 
   00737    0.4275   -1428.7739  0.6261 
   00738    0.4575   -1426.7799  0.6217 
   00739    0.4425   -1430.5932  0.6220 
   00740    0.4750   -1430.9916  0.6287 
   00741    0.4675   -1433.1978  0.6270 
   00742    0.4525   -1436.7107  0.6255 
   00743    0.4550   -1437.9025  0.6247 
   00744    0.4600   -1438.5596  0.6301 
   00745    0.4750   -1438.6522  0.6318 
   00746    0.4750   -1441.1576  0.6314 
   00747    0.4700   -1444.4758  0.6331 
   00748    0.4725   -1447.8212  0.6329 
   00749    0.4600   -1446.2293  0.6332 
   00750    0.5075   -1446.7210  0.6328 
   00751    0.4025   -1444.4334  0.6322 
   00752    0.4300   -1445.5540  0.6342 
   00753    0.4600   -1447.6455  0.6330 
   00754    0.4475   -1448.5904  0.6329 
   00755    0.4450   -1446.0196  0.6352 
   00756    0.4400   -1441.6393  0.6306 
   00757    0.4300   -1441.1392  0.6305 
   00758    0.4525   -1439.0421  0.6315 
   00759    0.5000   -1438.9442  0.6326 
   00760    0.4200   -1440.5259  0.6350 
   00761    0.4550   -1440.3241  0.6331 
   00762    0.4875   -1439.5703  0.6299 
   00763    0.4250   -1442.0474  0.6307 
   00764    0.4675   -1443.4520  0.6319 
   00765    0.4700   -1441.6677  0.6326 
   00766    0.4550   -1438.2704  0.6357 
   00767    0.4525   -1438.3781  0.6340 
   00768    0.5025   -1437.8914  0.6342 
   00769    0.4725   -1434.2799  0.6287 
   00770    0.4675   -1437.7301  0.6304 
   00771    0.4500   -1436.3238  0.6290 
   00772    0.4625   -1434.3655  0.6288 
   00773    0.4925   -1438.4689  0.6282 
   00774    0.4475   -1439.5039  0.6269 
   00775    0.4625   -1440.4142  0.6266 
   00776    0.4425   -1444.7142  0.6292 
   00777    0.4800   -1442.5264  0.6304 
   00778    0.4625   -1439.9558  0.6327 
   00779    0.4425   -1439.7400  0.6277 
   00780    0.4550   -1441.5458  0.6292 
   00781    0.4825   -1441.3697  0.6278 
   00782    0.4725   -1445.2091  0.6322 
   00783    0.4450   -1445.7221  0.6336 
   00784    0.4800   -1443.1884  0.6323 
   00785    0.4275   -1446.5054  0.6351 
   00786    0.4575   -1447.9924  0.6375 
   00787    0.4975   -1446.5014  0.6352 
   00788    0.4900   -1445.6408  0.6325 
   00789    0.4550   -1446.6813  0.6332 
   00790    0.5025   -1447.3522  0.6286 
   00791    0.4650   -1445.5701  0.6336 
   00792    0.4725   -1445.9513  0.6338 
   00793    0.4475   -1444.1728  0.6343 
   00794    0.4800   -1446.1164  0.6349 
   00795    0.4400   -1445.2485  0.6362 
   00796    0.4625   -1446.4789  0.6377 
   00797    0.4500   -1448.7068  0.6387 
   00798    0.4350   -1447.6939  0.6392 
   00799    0.4675   -1446.3283  0.6432 
   00800    0.4275   -1446.8531  0.6459 
   00801    0.4650   -1446.9376  0.6435 
   00802    0.4525   -1447.0703  0.6402 
   00803    0.4400   -1448.1121  0.6394 
   00804    0.4900   -1444.4362  0.6394 
   00805    0.4200   -1445.9151  0.6377 
   00806    0.4425   -1447.7412  0.6392 
   00807    0.4300   -1446.9991  0.6338 
   00808    0.4325   -1446.0299  0.6324 
   00809    0.4575   -1443.0168  0.6330 
   00810    0.4525   -1442.7632  0.6337 
   00811    0.4675   -1444.4288  0.6356 
   00812    0.4200   -1445.7765  0.6338 
   00813    0.4350   -1446.2989  0.6362 
   00814    0.4575   -1444.9459  0.6391 
   00815    0.5225   -1442.0031  0.6442 
   00816    0.4725   -1440.8816  0.6446 
   00817    0.4525   -1440.6510  0.6421 
   00818    0.4550   -1441.2641  0.6429 
   00819    0.4600   -1441.2817  0.6420 
   00820    0.4775   -1437.5549  0.6388 
   00821    0.4950   -1435.7469  0.6366 
   00822    0.5275   -1436.2888  0.6371 
   00823    0.4600   -1435.5967  0.6372 
   00824    0.4800   -1434.5300  0.6354 
   00825    0.5000   -1437.9043  0.6362 
   00826    0.5025   -1435.5128  0.6345 
   00827    0.4725   -1435.4398  0.6326 
   00828    0.4625   -1437.1157  0.6309 
   00829    0.4400   -1437.5072  0.6300 
   00830    0.4875   -1439.1034  0.6332 
   00831    0.4325   -1439.2206  0.6305 
   00832    0.4375   -1438.2946  0.6310 
   00833    0.5050   -1438.0131  0.6282 
   00834    0.4500   -1433.0853  0.6278 
   00835    0.4350   -1430.5522  0.6280 
   00836    0.4875   -1427.3696  0.6306 
   00837    0.4525   -1428.0416  0.6320 
   00838    0.4925   -1425.2645  0.6296 
   00839    0.4850   -1421.3388  0.6260 
   00840    0.4525   -1427.8242  0.6262 
   00841    0.4375   -1427.8686  0.6237 
   00842    0.4500   -1426.6469  0.6245 
   00843    0.4500   -1428.2305  0.6258 
   00844    0.4600   -1429.1454  0.6275 
   00845    0.4800   -1426.3374  0.6256 
   00846    0.4325   -1429.8023  0.6333 
   00847    0.4175   -1428.4590  0.6301 
   00848    0.4650   -1428.5711  0.6299 
   00849    0.5025   -1426.6124  0.6297 
   00850    0.4600   -1423.8193  0.6241 
   00851    0.4625   -1423.6457  0.6251 
   00852    0.4525   -1423.2808  0.6242 
   00853    0.4500   -1424.6078  0.6263 
   00854    0.4725   -1425.0822  0.6214 
   00855    0.4525   -1423.2150  0.6181 
   00856    0.4725   -1425.9167  0.6203 
   00857    0.4475   -1426.7077  0.6201 
   00858    0.4250   -1427.9125  0.6236 
   00859    0.4825   -1427.1973  0.6216 
   00860    0.4625   -1427.3377  0.6182 
   00861    0.4550   -1429.3876  0.6181 
   00862    0.4500   -1431.0458  0.6185 
   00863    0.4625   -1430.3995  0.6169 
   00864    0.4575   -1430.2934  0.6195 
   00865    0.4450   -1430.5452  0.6192 
   00866    0.4500   -1431.0854  0.6155 
   00867    0.4775   -1431.7131  0.6173 
   00868    0.4550   -1432.3399  0.6164 
   00869    0.4925   -1429.5133  0.6172 
   00870    0.4675   -1430.1814  0.6195 
   00871    0.4625   -1427.1204  0.6196 
   00872    0.4475   -1427.3076  0.6225 
   00873    0.4325   -1427.9906  0.6228 
   00874    0.4725   -1427.3281  0.6225 
   00875    0.4400   -1424.3659  0.6207 
   00876    0.4300   -1425.0145  0.6229 
   00877    0.4625   -1424.5969  0.6226 
   00878    0.4450   -1424.8457  0.6202 
   00879    0.4750   -1426.0155  0.6228 
   00880    0.4750   -1428.3566  0.6257 
   00881    0.4850   -1430.6231  0.6236 
   00882    0.4600   -1432.7301  0.6222 
   00883    0.4050   -1430.6742  0.6187 
   00884    0.4500   -1430.8887  0.6171 
   00885    0.4450   -1427.8147  0.6159 
   00886    0.5050   -1432.1045  0.6148 
   00887    0.4875   -1431.4171  0.6119 
   00888    0.4250   -1431.4997  0.6130 
   00889    0.4775   -1430.7074  0.6092 
   00890    0.4725   -1431.7238  0.6070 
   00891    0.4750   -1436.4787  0.6047 
   00892    0.5175   -1436.9339  0.6043 
   00893    0.4775   -1440.5743  0.6113 
   00894    0.4675   -1441.3532  0.6156 
   00895    0.4425   -1443.1922  0.6185 
   00896    0.4550   -1445.7578  0.6198 
   00897    0.4425   -1446.1662  0.6204 
   00898    0.5075   -1444.3299  0.6182 
   00899    0.4725   -1443.6104  0.6115 
   00900    0.4725   -1442.7359  0.6105 
   00901    0.4325   -1443.6666  0.6078 
   00902    0.4525   -1443.6337  0.6096 
   00903    0.4850   -1444.3627  0.6139 
   00904    0.4575   -1443.7382  0.6146 
   00905    0.4725   -1443.2962  0.6118 
   00906    0.4850   -1444.1568  0.6132 
   00907    0.4425   -1443.1906  0.6136 
   00908    0.4250   -1442.1264  0.6131 
   00909    0.4875   -1442.4063  0.6105 
   00910    0.4575   -1445.5575  0.6110 
   00911    0.4725   -1446.3214  0.6141 
   00912    0.4550   -1444.3964  0.6140 
   00913    0.4550   -1443.0459  0.6111 
   00914    0.4675   -1439.4138  0.6075 
   00915    0.4250   -1438.1174  0.6014 
   00916    0.4675   -1435.8701  0.5987 
   00917    0.4925   -1433.1701  0.5929 
   00918    0.4625   -1435.0715  0.5922 
   00919    0.4250   -1434.9017  0.5939 
   00920    0.4700   -1435.9517  0.5911 
   00921    0.4700   -1437.5419  0.5943 
   00922    0.4750   -1437.4602  0.5969 
   00923    0.4475   -1437.6137  0.5975 
   00924    0.4450   -1436.2325  0.5977 
   00925    0.4825   -1440.5147  0.6023 
   00926    0.4675   -1439.8303  0.6065 
   00927    0.4500   -1438.6351  0.6055 
   00928    0.4325   -1437.9911  0.6040 
   00929    0.4225   -1433.9876  0.6042 
   00930    0.4850   -1435.6496  0.6052 
   00931    0.4450   -1435.2105  0.6027 
   00932    0.4600   -1434.8505  0.6004 
   00933    0.4775   -1433.6417  0.6042 
   00934    0.4975   -1435.5725  0.6050 
   00935    0.4475   -1433.1591  0.6053 
   00936    0.4775   -1431.4491  0.6069 
   00937    0.4425   -1430.8306  0.6073 
   00938    0.4550   -1429.3045  0.6091 
   00939    0.4975   -1432.1533  0.6066 
   00940    0.5050   -1433.7685  0.6095 
   00941    0.4875   -1435.9145  0.6091 
   00942    0.4125   -1436.7454  0.6129 
   00943    0.4925   -1440.5488  0.6161 
   00944    0.4600   -1442.6856  0.6174 
   00945    0.5050   -1442.7139  0.6194 
   00946    0.4825   -1440.9009  0.6196 
   00947    0.4650   -1437.0449  0.6220 
   00948    0.4850   -1435.2411  0.6227 
   00949    0.4850   -1431.1947  0.6224 
   00950    0.4250   -1433.7276  0.6271 
   00951    0.4700   -1435.9394  0.6276 
   00952    0.4525   -1438.0151  0.6322 
   00953    0.4400   -1439.7220  0.6402 
   00954    0.4375   -1441.1818  0.6416 
   00955    0.4075   -1441.1868  0.6454 
   00956    0.4600   -1438.5245  0.6434 
   00957    0.4400   -1438.4738  0.6448 
   00958    0.4650   -1439.4424  0.6420 
   00959    0.5075   -1437.7609  0.6408 
   00960    0.4925   -1440.8048  0.6421 
   00961    0.4575   -1437.3365  0.6435 
   00962    0.4475   -1438.4953  0.6455 
   00963    0.4475   -1442.8545  0.6443 
   00964    0.4175   -1438.9746  0.6413 
   00965    0.4500   -1439.8844  0.6446 
   00966    0.4425   -1435.7391  0.6428 
   00967    0.4450   -1430.6376  0.6442 
   00968    0.4475   -1433.7811  0.6481 
   00969    0.4675   -1433.7938  0.6459 
   00970    0.4675   -1432.7033  0.6456 
   00971    0.4600   -1437.2490  0.6448 
   00972    0.4375   -1440.6331  0.6430 
   00973    0.4125   -1440.5149  0.6440 
   00974    0.4625   -1439.4942  0.6462 
   00975    0.4050   -1441.2773  0.6491 
   00976    0.5175   -1438.1590  0.6444 
   00977    0.4775   -1438.7362  0.6425 
   00978    0.4650   -1440.0323  0.6417 
   00979    0.4525   -1439.2152  0.6385 
   00980    0.4500   -1443.2547  0.6397 
   00981    0.4750   -1441.9495  0.6352 
   00982    0.4725   -1440.0875  0.6311 
   00983    0.4525   -1436.1482  0.6336 
   00984    0.4425   -1437.6206  0.6363 
   00985    0.4250   -1438.8302  0.6351 
   00986    0.4650   -1439.3085  0.6319 
   00987    0.4700   -1440.5878  0.6342 
   00988    0.4350   -1438.6304  0.6302 
   00989    0.4825   -1433.2381  0.6293 
   00990    0.4525   -1433.0823  0.6290 
   00991    0.4550   -1436.6114  0.6310 
   00992    0.4875   -1440.0875  0.6315 
   00993    0.4750   -1439.0486  0.6319 
   00994    0.4950   -1439.7600  0.6328 
   00995    0.4150   -1439.8563  0.6293 
   00996    0.4725   -1438.8822  0.6281 
   00997    0.4850   -1440.4040  0.6231 
   00998    0.4100   -1442.7414  0.6258 
   00999    0.4200   -1442.6436  0.6269 
   01000    0.4800   -1442.1842  0.6277 
