#=====================================================
# File created:        Wed-05-Nov-2025-at-03-29-55AM
# Size of lattice:     20x20
# Number of MC steps:  1000
# Reduced temperature: 0.150
# Run time (s):        2.135654
#=====================================================
# MC step:  Ratio:     Energy:   Order:
#=====================================================
   00000    0.5000    -415.7989  0.2817 
   00001    0.4875    -420.1321  0.3312 
   00002    0.4900    -430.9276  0.3344 
   00003    0.5025    -441.1022  0.3402 
   00004    0.4375    -453.7786  0.3402 
   00005    0.4975    -463.4354  0.3398 
   00006    0.4875    -480.8549  0.3410 
   00007    0.5000    -488.1296  0.3428 
   00008    0.4975    -505.5931  0.3424 
   00009    0.4725    -517.6911  0.3453 
   00010    0.4825    -529.6046  0.3477 
   00011    0.5050    -532.2290  0.3444 
   00012    0.5125    -545.5529  0.3373 
   00013    0.4725    -562.1040  0.3390 
   00014    0.4950    -576.3136  0.3363 
   00015    0.5150    -597.8839  0.3410 
   00016    0.4850    -606.6222  0.3403 
   00017    0.5300    -617.8377  0.3451 
   00018    0.4400    -634.5343  0.3508 
   00019    0.4950    -645.1419  0.3529 
   00020    0.5325    -670.2033  0.3580 
   00021    0.5050    -675.4651  0.3588 
   00022    0.5250    -689.0363  0.3609 
   00023    0.4550    -704.1644  0.3639 
   00024    0.4675    -715.7725  0.3655 
   00025    0.4625    -721.9908  0.3715 
   00026    0.5300    -734.8452  0.3764 
   00027    0.4525    -741.6195  0.3806 
   00028    0.4900    -747.2995  0.3819 
   00029    0.4900    -753.2344  0.3838 
   00030    0.5225    -771.2712  0.3824 
   00031    0.4550    -780.0110  0.3881 
   00032    0.5025    -787.4317  0.3942 
   00033    0.4875    -795.7580  0.3939 
   00034    0.5300    -802.8393  0.3973 
   00035    0.4750    -808.9387  0.3956 
   00036    0.5000    -816.6236  0.3966 
   00037    0.5025    -824.2191  0.4000 
   00038    0.4900    -834.0650  0.4043 
   00039    0.4700    -846.2876  0.4068 
   00040    0.4700    -852.9912  0.4060 
   00041    0.5175    -858.7567  0.4088 
   00042    0.4800    -862.4555  0.4089 
   00043    0.5225    -871.4353  0.4096 
   00044    0.4900    -874.7658  0.4101 
   00045    0.5150    -885.5209  0.4147 
   00046    0.5050    -890.1514  0.4189 
   00047    0.4625    -897.3874  0.4188 
   00048    0.4550    -900.0876  0.4214 
   00049    0.4400    -903.3166  0.4223 
   00050    0.5200    -909.4482  0.4288 
   00051    0.4900    -915.9867  0.4280 
   00052    0.5050    -922.8628  0.4282 
   00053    0.5150    -925.5573  0.4268 
   00054    0.5225    -931.0692  0.4238 
   00055    0.4950    -946.8560  0.4273 
   00056    0.5325    -958.1726  0.4290 
   00057    0.4950    -965.3634  0.4322 
   00058    0.5000    -978.8358  0.4347 
   00059    0.4225    -984.5327  0.4380 
   00060    0.4975    -986.6631  0.4382 
   00061    0.5000    -990.0794  0.4404 
   00062    0.5025    -992.9418  0.4451 
   00063    0.4975   -1000.2354  0.4497 
   00064    0.4950   -1000.1764  0.4560 
   00065    0.4750   -1004.5950  0.4547 
   00066    0.5400   -1011.8664  0.4602 
   00067    0.4950   -1014.7041  0.4637 
   00068    0.5050   -1016.8290  0.4649 
   00069    0.4850   -1019.8616  0.4647 
   00070    0.5125   -1021.9716  0.4695 
   00071    0.5275   -1021.5304  0.4676 
   00072    0.5200   -1023.1213  0.4661 
   00073    0.4675   -1030.1830  0.4651 
   00074    0.4900   -1033.3248  0.4687 
   00075    0.4850   -1036.2750  0.4661 
   00076    0.5225   -1041.3823  0.4712 
   00077    0.4975   -1047.5328  0.4702 
   00078    0.4675   -1052.8725  0.4707 
   00079    0.4625   -1060.3224  0.4707 
   00080    0.5350   -1065.2623  0.4733 
   00081    0.5050   -1069.0690  0.4777 
   00082    0.5000   -1076.2415  0.4831 
   00083    0.5025   -1082.4829  0.4837 
   00084    0.4700   -1086.2224  0.4828 
   00085    0.5050   -1095.3487  0.4841 
   00086    0.4675   -1103.7974  0.4860 
   00087    0.5350   -1104.7897  0.4858 
   00088    0.5275   -1118.2357  0.4867 
   00089    0.4625   -1122.9935  0.4905 
   00090    0.5275   -1122.3434  0.4911 
   00091    0.5550   -1127.9534  0.4885 
   00092    0.5075   -1134.6544  0.4927 
   00093    0.5125   -1137.1919  0.4903 
   00094    0.4650   -1138.8422  0.4902 
   00095    0.5050   -1141.7216  0.4915 
   00096    0.5050   -1140.1623  0.4876 
   00097    0.5225   -1146.2302  0.4884 
   00098    0.5100   -1157.5077  0.4859 
   00099    0.5450   -1164.3458  0.4878 
   00100    0.4825   -1170.7061  0.4961 
   00101    0.5150   -1175.3585  0.4984 
   00102    0.5025   -1180.0446  0.5022 
   00103    0.4975   -1179.3247  0.5001 
   00104    0.4725   -1182.3260  0.5016 
   00105    0.5100   -1185.7766  0.5056 
   00106    0.4650   -1186.0826  0.5023 
   00107    0.4975   -1191.9946  0.5043 
   00108    0.4800   -1200.8972  0.5059 
   00109    0.4700   -1205.4971  0.5058 
   00110    0.5225   -1209.1630  0.5108 
   00111    0.5025   -1207.3567  0.5120 
   00112    0.4425   -1210.7861  0.5138 
   00113    0.4675   -1212.5633  0.5112 
   00114    0.4925   -1217.8860  0.5120 
   00115    0.4825   -1218.3920  0.5138 
   00116    0.4875   -1221.5204  0.5142 
   00117    0.4725   -1223.6338  0.5147 
   00118    0.4875   -1224.2902  0.5145 
   00119    0.4675   -1223.3452  0.5169 
   00120    0.4675   -1229.0867  0.5167 
   00121    0.4550   -1229.4478  0.5167 
   00122    0.4700   -1231.0910  0.5169 
   00123    0.5200   -1231.9963  0.5184 
   00124    0.4850   -1239.5296  0.5190 
   00125    0.5025   -1241.9712  0.5176 
   00126    0.4775   -1248.8172  0.5196 
   00127    0.4600   -1246.3859  0.5196 
   00128    0.4650   -1250.3656  0.5235 
   00129    0.4925   -1252.1168  0.5233 
   00130    0.5125   -1253.8582  0.5224 
   00131    0.5200   -1255.2080  0.5259 
   00132    0.4700   -1258.9547  0.5218 
   00133    0.4750   -1259.4862  0.5236 
   00134    0.4725   -1260.8370  0.5261 
   00135    0.4775   -1264.7104  0.5256 
   00136    0.5100   -1265.5332  0.5291 
   00137    0.4900   -1270.2868  0.5299 
   00138    0.4825   -1270.8970  0.5300 
   00139    0.4800   -1273.7061  0.5307 
   00140    0.4475   -1274.7569  0.5319 
   00141    0.4750   -1277.7620  0.5307 
   00142    0.5075   -1277.8265  0.5285 
   00143    0.5175   -1282.0847  0.5279 
   00144    0.5075   -1283.8823  0.5336 
   00145    0.5150   -1284.8855  0.5389 
   00146    0.5000   -1284.9604  0.5341 
   00147    0.4400   -1289.5063  0.5395 
   00148    0.4675   -1290.8743  0.5366 
   00149    0.4875   -1295.0274  0.5400 
   00150    0.5100   -1298.4349  0.5381 
   00151    0.5100   -1298.6700  0.5395 
   00152    0.4525   -1301.0654  0.5425 
   00153    0.5100   -1302.0055  0.5437 
   00154    0.4900   -1302.0971  0.5427 
   00155    0.4625   -1303.6355  0.5406 
   00156    0.5125   -1307.5515  0.5382 
   00157    0.5000   -1308.7361  0.5369 
   00158    0.4550   -1308.1412  0.5370 
   00159    0.4925   -1308.0846  0.5381 
   00160    0.4975   -1308.3509  0.5395 
   00161    0.5150   -1309.6849  0.5415 
   00162    0.5125   -1313.3521  0.5393 
   00163    0.4750   -1314.1541  0.5441 
   00164    0.5575   -1320.9834  0.5494 
   00165    0.4950   -1325.1440  0.5522 
   00166    0.4900   -1322.9088  0.5530 
   00167    0.5100   -1323.8808  0.5531 
   00168    0.4650   -1327.3037  0.5535 
   00169    0.5000   -1327.0926  0.5542 
   00170    0.5450   -1327.8622  0.5572 
   00171    0.4975   -1330.4864  0.5561 
   00172    0.4825   -1331.3851  0.5554 
   00173    0.4925   -1330.4865  0.5561 
   00174    0.4925   -1334.2951  0.5537 
   00175    0.5050   -1338.1147  0.5554 
   00176    0.4775   -1339.3453  0.5539 
   00177    0.4850   -1342.1727  0.5544 
   00178    0.4400   -1344.4548  0.5544 
   00179    0.4900   -1343.9311  0.5558 
   00180    0.4825   -1344.7566  0.5540 
   00181    0.5125   -1346.4347  0.5571 
   00182    0.5275   -1345.5317  0.5583 
   00183    0.4925   -1346.0220  0.5583 
   00184    0.4500   -1344.9578  0.5583 
   00185    0.4975   -1346.7711  0.5589 
   00186    0.4550   -1347.0115  0.5603 
   00187    0.4950   -1346.3817  0.5599 
   00188    0.5050   -1348.9057  0.5595 
   00189    0.5100   -1348.1223  0.5603 
   00190    0.4900   -1348.1976  0.5618 
   00191    0.4950   -1349.2274  0.5622 
   00192    0.4725   -1352.8963  0.5637 
   00193    0.4500   -1353.8343  0.5642 
   00194    0.4850   -1353.4088  0.5654 
   00195    0.5100   -1356.6591  0.5667 
   00196    0.4975   -1360.4526  0.5677 
   00197    0.4775   -1359.6109  0.5678 
   00198    0.5175   -1359.7544  0.5673 
   00199    0.5000   -1359.9513  0.5695 
   00200    0.4600   -1362.0944  0.5730 
   00201    0.4750   -1362.8036  0.5762 
   00202    0.4800   -1364.1790  0.5747 
   00203    0.5000   -1364.6919  0.5743 
   00204    0.4550   -1365.1605  0.5728 
   00205    0.4350   -1365.0771  0.5747 
   00206    0.4650   -1364.3143  0.5748 
   00207    0.4875   -1363.9285  0.5761 
   00208    0.4875   -1363.4209  0.5768 
   00209    0.4625   -1361.8682  0.5769 
   00210    0.4750   -1360.5279  0.5763 
   00211    0.4325   -1362.3379  0.5743 
   00212    0.4725   -1361.6356  0.5715 
   00213    0.4800   -1363.5552  0.5701 
   00214    0.5150   -1365.6940  0.5713 
   00215    0.4550   -1362.4081  0.5695 
   00216    0.4800   -1367.0676  0.5702 
   00217    0.5150   -1365.2815  0.5716 
   00218    0.5225   -1366.1186  0.5681 
   00219    0.4925   -1366.0654  0.5697 
   00220    0.4975   -1369.4527  0.5690 
   00221    0.4650   -1369.6209  0.5705 
   00222    0.4900   -1369.9533  0.5691 
   00223    0.4975   -1372.9371  0.5701 
   00224    0.5050   -1371.7575  0.5702 
   00225    0.4625   -1370.6388  0.5694 
   00226    0.5475   -1371.2449  0.5679 
   00227    0.4575   -1370.9636  0.5690 
   00228    0.4625   -1376.0707  0.5708 
   00229    0.4750   -1377.6725  0.5734 
   00230    0.5400   -1378.6056  0.5747 
   00231    0.5100   -1379.3897  0.5786 
   00232    0.4700   -1381.3097  0.5797 
   00233    0.4925   -1380.9223  0.5789 
   00234    0.4750   -1383.4639  0.5803 
   00235    0.4550   -1384.2521  0.5803 
   00236    0.4625   -1381.6002  0.5803 
   00237    0.5275   -1382.9969  0.5800 
   00238    0.4500   -1384.3683  0.5807 
   00239    0.4325   -1382.7134  0.5801 
   00240    0.5425   -1382.7993  0.5833 
   00241    0.5025   -1381.9339  0.5817 
   00242    0.4350   -1381.2356  0.5814 
   00243    0.4400   -1381.8741  0.5806 
   00244    0.4900   -1381.1620  0.5803 
   00245    0.5050   -1383.9164  0.5820 
   00246    0.4925   -1380.0871  0.5806 
   00247    0.4725   -1380.7330  0.5809 
   00248    0.4500   -1379.7463  0.5794 
   00249    0.4750   -1379.6272  0.5772 
   00250    0.4450   -1380.5656  0.5793 
   00251    0.5150   -1378.2279  0.5801 
   00252    0.5000   -1380.1579  0.5786 
   00253    0.4925   -1381.6990  0.5793 
   00254    0.4800   -1380.8259  0.5780 
   00255    0.5175   -1378.8684  0.5776 
   00256    0.5025   -1378.7476  0.5794 
   00257    0.4575   -1380.4575  0.5818 
   00258    0.4775   -1379.5931  0.5828 
   00259    0.5200   -1379.0555  0.5820 
   00260    0.4875   -1379.5853  0.5804 
   00261    0.5325   -1378.3574  0.5777 
   00262    0.4850   -1376.5481  0.5809 
   00263    0.5275   -1378.5700  0.5823 
   00264    0.5025   -1379.6142  0.5822 
   00265    0.5150   -1382.7353  0.5817 
   00266    0.4575   -1383.6360  0.5803 
   00267    0.4900   -1383.3045  0.5795 
   00268    0.4775   -1384.0118  0.5798 
   00269    0.5075   -1385.5371  0.5819 
   00270    0.4775   -1386.4304  0.5801 
   00271    0.4925   -1388.7261  0.5810 
   00272    0.4650   -1389.6782  0.5812 
   00273    0.4525   -1389.0603  0.5785 
   00274    0.4825   -1390.8411  0.5795 
   00275    0.4750   -1389.3617  0.5800 
   00276    0.5000   -1387.7783  0.5786 
   00277    0.5275   -1390.4459  0.5762 
   00278    0.4650   -1389.4992  0.5776 
   00279    0.4750   -1389.3934  0.5767 
   00280    0.5325   -1387.6605  0.5785 
   00281    0.4525   -1389.7464  0.5800 
   00282    0.5150   -1386.7565  0.5809 
   00283    0.4875   -1388.9361  0.5791 
   00284    0.4600   -1389.2587  0.5767 
   00285    0.5150   -1388.8708  0.5768 
   00286    0.5000   -1387.0498  0.5750 
   00287    0.4975   -1390.7679  0.5737 
   00288    0.4750   -1388.4731  0.5750 
   00289    0.4475   -1388.0217  0.5750 
   00290    0.4750   -1390.8906  0.5802 
   00291    0.4750   -1390.1837  0.5809 
   00292    0.5200   -1392.4065  0.5788 
   00293    0.4700   -1392.8874  0.5822 
   00294    0.4650   -1394.4832  0.5830 
   00295    0.4675   -1392.2703  0.5856 
   00296    0.5275   -1392.2542  0.5858 
   00297    0.5150   -1391.2669  0.5839 
   00298    0.4675   -1389.9257  0.5823 
   00299    0.5050   -1388.3605  0.5809 
   00300    0.4725   -1390.4761  0.5834 
   00301    0.4800   -1391.9066  0.5833 
   00302    0.4925   -1393.1865  0.5834 
   00303    0.4600   -1392.7120  0.5815 
   00304    0.4650   -1391.5170  0.5804 
   00305    0.4425   -1390.6283  0.5867 
   00306    0.4875   -1390.5458  0.5857 
   00307    0.5150   -1394.1703  0.5888 
   00308    0.5100   -1393.5049  0.5908 
   00309    0.4800   -1395.8357  0.5910 
   00310    0.4950   -1399.1496  0.5898 
   00311    0.4925   -1398.4417  0.5911 
   00312    0.4875   -1396.7026  0.5906 
   00313    0.4975   -1395.2480  0.5928 
   00314    0.5075   -1396.3722  0.5902 
   00315    0.4850   -1395.6646  0.5882 
   00316    0.4700   -1395.4432  0.5883 
   00317    0.5075   -1395.5050  0.5887 
   00318    0.4900   -1397.2399  0.5898 
   00319    0.4675   -1397.2226  0.5899 
   00320    0.5025   -1397.3964  0.5899 
   00321    0.4600   -1398.1853  0.5940 
   00322    0.4925   -1396.5712  0.5912 
   00323    0.4900   -1396.3819  0.5934 
   00324    0.5175   -1396.7689  0.5930 
   00325    0.5375   -1395.2234  0.5947 
   00326    0.5050   -1394.5586  0.5944 
   00327    0.5075   -1393.4559  0.5951 
   00328    0.5025   -1390.9585  0.5923 
   00329    0.4400   -1392.8369  0.5922 
   00330    0.5025   -1393.7555  0.5911 
   00331    0.4675   -1394.2645  0.5927 
   00332    0.4850   -1395.7067  0.5895 
   00333    0.5000   -1394.7580  0.5896 
   00334    0.5075   -1394.1063  0.5871 
   00335    0.4950   -1392.5937  0.5846 
   00336    0.4775   -1393.4226  0.5851 
   00337    0.4900   -1393.5555  0.5865 
   00338    0.4750   -1394.2417  0.5909 
   00339    0.4500   -1397.8861  0.5949 
   00340    0.4775   -1397.5584  0.5960 
   00341    0.4875   -1399.0210  0.5979 
   00342    0.4525   -1399.3885  0.5968 
   00343    0.4750   -1398.5979  0.5983 
   00344    0.4875   -1399.7897  0.5989 
   00345    0.4700   -1401.4004  0.6041 
   00346    0.4800   -1397.4507  0.6049 
   00347    0.4900   -1396.5714  0.6043 
   00348    0.4575   -1397.2414  0.6051 
   00349    0.4825   -1398.6858  0.6080 
   00350    0.4850   -1398.7515  0.6064 
   00351    0.4925   -1398.1776  0.6034 
   00352    0.4950   -1398.8413  0.6025 
   00353    0.5050   -1399.9123  0.6027 
   00354    0.4375   -1402.2149  0.6058 
   00355    0.4875   -1400.1770  0.6033 
   00356    0.4775   -1399.9245  0.6017 
   00357    0.5175   -1399.2875  0.6003 
   00358    0.4900   -1400.0494  0.6019 
   00359    0.4475   -1396.6933  0.6020 
   00360    0.4875   -1397.4562  0.6043 
   00361    0.4275   -1397.8399  0.6051 
   00362    0.4825   -1398.0432  0.6051 
   00363    0.4950   -1394.1894  0.6054 
   00364    0.4900   -1396.1347  0.6069 
   00365    0.4900   -1398.5397  0.6060 
   00366    0.4925   -1399.6993  0.6071 
   00367    0.5025   -1396.8404  0.6081 
   00368    0.4600   -1396.4462  0.6072 
   00369    0.4550   -1394.7163  0.6085 
   00370    0.4625   -1397.7065  0.6118 
   00371    0.5050   -1398.1367  0.6143 
   00372    0.4500   -1398.2931  0.6146 
   00373    0.4575   -1399.5650  0.6167 
   00374    0.4800   -1399.9935  0.6171 
   00375    0.4775   -1401.4217  0.6198 
   00376    0.5125   -1402.2180  0.6169 
   00377    0.4675   -1404.5186  0.6169 
   00378    0.4675   -1403.9130  0.6172 
   00379    0.4650   -1405.1882  0.6152 
   00380    0.4650   -1407.6303  0.6144 
   00381    0.4925   -1404.6636  0.6152 
   00382    0.5200   -1404.3120  0.6171 
   00383    0.4625   -1403.0380  0.6167 
   00384    0.4900   -1403.2107  0.6162 
   00385    0.5350   -1403.7696  0.6157 
   00386    0.4600   -1404.8794  0.6130 
   00387    0.5100   -1406.8341  0.6168 
   00388    0.5150   -1404.1277  0.6161 
   00389    0.5300   -1404.5636  0.6152 
   00390    0.4775   -1404.5427  0.6152 
   00391    0.4525   -1402.7006  0.6147 
   00392    0.5125   -1402.5911  0.6139 
   00393    0.4900   -1402.7972  0.6157 
   00394    0.4550   -1402.0905  0.6128 
   00395    0.4825   -1401.6447  0.6119 
   00396    0.4725   -1402.0959  0.6139 
   00397    0.5175   -1402.6213  0.6162 
   00398    0.4725   -1402.4868  0.6175 
   00399    0.5000   -1400.1431  0.6188 
   00400    0.4950   -1401.9574  0.6204 
   00401    0.4875   -1401.6865  0.6237 
   00402    0.5000   -1402.3854  0.6259 
   00403    0.5000   -1402.5613  0.6260 
   00404    0.4850   -1399.7032  0.6229 
   00405    0.5025   -1400.5395  0.6248 
   00406    0.4450   -1398.9056  0.6199 
   00407    0.4775   -1398.5085  0.6187 
   00408    0.4900   -1402.4553  0.6169 
   00409    0.4875   -1405.1806  0.6202 
   00410    0.4700   -1404.6936  0.6210 
   00411    0.4575   -1404.4516  0.6198 
   00412    0.5075   -1406.5741  0.6207 
   00413    0.4600   -1405.9675  0.6196 
   00414    0.5050   -1405.1557  0.6180 
   00415    0.4650   -1407.5535  0.6169 
   00416    0.5025   -1407.3492  0.6158 
   00417    0.4800   -1408.2620  0.6141 
   00418    0.4825   -1408.2125  0.6146 
   00419    0.5075   -1406.3171  0.6148 
   00420    0.4625   -1407.0450  0.6137 
   00421    0.4900   -1407.1723  0.6150 
   00422    0.5075   -1407.7976  0.6157 
   00423    0.4900   -1408.5817  0.6167 
   00424    0.4625   -1407.9583  0.6176 
   00425    0.5150   -1406.7918  0.6178 
   00426    0.4800   -1404.6429  0.6172 
   00427    0.4950   -1404.7140  0.6194 
   00428    0.4925   -1405.8070  0.6181 
   00429    0.4450   -1403.7069  0.6194 
   00430    0.4950   -1402.5368  0.6213 
   00431    0.5000   -1401.5240  0.6196 
   00432    0.4925   -1400.6373  0.6201 
   00433    0.4650   -1404.3223  0.6201 
   00434    0.4775   -1404.2121  0.6240 
   00435    0.4600   -1404.9404  0.6199 
   00436    0.5275   -1402.4835  0.6188 
   00437    0.4600   -1404.1225  0.6188 
   00438    0.4800   -1401.8255  0.6187 
   00439    0.5025   -1400.5643  0.6185 
   00440    0.5125   -1400.0509  0.6195 
   00441    0.4975   -1401.5914  0.6172 
   00442    0.4725   -1398.6245  0.6169 
   00443    0.4925   -1399.7406  0.6165 
   00444    0.4850   -1402.5241  0.6193 
   00445    0.5175   -1403.9070  0.6218 
   00446    0.5200   -1403.9876  0.6228 
   00447    0.4550   -1404.0012  0.6231 
   00448    0.4650   -1404.3358  0.6210 
   00449    0.4900   -1404.0436  0.6222 
   00450    0.4675   -1402.1420  0.6197 
   00451    0.4825   -1401.4810  0.6192 
   00452    0.5000   -1401.8828  0.6177 
   00453    0.4875   -1401.8189  0.6163 
   00454    0.5050   -1401.0498  0.6177 
   00455    0.5000   -1402.0572  0.6192 
   00456    0.4675   -1402.8563  0.6234 
   00457    0.5075   -1402.0446  0.6262 
   00458    0.5050   -1402.3540  0.6256 
   00459    0.5025   -1402.6784  0.6241 
   00460    0.4800   -1404.3553  0.6256 
   00461    0.4875   -1408.2424  0.6275 
   00462    0.4725   -1408.4973  0.6270 
   00463    0.5200   -1410.6847  0.6250 
   00464    0.5250   -1411.5701  0.6222 
   00465    0.4750   -1409.0775  0.6208 
   00466    0.4625   -1410.0319  0.6207 
   00467    0.5300   -1410.2485  0.6197 
   00468    0.4950   -1409.4492  0.6219 
   00469    0.4800   -1410.5853  0.6223 
   00470    0.3975   -1412.0763  0.6185 
   00471    0.5075   -1410.7633  0.6204 
   00472    0.4650   -1409.1794  0.6193 
   00473    0.4700   -1410.0767  0.6193 
   00474    0.4850   -1410.6924  0.6220 
   00475    0.4825   -1410.2022  0.6221 
   00476    0.5425   -1409.7422  0.6209 
   00477    0.5050   -1410.7073  0.6219 
   00478    0.4600   -1408.7169  0.6189 
   00479    0.5475   -1410.7155  0.6218 
   00480    0.5000   -1411.2823  0.6262 
   00481    0.4600   -1411.2348  0.6238 
   00482    0.4825   -1414.6541  0.6244 
   00483    0.4375   -1412.9834  0.6242 
   00484    0.4600   -1411.8875  0.6234 
   00485    0.4850   -1413.9131  0.6203 
   00486    0.4625   -1414.2305  0.6174 
   00487    0.4675   -1413.5728  0.6178 
   00488    0.4900   -1413.7443  0.6152 
   00489    0.4575   -1414.3785  0.6169 
   00490    0.5075   -1416.1351  0.6213 
   00491    0.5025   -1415.6231  0.6248 
   00492    0.4825   -1417.8053  0.6222 
   00493    0.4775   -1417.4628  0.6203 
   00494    0.4800   -1416.4285  0.6185 
   00495    0.4550   -1417.8113  0.6155 
   00496    0.4750   -1419.3507  0.6129 
   00497    0.4900   -1418.1012  0.6100 
   00498    0.5050   -1416.6100  0.6074 
   00499    0.4800   -1417.6300  0.6077 
   00500    0.4650   -1416.9566  0.6083 
   00501    0.4750   -1417.8470  0.6101 
   00502    0.4600   -1416.7037  0.6076 
   00503    0.4475   -1418.0764  0.6075 
   00504    0.4875   -1416.1023  0.6088 
   00505    0.4500   -1416.2669  0.6093 
   00506    0.4725   -1416.9103  0.6102 
   00507    0.4725   -1415.4702  0.6084 
   00508    0.4450   -1414.7643  0.6057 
   00509    0.4450   -1415.5680  0.6048 
   00510    0.5225   -1415.3326  0.6083 
   00511    0.4400   -1414.4092  0.6082 
   00512    0.5675   -1415.3747  0.6085 
   00513    0.5050   -1413.9951  0.6082 
   00514    0.4600   -1414.2997  0.6112 
   00515    0.4875   -1415.4926  0.6115 
   00516    0.4575   -1416.6281  0.6107 
   00517    0.5125   -1414.3820  0.6120 
   00518    0.5200   -1414.4208  0.6145 
   00519    0.4450   -1417.1074  0.6158 
   00520    0.4875   -1418.9105  0.6133 
   00521    0.4600   -1418.7198  0.6117 
   00522    0.4950   -1419.5017  0.6120 
   00523    0.4275   -1419.9061  0.6086 
   00524    0.4600   -1419.5228  0.6091 
   00525    0.5225   -1422.1406  0.6110 
   00526    0.4725   -1422.0682  0.6107 
   00527    0.4800   -1423.3669  0.6114 
   00528    0.4825   -1423.4917  0.6115 
   00529    0.4450   -1423.8172  0.6138 
   00530    0.4125   -1425.6915  0.6151 
   00531    0.4500   -1426.7480  0.6168 
   00532    0.4900   -1428.1012  0.6179 
   00533    0.4525   -1428.3545  0.6166 
   00534    0.4675   -1429.2301  0.6168 
   00535    0.5075   -1428.8994  0.6174 
   00536    0.4750   -1428.0341  0.6159 
   00537    0.4575   -1428.7346  0.6169 
   00538    0.4900   -1431.1044  0.6181 
   00539    0.5050   -1429.9673  0.6158 
   00540    0.4475   -1431.3492  0.6178 
   00541    0.4975   -1430.3892  0.6180 
   00542    0.4950   -1429.6655  0.6159 
   00543    0.4725   -1430.1981  0.6166 
   00544    0.4875   -1428.7972  0.6173 
   00545    0.4850   -1429.5340  0.6193 
   00546    0.4575   -1431.3260  0.6209 
   00547    0.4825   -1430.6236  0.6229 
   00548    0.4900   -1428.0722  0.6229 
   00549    0.4400   -1428.6250  0.6220 
   00550    0.5350   -1431.7701  0.6239 
   00551    0.4675   -1434.4169  0.6239 
   00552    0.4525   -1434.8259  0.6228 
   00553    0.4675   -1435.0707  0.6235 
   00554    0.5000   -1435.2422  0.6212 
   00555    0.4925   -1432.4018  0.6241 
   00556    0.4350   -1431.2128  0.6229 
   00557    0.4450   -1432.5232  0.6228 
   00558    0.4500   -1429.4954  0.6207 
   00559    0.4775   -1430.2177  0.6204 
   00560    0.4900   -1430.5319  0.6201 
   00561    0.4775   -1430.9533  0.6202 
   00562    0.4650   -1433.0109  0.6209 
   00563    0.4600   -1434.4811  0.6222 
   00564    0.4725   -1436.1320  0.6205 
   00565    0.5200   -1436.8776  0.6206 
   00566    0.4850   -1436.0150  0.6222 
   00567    0.4475   -1434.9768  0.6242 
   00568    0.5100   -1436.6369  0.6245 
   00569    0.4575   -1433.0738  0.6253 
   00570    0.4700   -1433.5815  0.6250 
   00571    0.5450   -1433.7723  0.6243 
   00572    0.5000   -1433.0358  0.6238 
   00573    0.4475   -1433.6430  0.6233 
   00574    0.4225   -1432.0977  0.6242 
   00575    0.4525   -1433.8146  0.6252 
   00576    0.5175   -1432.5711  0.6257 
   00577    0.5025   -1432.0595  0.6234 
   00578    0.4875   -1433.2263  0.6231 
   00579    0.5000   -1433.4133  0.6217 
   00580    0.4725   -1432.4159  0.6212 
   00581    0.4750   -1432.0891  0.6217 
   00582    0.5000   -1433.8650  0.6237 
   00583    0.4625   -1433.3896  0.6224 
   00584    0.4600   -1431.9647  0.6210 
   00585    0.4900   -1431.6781  0.6223 
   00586    0.5100   -1431.1180  0.6244 
   00587    0.4750   -1430.9895  0.6230 
   00588    0.4650   -1432.5597  0.6180 
   00589    0.4875   -1431.9396  0.6224 
   00590    0.4750   -1429.9401  0.6222 
   00591    0.4925   -1429.7342  0.6212 
   00592    0.4950   -1431.0275  0.6212 
   00593    0.5100   -1430.7657  0.6198 
   00594    0.5600   -1430.5706  0.6195 
   00595    0.4900   -1431.8340  0.6188 
   00596    0.4525   -1430.4465  0.6222 
   00597    0.4825   -1430.9882  0.6258 
   00598    0.5125   -1432.0647  0.6226 
   00599    0.5000   -1432.6529  0.6232 
   00600    0.4600   -1432.2054  0.6231 
   00601    0.4750   -1432.8376  0.6237 
   00602    0.4625   -1433.7700  0.6233 
   00603    0.4825   -1430.6128  0.6230 
   00604    0.5075   -1432.8610  0.6274 
   00605    0.4675   -1432.7673  0.6257 
   00606    0.5050   -1431.3403  0.6251 
   00607    0.4850   -1432.9450  0.6223 
   00608    0.5125   -1433.5708  0.6229 
   00609    0.4900   -1432.9971  0.6212 
   00610    0.4725   -1433.6937  0.6227 
   00611    0.4875   -1433.2439  0.6239 
   00612    0.4925   -1435.2840  0.6253 
   00613    0.4425   -1434.0941  0.6265 
   00614    0.4350   -1434.2075  0.6267 
   00615    0.4650   -1433.7518  0.6282 
   00616    0.4800   -1431.3927  0.6294 
   00617    0.5050   -1430.5045  0.6289 
   00618    0.4900   -1432.0018  0.6261 
   00619    0.4525   -1433.8641  0.6264 
   00620    0.5050   -1434.6660  0.6256 
   00621    0.4850   -1434.5263  0.6229 
   00622    0.4225   -1431.8697  0.6193 
   00623    0.5025   -1434.1863  0.6220 
   00624    0.4800   -1435.1201  0.6224 
   00625    0.4975   -1435.3103  0.6259 
   00626    0.4475   -1436.4576  0.6268 
   00627    0.4400   -1437.1775  0.6279 
   00628    0.4950   -1437.3122  0.6259 
   00629    0.5200   -1439.6839  0.6238 
   00630    0.4625   -1440.5635  0.6245 
   00631    0.4750   -1438.4498  0.6249 
   00632    0.4600   -1439.9121  0.6234 
   00633    0.5450   -1441.3368  0.6222 
   00634    0.5150   -1441.6066  0.6226 
   00635    0.4800   -1443.3303  0.6221 
   00636    0.4125   -1442.1204  0.6225 
   00637    0.5050   -1441.6947  0.6207 
   00638    0.5075   -1441.3779  0.6208 
   00639    0.4900   -1441.9931  0.6195 
   00640    0.4525   -1443.2591  0.6227 
   00641    0.5100   -1441.7224  0.6229 
   00642    0.5075   -1442.0048  0.6240 
   00643    0.5275   -1443.1007  0.6255 
   00644    0.4675   -1442.6543  0.6251 
   00645    0.4975   -1440.5094  0.6255 
   00646    0.4875   -1441.8090  0.6257 
   00647    0.4650   -1443.2419  0.6231 
   00648    0.4650   -1443.3507  0.6243 
   00649    0.4925   -1445.5898  0.6243 
   00650    0.4325   -1447.3617  0.6208 
   00651    0.4775   -1448.3823  0.6196 
   00652    0.5425   -1447.3148  0.6186 
   00653    0.4800   -1445.2090  0.6183 
   00654    0.5275   -1445.1873  0.6181 
   00655    0.4500   -1445.9181  0.6154 
   00656    0.4500   -1447.1649  0.6164 
   00657    0.4750   -1450.6737  0.6204 
   00658    0.4475   -1449.5361  0.6189 
   00659    0.5075   -1450.1090  0.6197 
   00660    0.4525   -1449.8206  0.6191 
   00661    0.4625   -1448.7036  0.6182 
   00662    0.4825   -1448.7330  0.6166 
   00663    0.4750   -1452.0014  0.6193 
   00664    0.4725   -1451.0556  0.6180 
   00665    0.4675   -1450.5120  0.6190 
   00666    0.4900   -1450.1539  0.6179 
   00667    0.4475   -1449.7412  0.6161 
   00668    0.4375   -1450.6267  0.6189 
   00669    0.5075   -1449.7129  0.6182 
   00670    0.4650   -1445.1809  0.6201 
   00671    0.4900   -1446.1348  0.6189 
   00672    0.4900   -1446.8390  0.6194 
   00673    0.5100   -1447.2851  0.6188 
   00674    0.5200   -1447.3779  0.6216 
   00675    0.4900   -1450.4371  0.6250 
   00676    0.4700   -1450.0051  0.6270 
   00677    0.4650   -1449.8380  0.6282 
   00678    0.4925   -1450.1211  0.6293 
   00679    0.4725   -1450.9530  0.6275 
   00680    0.4700   -1450.6560  0.6280 
   00681    0.4375   -1450.2389  0.6304 
   00682    0.4525   -1451.5639  0.6301 
   00683    0.4725   -1451.2601  0.6276 
   00684    0.4575   -1451.9239  0.6283 
   00685    0.4625   -1451.5480  0.6300 
   00686    0.4625   -1452.6540  0.6319 
   00687    0.4700   -1452.7615  0.6315 
   00688    0.4825   -1454.2895  0.6305 
   00689    0.4625   -1454.0631  0.6312 
   00690    0.4850   -1456.2345  0.6330 
   00691    0.4500   -1455.3215  0.6326 
   00692    0.5025   -1457.4411  0.6327 
   00693    0.4350   -1455.4259  0.6314 
   00694    0.5375   -1455.1918  0.6306 
   00695    0.4725   -1454.3393  0.6281 
   00696    0.5175   -1453.6883  0.6260 
   00697    0.4700   -1454.1220  0.6260 
   00698    0.4775   -1455.6162  0.6257 
   00699    0.4575   -1455.8590  0.6286 
   00700    0.4675   -1454.9434  0.6276 
   00701    0.4950   -1452.1953  0.6277 
   00702    0.4650   -1452.3236  0.6262 
   00703    0.4425   -1451.8957  0.6278 
   00704    0.4800   -1451.7834  0.6285 
   00705    0.4775   -1453.0484  0.6284 
   00706    0.4800   -1453.7685  0.6266 
   00707    0.5250   -1452.6446  0.6243 
   00708    0.4800   -1449.4379  0.6230 
   00709    0.4800   -1450.2991  0.6187 
   00710    0.5000   -1450.7443  0.6179 
   00711    0.4825   -1454.3525  0.6223 
   00712    0.4225   -1452.7273  0.6209 
   00713    0.4650   -1453.0828  0.6208 
   00714    0.4600   -1453.7072  0.6196 
   00715    0.4975   -1453.4356  0.6217 
   00716    0.4700   -1449.9932  0.6215 
   00717    0.4825   -1451.2018  0.6236 
   00718    0.4850   -1452.3786  0.6266 
   00719    0.4675   -1451.8089  0.6260 
   00720    0.4925   -1450.9463  0.6287 
   00721    0.4725   -1451.5848  0.6269 
   00722    0.5050   -1452.9763  0.6283 
   00723    0.4425   -1452.7200  0.6282 
   00724    0.5200   -1453.5508  0.6275 
   00725    0.4725   -1452.4282  0.6260 
   00726    0.4650   -1451.4636  0.6248 
   00727    0.4875   -1453.6228  0.6262 
   00728    0.4925   -1452.7095  0.6238 
   00729    0.4875   -1449.8698  0.6246 
   00730    0.4600   -1448.6090  0.6244 
   00731    0.4425   -1450.5647  0.6236 
   00732    0.4750   -1449.9999  0.6235 
   00733    0.4925   -1451.7865  0.6253 
   00734    0.4575   -1449.4828  0.6262 
   00735    0.4475   -1450.5238  0.6273 
   00736    0.5350   -1449.4785  0.6252 
   00737    0.5175   -1450.0454  0.6259 
   00738    0.4350   -1451.7025  0.6242 
   00739    0.5225   -1451.1341  0.6203 
   00740    0.4600   -1452.7773  0.6205 
   00741    0.4800   -1452.9240  0.6205 
   00742    0.4650   -1453.5880  0.6224 
   00743    0.5350   -1454.3285  0.6199 
   00744    0.4650   -1452.8167  0.6160 
   00745    0.4675   -1453.9943  0.6156 
   00746    0.4550   -1454.4625  0.6174 
   00747    0.4875   -1453.6259  0.6162 
   00748    0.4925   -1451.8686  0.6179 
   00749    0.4675   -1451.3005  0.6195 
   00750    0.5400   -1451.9336  0.6214 
   00751    0.4850   -1452.3474  0.6212 
   00752    0.4850   -1452.3367  0.6213 
   00753    0.4875   -1450.5060  0.6193 
   00754    0.4200   -1450.2650  0.6187 
   00755    0.4700   -1448.3353  0.6151 
   00756    0.4600   -1449.6009  0.6111 
   00757    0.4850   -1451.0717  0.6119 
   00758    0.4875   -1451.0327  0.6111 
   00759    0.4750   -1451.0867  0.6101 
   00760    0.4725   -1449.8048  0.6126 
   00761    0.4575   -1450.8926  0.6138 
   00762    0.4750   -1451.8582  0.6124 
   00763    0.4725   -1451.8824  0.6123 
   00764    0.4800   -1453.5882  0.6123 
   00765    0.4500   -1456.1601  0.6144 
   00766    0.4350   -1451.4352  0.6141 
   00767    0.4775   -1451.9272  0.6118 
   00768    0.5150   -1452.2931  0.6094 
   00769    0.4850   -1449.2656  0.6058 
   00770    0.4300   -1450.5222  0.6070 
   00771    0.4900   -1448.7122  0.6080 
   00772    0.4900   -1451.2539  0.6085 
   00773    0.5375   -1452.3153  0.6084 
   00774    0.5150   -1451.6085  0.6059 
   00775    0.4750   -1452.6654  0.6081 
   00776    0.5325   -1453.9722  0.6105 
   00777    0.4925   -1451.3047  0.6133 
   00778    0.4850   -1451.3193  0.6134 
   00779    0.4875   -1450.0072  0.6100 
   00780    0.4775   -1448.7187  0.6100 
   00781    0.4700   -1450.8677  0.6120 
   00782    0.4800   -1450.5339  0.6119 
   00783    0.4550   -1449.9348  0.6140 
   00784    0.5175   -1450.1161  0.6169 
   00785    0.5075   -1449.4050  0.6192 
   00786    0.4450   -1448.4546  0.6192 
   00787    0.4800   -1448.4671  0.6193 
   00788    0.4625   -1447.6195  0.6216 
   00789    0.4975   -1448.0405  0.6216 
   00790    0.5125   -1448.4230  0.6226 
   00791    0.4650   -1447.3947  0.6223 
   00792    0.4700   -1447.4290  0.6245 
   00793    0.4600   -1446.9209  0.6223 
   00794    0.4725   -1448.2558  0.6203 
   00795    0.4750   -1448.8624  0.6207 
   00796    0.4550   -1448.8867  0.6198 
   00797    0.4975   -1447.4541  0.6200 
   00798    0.5075   -1448.5480  0.6198 
   00799    0.4550   -1449.0122  0.6186 
   00800    0.4650   -1449.1354  0.6200 
   00801    0.4650   -1450.3479  0.6203 
   00802    0.4800   -1451.6028  0.6230 
   00803    0.4850   -1450.6027  0.6249 
   00804    0.5200   -1448.3525  0.6242 
   00805    0.4475   -1449.8299  0.6249 
   00806    0.5150   -1451.6296  0.6266 
   00807    0.4675   -1450.7943  0.6253 
   00808    0.4775   -1451.9939  0.6281 
   00809    0.4950   -1454.2445  0.6286 
   00810    0.4600   -1451.8277  0.6276 
   00811    0.4950   -1451.0579  0.6267 
   00812    0.5075   -1449.6475  0.6261 
   00813    0.4425   -1450.3476  0.6258 
   00814    0.4750   -1448.8897  0.6239 
   00815    0.4800   -1450.2206  0.6235 
   00816    0.5300   -1452.1650  0.6238 
   00817    0.4725   -1452.9925  0.6226 
   00818    0.4800   -1453.9296  0.6247 
   00819    0.4675   -1454.0391  0.6256 
   00820    0.4800   -1454.9761  0.6261 
   00821    0.4900   -1455.3486  0.6257 
   00822    0.5150   -1456.1086  0.6261 
   00823    0.4850   -1454.3391  0.6248 
   00824    0.4200   -1454.6190  0.6221 
   00825    0.5050   -1452.3861  0.6213 
   00826    0.4675   -1453.9675  0.6203 
   00827    0.4950   -1455.1951  0.6221 
   00828    0.4600   -1454.5475  0.6217 
   00829    0.4775   -1454.8603  0.6234 
   00830    0.5125   -1455.8841  0.6237 
   00831    0.4650   -1455.1936  0.6248 
   00832    0.4925   -1455.7815  0.6254 
   00833    0.5275   -1453.8747  0.6258 
   00834    0.4550   -1451.9776  0.6271 
   00835    0.4775   -1453.1435  0.6265 
   00836    0.5100   -1454.3598  0.6233 
   00837    0.5125   -1453.3725  0.6251 
   00838    0.4675   -1453.3031  0.6263 
   00839    0.4800   -1453.3286  0.6246 
   00840    0.4850   -1452.0968  0.6239 
   00841    0.4675   -1451.1409  0.6222 
   00842    0.4875   -1452.1809  0.6225 
   00843    0.5200   -1453.5171  0.6224 
   00844    0.5050   -1453.6654  0.6219 
   00845    0.4950   -1456.8790  0.6224 
   00846    0.4975   -1456.7057  0.6229 
   00847    0.4775   -1455.9069  0.6234 
   00848    0.4775   -1454.4038  0.6232 
   00849    0.4825   -1455.5140  0.6237 
   00850    0.4700   -1452.8904  0.6235 
   00851    0.4450   -1452.3723  0.6200 
   00852    0.4800   -1453.1097  0.6199 
   00853    0.5225   -1450.7073  0.6214 
   00854    0.4500   -1449.3580  0.6214 
   00855    0.5000   -1450.0313  0.6223 
   00856    0.4775   -1448.9235  0.6220 
   00857    0.4750   -1448.7274  0.6246 
   00858    0.5150   -1448.7449  0.6271 
   00859    0.5150   -1448.1868  0.6272 
   00860    0.5050   -1447.6410  0.6265 
   00861    0.4500   -1448.1131  0.6250 
   00862    0.4975   -1448.3249  0.6257 
   00863    0.4750   -1452.2677  0.6266 
   00864    0.4975   -1453.4866  0.6279 
   00865    0.4775   -1452.1929  0.6299 
   00866    0.4575   -1452.6626  0.6322 
   00867    0.4775   -1453.1451  0.6317 
   00868    0.4975   -1453.2794  0.6336 
   00869    0.4525   -1455.2191  0.6340 
   00870    0.4875   -1456.2438  0.6333 
   00871    0.4600   -1456.0483  0.6331 
   00872    0.4625   -1454.6137  0.6327 
   00873    0.4900   -1456.3911  0.6272 
   00874    0.4575   -1456.1095  0.6269 
   00875    0.4700   -1457.7785  0.6275 
   00876    0.4625   -1458.5695  0.6275 
   00877    0.4700   -1460.6794  0.6275 
   00878    0.4775   -1461.0590  0.6291 
   00879    0.5075   -1462.7731  0.6315 
   00880    0.5150   -1462.0607  0.6332 
   00881    0.4875   -1460.7840  0.6341 
   00882    0.4600   -1459.6440  0.6327 
   00883    0.5050   -1458.6519  0.6342 
   00884    0.4750   -1459.0517  0.6365 
   00885    0.4850   -1457.6756  0.6351 
   00886    0.4775   -1458.9025  0.6364 
   00887    0.4800   -1456.7913  0.6368 
   00888    0.4600   -1456.6224  0.6358 
   00889    0.4800   -1457.3630  0.6379 
   00890    0.4550   -1457.5718  0.6370 
   00891    0.4725   -1457.8799  0.6355 
   00892    0.4850   -1458.2774  0.6325 
   00893    0.4925   -1459.4872  0.6337 
   00894    0.4900   -1461.1939  0.6351 
   00895    0.5150   -1461.9235  0.6352 
   00896    0.4650   -1460.9753  0.6369 
   00897    0.4775   -1460.6335  0.6409 
   00898    0.4675   -1460.8600  0.6395 
   00899    0.4725   -1462.1762  0.6408 
   00900    0.4950   -1460.0061  0.6395 
   00901    0.4650   -1457.6719  0.6399 
   00902    0.4850   -1458.4736  0.6394 
   00903    0.5350   -1458.7809  0.6390 
   00904    0.4700   -1460.1839  0.6376 
   00905    0.4875   -1456.2326  0.6350 
   00906    0.5150   -1457.5025  0.6339 
   00907    0.4300   -1458.8877  0.6336 
   00908    0.4800   -1459.1050  0.6312 
   00909    0.5100   -1459.1666  0.6316 
   00910    0.4725   -1459.6384  0.6292 
   00911    0.4925   -1457.5202  0.6265 
   00912    0.4500   -1459.2272  0.6279 
   00913    0.4450   -1459.1120  0.6259 
   00914    0.4450   -1458.3036  0.6271 
   00915    0.4850   -1458.9680  0.6273 
   00916    0.4900   -1461.0619  0.6277 
   00917    0.4900   -1460.4800  0.6282 
   00918    0.4775   -1460.1114  0.6272 
   00919    0.5100   -1460.9472  0.6289 
   00920    0.5025   -1459.6557  0.6299 
   00921    0.5375   -1459.0660  0.6270 
   00922    0.4650   -1460.0165  0.6292 
   00923    0.5125   -1460.1820  0.6303 
   00924    0.4500   -1459.5717  0.6285 
   00925    0.4925   -1458.3308  0.6331 
   00926    0.4825   -1458.5539  0.6354 
   00927    0.5025   -1458.7625  0.6365 
   00928    0.4950   -1457.8301  0.6408 
   00929    0.4775   -1458.2234  0.6407 
   00930    0.4875   -1460.1750  0.6439 
   00931    0.5150   -1458.6292  0.6450 
   00932    0.4550   -1456.9152  0.6439 
   00933    0.4675   -1456.4767  0.6447 
   00934    0.4550   -1455.5962  0.6417 
   00935    0.5325   -1459.0211  0.6442 
   00936    0.4700   -1458.7134  0.6444 
   00937    0.5375   -1458.2196  0.6430 
   00938    0.4375   -1458.7001  0.6429 
   00939    0.4700   -1456.6823  0.6423 
   00940    0.4675   -1458.7385  0.6418 
   00941    0.4500   -1457.9087  0.6406 
   00942    0.4550   -1457.4639  0.6398 
   00943    0.4925   -1459.7272  0.6379 
   00944    0.4675   -1458.9851  0.6365 
   00945    0.4800   -1458.2739  0.6349 
   00946    0.4475   -1457.3327  0.6382 
   00947    0.5000   -1456.4126  0.6384 
   00948    0.4550   -1457.0759  0.6387 
   00949    0.4900   -1457.2528  0.6411 
   00950    0.4950   -1456.9935  0.6396 
   00951    0.4625   -1456.9485  0.6420 
   00952    0.4850   -1457.8941  0.6425 
   00953    0.4625   -1459.1809  0.6400 
   00954    0.4700   -1458.7081  0.6407 
   00955    0.4975   -1460.2994  0.6418 
   00956    0.4850   -1459.8311  0.6432 
   00957    0.4375   -1461.5668  0.6422 
   00958    0.4750   -1459.9263  0.6380 
   00959    0.4850   -1460.2095  0.6375 
   00960    0.4975   -1459.8490  0.6375 
   00961    0.4875   -1459.3235  0.6375 
   00962    0.4350   -1460.4453  0.6371 
   00963    0.5125   -1458.9578  0.6376 
   00964    0.5150   -1458.4160  0.6390 
   00965    0.4825   -1458.5307  0.6369 
   00966    0.4700   -1457.7537  0.6334 
   00967    0.5300   -1460.3443  0.6320 
   00968    0.4600   -1460.5290  0.6344 
   00969    0.4800   -1462.0660  0.6337 
   00970    0.4500   -1461.1720  0.6302 
   00971    0.4575   -1461.0564  0.6317 
   00972    0.4675   -1458.5538  0.6315 
   00973    0.4725   -1457.7210  0.6315 
   00974    0.4725   -1455.6085  0.6311 
   00975    0.4875   -1456.1305  0.6319 
   00976    0.4925   -1455.1796  0.6318 
   00977    0.4775   -1457.2935  0.6328 
   00978    0.4575   -1459.4944  0.6352 
   00979    0.4350   -1458.9898  0.6355 
   00980    0.4825   -1461.0276  0.6351 
   00981    0.4800   -1460.3547  0.6363 
   00982    0.4125   -1459.3818  0.6373 
   00983    0.4750   -1462.7366  0.6374 
   00984    0.4775   -1462.6189  0.6361 
   00985    0.4975   -1461.5854  0.6366 
   00986    0.5025   -1460.9427  0.6357 
   00987    0.4875   -1460.0973  0.6342 
   00988    0.4875   -1458.5379  0.6314 
   00989    0.4775   -1458.4064  0.6300 
   00990    0.5225   -1460.2022  0.6267 
   00991    0.4800   -1458.1168  0.6237 
   00992    0.4625   -1460.2921  0.6252 
   00993    0.4375   -1460.6652  0.6260 
   00994    0.5100   -1463.0283  0.6265 
   00995    0.4925   -1462.3667  0.6262 
   00996    0.4675   -1461.3785  0.6270 
   00997    0.5050   -1458.1974  0.6250 
   00998    0.4500   -1457.3116  0.6274 
   00999    0.4850   -1455.5840  0.6276 
   01000    0.4800   -1454.8213  0.6268 
