#=====================================================
# File created:        Wed-05-Nov-2025-at-03-20-53AM
# Size of lattice:     20x20
# Number of MC steps:  1000
# Reduced temperature: 0.400
# Run time (s):        2.977179
#=====================================================
# MC step:  Ratio:     Energy:   Order:
#=====================================================
   00000    0.5000    -367.8722  0.3088 
   00001    0.4950    -422.7557  0.3292 
   00002    0.4875    -477.4483  0.3405 
   00003    0.5125    -529.1602  0.3476 
   00004    0.5175    -569.7457  0.3262 
   00005    0.4925    -594.8907  0.3410 
   00006    0.4925    -663.8094  0.3471 
   00007    0.5200    -695.5291  0.3555 
   00008    0.4975    -727.9206  0.3474 
   00009    0.5000    -757.8016  0.3485 
   00010    0.4425    -800.5115  0.3515 
   00011    0.5175    -833.8928  0.3538 
   00012    0.4875    -852.2322  0.3542 
   00013    0.4725    -886.4365  0.3574 
   00014    0.5075    -909.9372  0.3635 
   00015    0.4275    -918.4960  0.3618 
   00016    0.4850    -940.3354  0.3623 
   00017    0.4600    -965.8870  0.3714 
   00018    0.5000    -987.6518  0.3723 
   00019    0.4675   -1017.5056  0.3697 
   00020    0.4575   -1033.1425  0.3703 
   00021    0.4400   -1041.3359  0.3664 
   00022    0.4850   -1047.7716  0.3649 
   00023    0.4525   -1061.8678  0.3713 
   00024    0.4675   -1073.7703  0.3753 
   00025    0.4750   -1095.7030  0.3831 
   00026    0.4775   -1101.5037  0.3818 
   00027    0.4450   -1122.1375  0.3819 
   00028    0.4425   -1125.6481  0.3947 
   00029    0.4350   -1137.6339  0.4005 
   00030    0.4775   -1152.6680  0.4015 
   00031    0.4650   -1158.4891  0.4042 
   00032    0.4650   -1158.5544  0.4073 
   00033    0.5200   -1181.1138  0.3967 
   00034    0.4450   -1183.0835  0.3939 
   00035    0.4425   -1195.1993  0.4044 
   00036    0.4500   -1194.9534  0.4078 
   00037    0.4725   -1203.8558  0.4130 
   00038    0.4675   -1192.8435  0.4166 
   00039    0.4900   -1187.8718  0.4244 
   00040    0.4125   -1187.5883  0.4276 
   00041    0.4175   -1204.6692  0.4311 
   00042    0.4325   -1212.0721  0.4392 
   00043    0.4225   -1219.2952  0.4336 
   00044    0.4275   -1227.1802  0.4297 
   00045    0.4400   -1232.0218  0.4332 
   00046    0.4375   -1222.3582  0.4217 
   00047    0.4350   -1230.2831  0.4272 
   00048    0.4500   -1234.1464  0.4262 
   00049    0.4700   -1245.3899  0.4345 
   00050    0.4125   -1235.2217  0.4343 
   00051    0.5025   -1237.0543  0.4350 
   00052    0.3875   -1238.5649  0.4304 
   00053    0.4125   -1241.1089  0.4304 
   00054    0.4325   -1256.2755  0.4219 
   00055    0.4350   -1255.5103  0.4164 
   00056    0.4175   -1253.6080  0.4218 
   00057    0.4525   -1261.9326  0.4243 
   00058    0.4425   -1264.7220  0.4221 
   00059    0.4700   -1264.0131  0.4327 
   00060    0.4600   -1251.9318  0.4437 
   00061    0.4100   -1258.2731  0.4440 
   00062    0.4200   -1252.0252  0.4462 
   00063    0.4050   -1250.4635  0.4476 
   00064    0.4250   -1267.3566  0.4639 
   00065    0.5100   -1275.7942  0.4645 
   00066    0.3675   -1286.0653  0.4694 
   00067    0.4125   -1276.0025  0.4737 
   00068    0.4325   -1283.0827  0.4758 
   00069    0.4250   -1293.5966  0.4854 
   00070    0.4350   -1302.4866  0.4885 
   00071    0.4400   -1297.9594  0.4897 
   00072    0.4725   -1289.3979  0.4927 
   00073    0.4525   -1289.1514  0.5019 
   00074    0.4275   -1297.2506  0.4923 
   00075    0.4575   -1287.9937  0.4974 
   00076    0.4500   -1286.0664  0.4982 
   00077    0.4525   -1296.0187  0.5062 
   00078    0.4225   -1297.1931  0.5104 
   00079    0.4575   -1300.5773  0.5138 
   00080    0.4175   -1296.5002  0.5148 
   00081    0.4600   -1306.2498  0.5160 
   00082    0.4300   -1312.0594  0.5176 
   00083    0.4400   -1306.9390  0.5154 
   00084    0.4600   -1309.8631  0.5080 
   00085    0.4225   -1321.2010  0.5100 
   00086    0.4625   -1318.9793  0.5221 
   00087    0.4075   -1324.2289  0.5239 
   00088    0.4200   -1329.0889  0.5272 
   00089    0.4375   -1325.4547  0.5236 
   00090    0.4525   -1330.9807  0.5278 
   00091    0.4500   -1331.6842  0.5247 
   00092    0.4450   -1324.2507  0.5233 
   00093    0.4300   -1313.3422  0.5346 
   00094    0.4450   -1313.0936  0.5299 
   00095    0.4675   -1312.8516  0.5346 
   00096    0.4525   -1310.7134  0.5340 
   00097    0.4900   -1311.9580  0.5289 
   00098    0.4375   -1306.8310  0.5247 
   00099    0.4500   -1308.3641  0.5211 
   00100    0.4250   -1305.0646  0.5171 
   00101    0.4700   -1313.3619  0.5264 
   00102    0.4600   -1311.4241  0.5361 
   00103    0.4550   -1316.5526  0.5370 
   00104    0.4100   -1316.9782  0.5340 
   00105    0.4725   -1316.9305  0.5306 
   00106    0.4375   -1316.8189  0.5289 
   00107    0.4575   -1315.7880  0.5297 
   00108    0.4075   -1320.6291  0.5343 
   00109    0.4600   -1324.3679  0.5290 
   00110    0.4650   -1332.4238  0.5332 
   00111    0.4375   -1335.8686  0.5313 
   00112    0.4500   -1334.5311  0.5351 
   00113    0.4525   -1335.6998  0.5400 
   00114    0.4250   -1337.3995  0.5403 
   00115    0.4750   -1330.7830  0.5403 
   00116    0.3775   -1333.7425  0.5457 
   00117    0.4275   -1326.8174  0.5477 
   00118    0.4500   -1332.6347  0.5528 
   00119    0.4200   -1325.1147  0.5496 
   00120    0.4450   -1328.4680  0.5540 
   00121    0.4200   -1324.1393  0.5458 
   00122    0.4675   -1325.3994  0.5478 
   00123    0.4550   -1332.8374  0.5419 
   00124    0.4350   -1337.7047  0.5435 
   00125    0.4250   -1332.5350  0.5401 
   00126    0.4325   -1319.2115  0.5399 
   00127    0.4325   -1318.3202  0.5374 
   00128    0.4025   -1317.0212  0.5393 
   00129    0.4150   -1315.8159  0.5384 
   00130    0.4175   -1316.8207  0.5421 
   00131    0.4300   -1330.0187  0.5473 
   00132    0.4225   -1319.7693  0.5457 
   00133    0.4500   -1323.0265  0.5427 
   00134    0.4250   -1327.3519  0.5380 
   00135    0.4150   -1331.0273  0.5349 
   00136    0.4675   -1329.6077  0.5296 
   00137    0.4025   -1327.7382  0.5312 
   00138    0.4625   -1322.5691  0.5369 
   00139    0.4475   -1325.0961  0.5333 
   00140    0.4150   -1324.3624  0.5369 
   00141    0.4500   -1327.5153  0.5446 
   00142    0.3850   -1325.6859  0.5442 
   00143    0.4725   -1320.6550  0.5469 
   00144    0.4200   -1319.1395  0.5410 
   00145    0.4350   -1320.2770  0.5455 
   00146    0.4025   -1322.1812  0.5522 
   00147    0.4225   -1339.0030  0.5592 
   00148    0.4075   -1338.9138  0.5649 
   00149    0.4600   -1343.5316  0.5666 
   00150    0.4450   -1346.1931  0.5693 
   00151    0.4650   -1345.1075  0.5778 
   00152    0.4275   -1344.4971  0.5742 
   00153    0.4425   -1344.9166  0.5742 
   00154    0.4675   -1350.8802  0.5704 
   00155    0.4275   -1349.9527  0.5706 
   00156    0.4500   -1342.0258  0.5774 
   00157    0.4350   -1348.3475  0.5836 
   00158    0.4375   -1342.7967  0.5786 
   00159    0.4275   -1338.6997  0.5703 
   00160    0.4525   -1341.9505  0.5749 
   00161    0.4450   -1339.5536  0.5844 
   00162    0.4100   -1341.2525  0.5874 
   00163    0.4750   -1331.7993  0.5879 
   00164    0.4275   -1340.8302  0.5911 
   00165    0.4550   -1348.1759  0.5989 
   00166    0.4825   -1347.6449  0.6066 
   00167    0.4550   -1343.1497  0.6120 
   00168    0.4100   -1356.2520  0.6156 
   00169    0.4075   -1352.3670  0.6152 
   00170    0.4250   -1355.1227  0.6249 
   00171    0.4675   -1350.9181  0.6287 
   00172    0.4100   -1349.4006  0.6337 
   00173    0.3675   -1351.3837  0.6386 
   00174    0.4500   -1363.1156  0.6430 
   00175    0.4575   -1365.5651  0.6518 
   00176    0.4450   -1367.0124  0.6565 
   00177    0.4325   -1360.0537  0.6511 
   00178    0.4500   -1361.8217  0.6549 
   00179    0.4225   -1359.8078  0.6593 
   00180    0.4575   -1365.4715  0.6643 
   00181    0.4700   -1365.7015  0.6657 
   00182    0.4325   -1363.8392  0.6622 
   00183    0.4400   -1376.9277  0.6654 
   00184    0.3925   -1379.5442  0.6646 
   00185    0.4525   -1379.6199  0.6614 
   00186    0.4150   -1377.8668  0.6632 
   00187    0.4600   -1376.8237  0.6686 
   00188    0.4850   -1377.6059  0.6660 
   00189    0.4350   -1368.7914  0.6632 
   00190    0.4850   -1375.8957  0.6677 
   00191    0.4725   -1381.3047  0.6677 
   00192    0.4600   -1378.6284  0.6725 
   00193    0.4450   -1381.2556  0.6703 
   00194    0.4150   -1380.2841  0.6701 
   00195    0.4400   -1387.6738  0.6758 
   00196    0.4450   -1387.1952  0.6769 
   00197    0.4700   -1394.9903  0.6754 
   00198    0.4100   -1394.3719  0.6713 
   00199    0.4200   -1393.5948  0.6674 
   00200    0.3875   -1394.6856  0.6659 
   00201    0.4150   -1397.1131  0.6709 
   00202    0.4250   -1394.7397  0.6671 
   00203    0.4075   -1382.7315  0.6664 
   00204    0.4175   -1370.7897  0.6680 
   00205    0.4575   -1371.0534  0.6724 
   00206    0.4675   -1365.0139  0.6709 
   00207    0.4175   -1370.6989  0.6673 
   00208    0.4300   -1367.2581  0.6692 
   00209    0.4025   -1373.3629  0.6732 
   00210    0.3975   -1370.6821  0.6762 
   00211    0.4225   -1380.4374  0.6726 
   00212    0.4550   -1385.0452  0.6723 
   00213    0.3975   -1382.0842  0.6708 
   00214    0.4075   -1375.0730  0.6766 
   00215    0.4275   -1380.1568  0.6821 
   00216    0.4400   -1384.3420  0.6850 
   00217    0.3925   -1383.2805  0.6853 
   00218    0.4200   -1387.5367  0.6889 
   00219    0.3800   -1391.7898  0.6921 
   00220    0.4675   -1390.5227  0.6892 
   00221    0.4300   -1387.5339  0.6882 
   00222    0.4475   -1384.6070  0.6861 
   00223    0.4125   -1383.5390  0.6858 
   00224    0.4425   -1379.6316  0.6800 
   00225    0.4300   -1379.3553  0.6893 
   00226    0.4575   -1380.5051  0.6929 
   00227    0.4400   -1384.3911  0.6969 
   00228    0.4050   -1385.8193  0.7056 
   00229    0.4300   -1377.3177  0.7018 
   00230    0.3650   -1382.1345  0.6929 
   00231    0.4700   -1386.5536  0.6895 
   00232    0.3975   -1387.0014  0.6891 
   00233    0.3850   -1387.2705  0.6837 
   00234    0.4475   -1389.8995  0.6807 
   00235    0.4300   -1379.0403  0.6712 
   00236    0.4150   -1366.1148  0.6728 
   00237    0.4250   -1363.8989  0.6865 
   00238    0.4925   -1361.3159  0.6848 
   00239    0.4600   -1355.5861  0.6919 
   00240    0.4125   -1361.3063  0.6921 
   00241    0.4125   -1357.5043  0.6913 
   00242    0.4550   -1366.8166  0.6858 
   00243    0.3900   -1365.6518  0.6844 
   00244    0.4675   -1372.1400  0.6842 
   00245    0.4350   -1373.0483  0.6838 
   00246    0.4700   -1367.0959  0.6838 
   00247    0.4375   -1377.1662  0.6860 
   00248    0.4625   -1367.8016  0.6837 
   00249    0.4350   -1379.5782  0.6836 
   00250    0.4200   -1387.5916  0.6890 
   00251    0.4425   -1391.1424  0.6951 
   00252    0.4375   -1396.9045  0.6951 
   00253    0.3925   -1399.1059  0.6898 
   00254    0.4550   -1399.0121  0.6879 
   00255    0.4525   -1391.0754  0.6904 
   00256    0.4500   -1395.1236  0.6886 
   00257    0.4450   -1389.3017  0.6858 
   00258    0.4325   -1389.6870  0.6841 
   00259    0.4350   -1393.3311  0.6897 
   00260    0.4425   -1397.3869  0.6965 
   00261    0.3725   -1397.9555  0.6989 
   00262    0.4550   -1398.9501  0.7064 
   00263    0.4275   -1394.8378  0.7089 
   00264    0.4600   -1389.4691  0.7102 
   00265    0.4350   -1389.8558  0.7099 
   00266    0.4950   -1390.7705  0.7015 
   00267    0.3800   -1385.3348  0.7038 
   00268    0.4450   -1383.5378  0.7070 
   00269    0.4725   -1385.6740  0.7106 
   00270    0.4625   -1373.7822  0.6961 
   00271    0.4375   -1369.1492  0.6901 
   00272    0.3800   -1360.1892  0.6865 
   00273    0.4450   -1371.2585  0.6913 
   00274    0.4000   -1371.6857  0.6985 
   00275    0.4700   -1369.7253  0.6988 
   00276    0.4200   -1368.4322  0.6954 
   00277    0.4475   -1374.0753  0.6906 
   00278    0.4675   -1367.4567  0.6874 
   00279    0.4225   -1363.0706  0.6861 
   00280    0.4125   -1360.8346  0.6838 
   00281    0.4200   -1363.2451  0.6818 
   00282    0.3975   -1364.1454  0.6777 
   00283    0.4200   -1369.1599  0.6830 
   00284    0.4375   -1363.2895  0.6787 
   00285    0.4300   -1369.2088  0.6813 
   00286    0.4650   -1372.3485  0.6785 
   00287    0.4300   -1370.7684  0.6779 
   00288    0.4375   -1375.1665  0.6746 
   00289    0.4475   -1377.5861  0.6736 
   00290    0.4575   -1382.1246  0.6736 
   00291    0.4225   -1380.9855  0.6775 
   00292    0.3925   -1380.0477  0.6799 
   00293    0.4475   -1372.5621  0.6750 
   00294    0.4475   -1373.7199  0.6731 
   00295    0.3950   -1378.1432  0.6704 
   00296    0.4525   -1379.6240  0.6773 
   00297    0.4250   -1374.7093  0.6767 
   00298    0.4150   -1366.5756  0.6751 
   00299    0.4425   -1369.6764  0.6761 
   00300    0.4325   -1361.6409  0.6740 
   00301    0.3775   -1356.2327  0.6763 
   00302    0.4500   -1358.1469  0.6799 
   00303    0.4550   -1356.1245  0.6842 
   00304    0.4525   -1357.4090  0.6791 
   00305    0.4350   -1364.0319  0.6797 
   00306    0.4100   -1363.0020  0.6814 
   00307    0.4250   -1363.1789  0.6826 
   00308    0.4350   -1362.5873  0.6733 
   00309    0.4450   -1368.0415  0.6768 
   00310    0.4300   -1369.4145  0.6724 
   00311    0.4400   -1374.4184  0.6819 
   00312    0.4200   -1375.1255  0.6861 
   00313    0.4100   -1371.1123  0.6816 
   00314    0.4550   -1374.6278  0.6850 
   00315    0.4325   -1373.0148  0.6893 
   00316    0.4475   -1370.0350  0.6920 
   00317    0.4375   -1376.5851  0.6946 
   00318    0.4425   -1374.4623  0.6910 
   00319    0.4150   -1385.0618  0.6882 
   00320    0.3900   -1395.5927  0.6941 
   00321    0.4600   -1398.2937  0.6916 
   00322    0.4350   -1393.0167  0.6861 
   00323    0.4375   -1392.0816  0.6803 
   00324    0.4150   -1384.8535  0.6833 
   00325    0.4575   -1387.2491  0.6929 
   00326    0.4150   -1384.6974  0.6957 
   00327    0.4475   -1384.8403  0.6999 
   00328    0.4775   -1375.6438  0.6996 
   00329    0.4575   -1377.2622  0.7015 
   00330    0.4025   -1381.6897  0.6955 
   00331    0.4275   -1389.7476  0.6999 
   00332    0.4050   -1383.9058  0.6968 
   00333    0.4250   -1387.3585  0.7018 
   00334    0.3775   -1384.5803  0.7015 
   00335    0.4625   -1383.2665  0.6952 
   00336    0.4400   -1384.7063  0.6934 
   00337    0.4850   -1385.3328  0.6944 
   00338    0.4000   -1389.8406  0.6955 
   00339    0.4075   -1383.5094  0.6996 
   00340    0.4125   -1389.6542  0.6967 
   00341    0.4300   -1386.2806  0.6954 
   00342    0.4400   -1392.1304  0.6957 
   00343    0.4350   -1385.3420  0.6962 
   00344    0.4550   -1386.4398  0.6965 
   00345    0.4025   -1388.9082  0.6979 
   00346    0.4500   -1380.2908  0.6897 
   00347    0.4175   -1379.8644  0.6860 
   00348    0.4400   -1375.6803  0.6886 
   00349    0.4250   -1380.5826  0.6968 
   00350    0.4600   -1369.7789  0.7010 
   00351    0.4250   -1373.1573  0.6992 
   00352    0.4675   -1384.0641  0.6994 
   00353    0.5000   -1387.1672  0.6955 
   00354    0.4075   -1388.8930  0.6983 
   00355    0.4275   -1389.7575  0.6991 
   00356    0.4075   -1390.7280  0.6966 
   00357    0.4650   -1395.7296  0.6980 
   00358    0.4200   -1385.9493  0.7029 
   00359    0.4475   -1379.3371  0.7104 
   00360    0.4475   -1382.4368  0.7120 
   00361    0.4775   -1386.0583  0.7177 
   00362    0.4225   -1386.9498  0.7180 
   00363    0.3750   -1383.8139  0.7251 
   00364    0.4275   -1381.9725  0.7272 
   00365    0.4075   -1386.8909  0.7268 
   00366    0.4400   -1388.3105  0.7292 
   00367    0.4425   -1382.6764  0.7302 
   00368    0.4425   -1380.5308  0.7306 
   00369    0.4275   -1387.0956  0.7375 
   00370    0.4025   -1384.2075  0.7371 
   00371    0.4350   -1382.1921  0.7305 
   00372    0.4250   -1390.2297  0.7318 
   00373    0.3825   -1389.9805  0.7353 
   00374    0.4100   -1388.0540  0.7337 
   00375    0.4425   -1382.5251  0.7279 
   00376    0.4450   -1383.7858  0.7238 
   00377    0.4475   -1389.4714  0.7256 
   00378    0.4650   -1387.7331  0.7323 
   00379    0.4300   -1399.4381  0.7382 
   00380    0.4325   -1387.4730  0.7373 
   00381    0.4575   -1390.6413  0.7357 
   00382    0.4200   -1387.7140  0.7340 
   00383    0.4600   -1388.8171  0.7328 
   00384    0.4225   -1393.0748  0.7265 
   00385    0.4400   -1392.6861  0.7268 
   00386    0.4475   -1396.2834  0.7300 
   00387    0.4400   -1393.1151  0.7275 
   00388    0.4300   -1391.3353  0.7283 
   00389    0.4650   -1394.2850  0.7333 
   00390    0.4175   -1384.2147  0.7273 
   00391    0.4075   -1381.5918  0.7291 
   00392    0.4475   -1389.5177  0.7310 
   00393    0.4350   -1394.7676  0.7294 
   00394    0.4650   -1392.8697  0.7318 
   00395    0.4550   -1389.6310  0.7314 
   00396    0.4475   -1388.4167  0.7382 
   00397    0.4400   -1388.9065  0.7311 
   00398    0.4575   -1391.7607  0.7281 
   00399    0.4250   -1390.2895  0.7289 
   00400    0.4200   -1390.1585  0.7332 
   00401    0.4550   -1385.3961  0.7309 
   00402    0.4700   -1384.6754  0.7262 
   00403    0.4700   -1382.1526  0.7182 
   00404    0.4250   -1385.9713  0.7164 
   00405    0.4825   -1392.7700  0.7200 
   00406    0.4600   -1393.8758  0.7154 
   00407    0.4375   -1392.4153  0.7180 
   00408    0.4325   -1393.7292  0.7220 
   00409    0.4125   -1401.4727  0.7243 
   00410    0.4350   -1397.0393  0.7226 
   00411    0.4125   -1391.3412  0.7148 
   00412    0.4500   -1393.1362  0.7147 
   00413    0.4125   -1393.3982  0.7133 
   00414    0.4150   -1394.8415  0.7164 
   00415    0.4050   -1400.0242  0.7149 
   00416    0.3850   -1397.6250  0.7218 
   00417    0.4150   -1397.4793  0.7259 
   00418    0.3875   -1411.2626  0.7290 
   00419    0.4225   -1413.2542  0.7285 
   00420    0.4075   -1402.3679  0.7184 
   00421    0.4175   -1410.1043  0.7307 
   00422    0.4425   -1406.4792  0.7342 
   00423    0.4100   -1404.8907  0.7336 
   00424    0.4225   -1406.5231  0.7362 
   00425    0.4000   -1404.2722  0.7310 
   00426    0.4250   -1398.7271  0.7307 
   00427    0.4175   -1398.9672  0.7295 
   00428    0.4250   -1396.4988  0.7292 
   00429    0.4075   -1405.0794  0.7339 
   00430    0.4175   -1414.0141  0.7392 
   00431    0.4425   -1420.7518  0.7372 
   00432    0.3925   -1417.4750  0.7377 
   00433    0.4375   -1420.3850  0.7455 
   00434    0.4125   -1416.8380  0.7429 
   00435    0.4625   -1405.2221  0.7399 
   00436    0.4275   -1400.7678  0.7303 
   00437    0.4550   -1403.0855  0.7365 
   00438    0.4025   -1405.9043  0.7426 
   00439    0.4600   -1403.5454  0.7438 
   00440    0.3875   -1410.9183  0.7400 
   00441    0.4250   -1410.6875  0.7397 
   00442    0.4500   -1413.9617  0.7440 
   00443    0.4350   -1409.0440  0.7350 
   00444    0.4375   -1403.9121  0.7323 
   00445    0.3875   -1399.1039  0.7352 
   00446    0.4325   -1393.9279  0.7394 
   00447    0.3900   -1392.2522  0.7357 
   00448    0.4200   -1386.3860  0.7281 
   00449    0.3950   -1386.6060  0.7344 
   00450    0.4375   -1382.2711  0.7419 
   00451    0.4450   -1381.9617  0.7417 
   00452    0.3925   -1381.1818  0.7434 
   00453    0.4000   -1379.4643  0.7402 
   00454    0.4175   -1382.3690  0.7362 
   00455    0.4150   -1388.0339  0.7398 
   00456    0.4350   -1394.5341  0.7426 
   00457    0.4125   -1396.2770  0.7469 
   00458    0.4400   -1397.7291  0.7459 
   00459    0.4150   -1396.2310  0.7527 
   00460    0.4400   -1396.7304  0.7436 
   00461    0.4400   -1398.7341  0.7415 
   00462    0.4200   -1406.6863  0.7483 
   00463    0.4125   -1402.7038  0.7495 
   00464    0.4200   -1412.6030  0.7527 
   00465    0.4225   -1409.8393  0.7472 
   00466    0.4175   -1408.9517  0.7474 
   00467    0.4525   -1407.1984  0.7451 
   00468    0.4425   -1411.5580  0.7448 
   00469    0.4025   -1417.8107  0.7465 
   00470    0.4225   -1416.6455  0.7505 
   00471    0.4100   -1410.8251  0.7443 
   00472    0.4350   -1413.2798  0.7409 
   00473    0.4100   -1410.2903  0.7374 
   00474    0.4300   -1397.9105  0.7328 
   00475    0.4675   -1398.7070  0.7303 
   00476    0.4450   -1395.9753  0.7325 
   00477    0.4625   -1396.0878  0.7370 
   00478    0.4125   -1393.1783  0.7347 
   00479    0.4275   -1397.6660  0.7320 
   00480    0.3700   -1398.1163  0.7358 
   00481    0.4500   -1393.7672  0.7367 
   00482    0.4850   -1394.6217  0.7376 
   00483    0.4225   -1391.0159  0.7399 
   00484    0.4225   -1395.8863  0.7391 
   00485    0.3825   -1396.5432  0.7482 
   00486    0.4675   -1399.1018  0.7475 
   00487    0.4075   -1396.2543  0.7431 
   00488    0.4250   -1396.4509  0.7472 
   00489    0.4275   -1399.0329  0.7414 
   00490    0.3975   -1404.3282  0.7389 
   00491    0.4325   -1408.0705  0.7356 
   00492    0.4200   -1397.7405  0.7294 
   00493    0.4250   -1398.5290  0.7350 
   00494    0.4300   -1398.0224  0.7304 
   00495    0.4025   -1400.2772  0.7252 
   00496    0.4250   -1391.6425  0.7263 
   00497    0.4500   -1395.7505  0.7261 
   00498    0.4500   -1392.3761  0.7246 
   00499    0.4125   -1391.5744  0.7222 
   00500    0.4525   -1389.8726  0.7113 
   00501    0.4025   -1393.8506  0.7106 
   00502    0.4150   -1394.7177  0.7086 
   00503    0.4450   -1396.1853  0.7098 
   00504    0.4125   -1393.4237  0.7074 
   00505    0.4100   -1388.8903  0.7009 
   00506    0.4350   -1388.7271  0.7059 
   00507    0.4375   -1383.4078  0.7050 
   00508    0.4500   -1380.2782  0.7058 
   00509    0.3975   -1377.9522  0.7051 
   00510    0.4375   -1375.9742  0.7039 
   00511    0.4100   -1374.2559  0.7103 
   00512    0.4350   -1375.0230  0.7186 
   00513    0.4250   -1383.9578  0.7218 
   00514    0.4575   -1379.1158  0.7251 
   00515    0.4350   -1382.3128  0.7298 
   00516    0.4400   -1381.8566  0.7304 
   00517    0.3975   -1379.2571  0.7355 
   00518    0.4725   -1387.0286  0.7359 
   00519    0.4425   -1377.7731  0.7308 
   00520    0.4200   -1379.9293  0.7346 
   00521    0.4275   -1385.3985  0.7332 
   00522    0.4250   -1388.0733  0.7425 
   00523    0.4425   -1375.6250  0.7412 
   00524    0.4075   -1379.2052  0.7363 
   00525    0.4650   -1381.4262  0.7406 
   00526    0.4350   -1390.5055  0.7409 
   00527    0.4475   -1388.8504  0.7330 
   00528    0.3875   -1392.6883  0.7383 
   00529    0.4050   -1392.6140  0.7390 
   00530    0.4225   -1390.2464  0.7403 
   00531    0.4100   -1394.2777  0.7392 
   00532    0.4075   -1393.8560  0.7332 
   00533    0.4375   -1389.2770  0.7389 
   00534    0.4300   -1395.9135  0.7422 
   00535    0.4500   -1395.0155  0.7428 
   00536    0.3650   -1391.1599  0.7468 
   00537    0.4200   -1397.1616  0.7486 
   00538    0.3975   -1401.0879  0.7518 
   00539    0.4850   -1398.6892  0.7481 
   00540    0.4325   -1400.6056  0.7550 
   00541    0.4150   -1398.3635  0.7582 
   00542    0.4150   -1397.8567  0.7543 
   00543    0.4300   -1393.6693  0.7493 
   00544    0.4325   -1400.4896  0.7512 
   00545    0.4075   -1395.6932  0.7521 
   00546    0.4550   -1401.5973  0.7563 
   00547    0.4350   -1399.9510  0.7579 
   00548    0.4325   -1402.2841  0.7609 
   00549    0.4250   -1388.0963  0.7534 
   00550    0.4275   -1379.6418  0.7464 
   00551    0.4300   -1378.9620  0.7456 
   00552    0.3925   -1383.2066  0.7472 
   00553    0.3900   -1383.1131  0.7450 
   00554    0.4575   -1373.2510  0.7440 
   00555    0.4150   -1372.1476  0.7510 
   00556    0.3925   -1370.8123  0.7616 
   00557    0.3975   -1368.8947  0.7628 
   00558    0.3825   -1371.9641  0.7692 
   00559    0.4275   -1371.1144  0.7786 
   00560    0.4550   -1370.6464  0.7795 
   00561    0.4450   -1373.3367  0.7724 
   00562    0.4325   -1374.5647  0.7699 
   00563    0.4500   -1375.8914  0.7690 
   00564    0.4050   -1381.8991  0.7740 
   00565    0.4150   -1378.0638  0.7725 
   00566    0.3825   -1381.6742  0.7758 
   00567    0.4650   -1375.8333  0.7738 
   00568    0.4400   -1386.0480  0.7736 
   00569    0.4125   -1391.5158  0.7758 
   00570    0.4275   -1384.3181  0.7788 
   00571    0.4175   -1386.2797  0.7819 
   00572    0.4450   -1383.8701  0.7868 
   00573    0.4325   -1380.4739  0.7853 
   00574    0.4100   -1381.1233  0.7824 
   00575    0.4375   -1369.1095  0.7805 
   00576    0.4575   -1366.7310  0.7834 
   00577    0.4550   -1379.7235  0.7882 
   00578    0.4125   -1386.2013  0.7825 
   00579    0.4575   -1381.2491  0.7827 
   00580    0.4275   -1383.7195  0.7878 
   00581    0.4400   -1394.6902  0.7885 
   00582    0.4275   -1392.1774  0.7863 
   00583    0.4575   -1396.4303  0.7897 
   00584    0.4125   -1396.2576  0.7849 
   00585    0.4525   -1390.8778  0.7891 
   00586    0.4650   -1390.8419  0.7802 
   00587    0.4625   -1392.2934  0.7845 
   00588    0.4500   -1386.8997  0.7819 
   00589    0.4425   -1379.4281  0.7873 
   00590    0.4150   -1383.6332  0.7843 
   00591    0.4350   -1377.8314  0.7822 
   00592    0.4300   -1372.0846  0.7791 
   00593    0.4275   -1373.4383  0.7755 
   00594    0.4600   -1376.2360  0.7749 
   00595    0.4325   -1380.0280  0.7711 
   00596    0.4625   -1373.6942  0.7711 
   00597    0.3775   -1365.7576  0.7716 
   00598    0.4450   -1360.8727  0.7657 
   00599    0.4425   -1353.3810  0.7584 
   00600    0.4450   -1361.3600  0.7651 
   00601    0.4275   -1368.2532  0.7669 
   00602    0.4425   -1371.4995  0.7711 
   00603    0.3950   -1368.8983  0.7647 
   00604    0.4125   -1377.1179  0.7657 
   00605    0.4350   -1381.6771  0.7656 
   00606    0.4250   -1382.4986  0.7729 
   00607    0.4275   -1376.9203  0.7666 
   00608    0.4525   -1371.9417  0.7656 
   00609    0.4550   -1369.7318  0.7695 
   00610    0.4625   -1364.1366  0.7678 
   00611    0.4425   -1374.7014  0.7681 
   00612    0.4325   -1381.2037  0.7700 
   00613    0.4975   -1380.3415  0.7674 
   00614    0.4475   -1377.0079  0.7662 
   00615    0.4300   -1380.9407  0.7681 
   00616    0.4125   -1376.0792  0.7593 
   00617    0.3575   -1375.5299  0.7587 
   00618    0.4050   -1373.8206  0.7561 
   00619    0.4450   -1377.8665  0.7505 
   00620    0.4075   -1378.7279  0.7516 
   00621    0.4400   -1376.8164  0.7523 
   00622    0.3975   -1366.1015  0.7575 
   00623    0.4125   -1365.2350  0.7559 
   00624    0.4350   -1373.0114  0.7619 
   00625    0.4225   -1378.8872  0.7605 
   00626    0.4625   -1382.2036  0.7619 
   00627    0.4500   -1378.1152  0.7598 
   00628    0.3775   -1385.4116  0.7598 
   00629    0.4250   -1393.2715  0.7664 
   00630    0.4450   -1393.5936  0.7664 
   00631    0.4200   -1397.1155  0.7659 
   00632    0.4400   -1394.8357  0.7657 
   00633    0.4025   -1398.3140  0.7677 
   00634    0.3925   -1400.8574  0.7686 
   00635    0.4100   -1399.2878  0.7749 
   00636    0.3800   -1402.2145  0.7736 
   00637    0.3925   -1404.9980  0.7742 
   00638    0.4300   -1398.1779  0.7621 
   00639    0.3825   -1393.7560  0.7628 
   00640    0.4200   -1397.2526  0.7740 
   00641    0.4750   -1397.2481  0.7753 
   00642    0.4525   -1382.0564  0.7704 
   00643    0.4475   -1387.3150  0.7711 
   00644    0.3975   -1393.8069  0.7710 
   00645    0.4250   -1395.6180  0.7711 
   00646    0.4550   -1395.9278  0.7669 
   00647    0.4300   -1388.5575  0.7588 
   00648    0.4175   -1388.6017  0.7638 
   00649    0.4225   -1391.1934  0.7697 
   00650    0.4775   -1393.4555  0.7702 
   00651    0.4300   -1393.7120  0.7672 
   00652    0.3925   -1386.6751  0.7624 
   00653    0.4025   -1388.3908  0.7670 
   00654    0.4550   -1391.5640  0.7647 
   00655    0.4475   -1395.0060  0.7671 
   00656    0.4350   -1395.9709  0.7681 
   00657    0.4250   -1395.3454  0.7651 
   00658    0.4225   -1401.8817  0.7693 
   00659    0.4225   -1402.5442  0.7763 
   00660    0.4100   -1403.5852  0.7777 
   00661    0.4275   -1405.8804  0.7814 
   00662    0.4350   -1407.1062  0.7789 
   00663    0.4500   -1411.1628  0.7763 
   00664    0.4325   -1411.0298  0.7779 
   00665    0.4425   -1407.5795  0.7819 
   00666    0.4025   -1409.1616  0.7813 
   00667    0.4200   -1410.7393  0.7820 
   00668    0.4275   -1408.0478  0.7720 
   00669    0.3875   -1399.2432  0.7673 
   00670    0.3825   -1404.3936  0.7718 
   00671    0.4175   -1402.6429  0.7695 
   00672    0.3950   -1395.7891  0.7618 
   00673    0.4250   -1400.9955  0.7669 
   00674    0.4425   -1399.3921  0.7674 
   00675    0.4475   -1396.6068  0.7672 
   00676    0.3825   -1393.7978  0.7662 
   00677    0.4125   -1396.2956  0.7692 
   00678    0.4550   -1388.2195  0.7650 
   00679    0.4225   -1401.3065  0.7750 
   00680    0.4450   -1397.7009  0.7737 
   00681    0.4525   -1403.3930  0.7728 
   00682    0.4225   -1406.4154  0.7684 
   00683    0.4325   -1405.5010  0.7673 
   00684    0.4300   -1405.2540  0.7652 
   00685    0.4325   -1402.4741  0.7650 
   00686    0.4375   -1406.6665  0.7687 
   00687    0.4350   -1403.2143  0.7701 
   00688    0.4675   -1399.3509  0.7662 
   00689    0.4600   -1394.3031  0.7610 
   00690    0.4550   -1399.5843  0.7596 
   00691    0.4050   -1391.2263  0.7629 
   00692    0.4250   -1387.1317  0.7599 
   00693    0.4475   -1390.0195  0.7584 
   00694    0.4225   -1390.6885  0.7573 
   00695    0.4550   -1393.5496  0.7640 
   00696    0.4300   -1394.3090  0.7684 
   00697    0.4025   -1391.3722  0.7669 
   00698    0.3950   -1388.0721  0.7664 
   00699    0.3775   -1385.4164  0.7692 
   00700    0.4450   -1394.3523  0.7787 
   00701    0.4525   -1389.1356  0.7802 
   00702    0.4375   -1387.1846  0.7802 
   00703    0.3950   -1394.4601  0.7823 
   00704    0.4250   -1394.8189  0.7856 
   00705    0.4475   -1400.9214  0.7922 
   00706    0.4100   -1396.4897  0.7896 
   00707    0.4150   -1394.3809  0.7812 
   00708    0.4125   -1385.8282  0.7840 
   00709    0.4700   -1394.5097  0.7885 
   00710    0.4550   -1394.5362  0.7901 
   00711    0.3950   -1400.7861  0.7904 
   00712    0.4275   -1399.2507  0.7920 
   00713    0.4450   -1414.2796  0.7964 
   00714    0.4225   -1407.3626  0.7943 
   00715    0.4100   -1405.7813  0.7889 
   00716    0.4475   -1409.7103  0.7885 
   00717    0.4550   -1412.5103  0.7879 
   00718    0.4450   -1412.9563  0.7844 
   00719    0.4525   -1412.2680  0.7846 
   00720    0.3925   -1409.6764  0.7857 
   00721    0.4300   -1405.8188  0.7804 
   00722    0.4275   -1406.9145  0.7822 
   00723    0.4050   -1410.3435  0.7828 
   00724    0.4000   -1411.7224  0.7871 
   00725    0.4675   -1412.4156  0.7848 
   00726    0.4425   -1412.4007  0.7863 
   00727    0.4100   -1413.1467  0.7850 
   00728    0.3650   -1412.3087  0.7796 
   00729    0.4275   -1403.8319  0.7744 
   00730    0.3900   -1407.0020  0.7803 
   00731    0.4300   -1403.1424  0.7734 
   00732    0.4125   -1401.7237  0.7644 
   00733    0.3950   -1396.7538  0.7632 
   00734    0.4475   -1402.7184  0.7636 
   00735    0.3925   -1406.5814  0.7638 
   00736    0.4225   -1408.9790  0.7713 
   00737    0.4000   -1407.7468  0.7710 
   00738    0.4375   -1411.2722  0.7733 
   00739    0.4375   -1414.1239  0.7746 
   00740    0.4050   -1406.1808  0.7717 
   00741    0.4200   -1400.3243  0.7709 
   00742    0.4450   -1403.5600  0.7673 
   00743    0.4375   -1402.4328  0.7723 
   00744    0.4350   -1403.4420  0.7720 
   00745    0.4350   -1399.1877  0.7620 
   00746    0.4175   -1392.5027  0.7648 
   00747    0.4125   -1395.3112  0.7670 
   00748    0.4050   -1390.9846  0.7665 
   00749    0.4300   -1389.1520  0.7653 
   00750    0.4625   -1396.4178  0.7726 
   00751    0.3900   -1384.2587  0.7701 
   00752    0.4450   -1385.4791  0.7728 
   00753    0.4375   -1388.4819  0.7742 
   00754    0.4725   -1384.4258  0.7744 
   00755    0.4175   -1388.9101  0.7767 
   00756    0.4450   -1388.8202  0.7754 
   00757    0.4700   -1380.9039  0.7763 
   00758    0.4100   -1395.5197  0.7821 
   00759    0.4575   -1389.4637  0.7804 
   00760    0.4300   -1388.3947  0.7785 
   00761    0.4500   -1391.6475  0.7778 
   00762    0.4125   -1381.3519  0.7722 
   00763    0.4100   -1377.9541  0.7755 
   00764    0.4025   -1388.0685  0.7803 
   00765    0.4275   -1388.5501  0.7852 
   00766    0.4150   -1389.8755  0.7888 
   00767    0.4150   -1385.2042  0.7862 
   00768    0.4325   -1386.6824  0.7889 
   00769    0.4450   -1388.8235  0.7877 
   00770    0.4000   -1394.6991  0.7966 
   00771    0.4225   -1395.5493  0.8015 
   00772    0.3975   -1401.1089  0.8049 
   00773    0.4375   -1401.8078  0.8046 
   00774    0.4400   -1396.8534  0.8024 
   00775    0.4375   -1398.9719  0.8040 
   00776    0.4775   -1407.7827  0.8036 
   00777    0.4075   -1414.2417  0.8056 
   00778    0.4475   -1403.4568  0.8068 
   00779    0.3900   -1410.8522  0.8102 
   00780    0.4500   -1406.0209  0.8090 
   00781    0.4050   -1413.3683  0.8096 
   00782    0.4525   -1404.6689  0.8112 
   00783    0.4150   -1406.2965  0.8149 
   00784    0.4275   -1404.4275  0.8125 
   00785    0.4450   -1405.4585  0.8120 
   00786    0.4325   -1405.0179  0.8108 
   00787    0.4425   -1400.0848  0.8070 
   00788    0.3875   -1405.6756  0.8087 
   00789    0.4300   -1398.9764  0.8128 
   00790    0.4700   -1400.4843  0.8134 
   00791    0.4600   -1398.5254  0.8216 
   00792    0.4375   -1408.3724  0.8219 
   00793    0.4350   -1407.2431  0.8232 
   00794    0.4375   -1403.8876  0.8245 
   00795    0.4450   -1405.0683  0.8265 
   00796    0.4350   -1412.3997  0.8271 
   00797    0.4075   -1408.6524  0.8241 
   00798    0.4650   -1407.0061  0.8247 
   00799    0.4400   -1407.5841  0.8179 
   00800    0.4250   -1410.6608  0.8245 
   00801    0.4225   -1397.4718  0.8202 
   00802    0.4175   -1398.0507  0.8247 
   00803    0.4100   -1395.1242  0.8224 
   00804    0.4550   -1389.6159  0.8180 
   00805    0.3875   -1389.2674  0.8225 
   00806    0.4425   -1383.0769  0.8186 
   00807    0.4650   -1379.8479  0.8171 
   00808    0.3725   -1385.1181  0.8178 
   00809    0.4425   -1381.3325  0.8140 
   00810    0.4150   -1379.3794  0.8137 
   00811    0.4300   -1388.8821  0.8146 
   00812    0.4425   -1394.6570  0.8159 
   00813    0.4250   -1399.5042  0.8218 
   00814    0.3800   -1393.2180  0.8206 
   00815    0.4650   -1389.3223  0.8185 
   00816    0.4525   -1394.1156  0.8175 
   00817    0.4450   -1391.4771  0.8160 
   00818    0.4575   -1383.9829  0.8094 
   00819    0.4200   -1387.3810  0.8104 
   00820    0.4150   -1393.4755  0.8129 
   00821    0.4475   -1395.3221  0.8082 
   00822    0.4525   -1391.6839  0.8098 
   00823    0.4475   -1391.3410  0.8084 
   00824    0.4200   -1392.6367  0.8072 
   00825    0.4375   -1393.6478  0.8067 
   00826    0.4175   -1393.1834  0.8074 
   00827    0.4300   -1396.9265  0.8104 
   00828    0.4050   -1400.0948  0.8142 
   00829    0.4025   -1400.7250  0.8043 
   00830    0.4125   -1402.7430  0.8039 
   00831    0.4275   -1393.3559  0.8003 
   00832    0.4275   -1397.1760  0.7995 
   00833    0.4150   -1398.9936  0.8033 
   00834    0.4275   -1394.9271  0.7983 
   00835    0.4175   -1397.6554  0.7939 
   00836    0.4275   -1397.3755  0.8008 
   00837    0.4075   -1398.4814  0.7935 
   00838    0.4375   -1393.4920  0.7926 
   00839    0.4200   -1400.0300  0.8015 
   00840    0.4100   -1397.0529  0.8022 
   00841    0.4250   -1397.9199  0.8060 
   00842    0.4175   -1404.2077  0.8138 
   00843    0.4025   -1402.1530  0.8147 
   00844    0.4375   -1401.1862  0.8112 
   00845    0.4475   -1395.8629  0.8090 
   00846    0.4050   -1388.2548  0.8034 
   00847    0.4325   -1382.8450  0.7944 
   00848    0.4300   -1376.2358  0.7900 
   00849    0.3800   -1380.0973  0.7968 
   00850    0.4125   -1375.3125  0.7984 
   00851    0.4375   -1370.8103  0.8002 
   00852    0.4350   -1370.8256  0.7984 
   00853    0.4225   -1380.6992  0.7975 
   00854    0.4475   -1381.0657  0.7991 
   00855    0.4475   -1378.6905  0.7964 
   00856    0.4200   -1383.2284  0.8005 
   00857    0.4600   -1395.3723  0.8051 
   00858    0.4400   -1395.6483  0.8082 
   00859    0.4200   -1397.6596  0.8120 
   00860    0.4400   -1402.3963  0.8199 
   00861    0.4500   -1415.0845  0.8210 
   00862    0.4150   -1423.7034  0.8266 
   00863    0.4400   -1412.8766  0.8191 
   00864    0.4325   -1409.8250  0.8200 
   00865    0.4425   -1410.1148  0.8244 
   00866    0.4125   -1413.2963  0.8213 
   00867    0.4275   -1399.6425  0.8218 
   00868    0.4100   -1402.8139  0.8191 
   00869    0.3875   -1395.3993  0.8192 
   00870    0.3675   -1389.0260  0.8147 
   00871    0.4400   -1392.0723  0.8162 
   00872    0.4025   -1383.0760  0.8151 
   00873    0.4400   -1375.5296  0.8113 
   00874    0.4325   -1378.3783  0.8109 
   00875    0.4625   -1376.9121  0.8082 
   00876    0.4300   -1383.8064  0.8104 
   00877    0.4600   -1384.1558  0.8067 
   00878    0.4450   -1389.6326  0.8082 
   00879    0.4275   -1394.4697  0.8096 
   00880    0.4125   -1386.7922  0.8030 
   00881    0.4125   -1384.3343  0.8067 
   00882    0.4100   -1385.0148  0.8062 
   00883    0.4125   -1384.0238  0.8051 
   00884    0.4650   -1386.1090  0.8111 
   00885    0.4100   -1387.9445  0.8134 
   00886    0.4375   -1386.4723  0.8062 
   00887    0.3925   -1383.6722  0.8071 
   00888    0.4175   -1384.6621  0.8055 
   00889    0.4425   -1388.5795  0.8055 
   00890    0.4225   -1386.3426  0.8027 
   00891    0.3850   -1387.8203  0.8032 
   00892    0.4175   -1391.6165  0.8046 
   00893    0.4475   -1383.7725  0.8001 
   00894    0.4100   -1380.5834  0.8079 
   00895    0.4475   -1381.5980  0.8101 
   00896    0.4025   -1386.7483  0.8068 
   00897    0.4550   -1386.9084  0.8078 
   00898    0.3925   -1387.9917  0.8035 
   00899    0.4325   -1392.8924  0.8010 
   00900    0.3925   -1393.7634  0.8010 
   00901    0.3950   -1397.5768  0.8016 
   00902    0.3825   -1383.1057  0.7987 
   00903    0.3800   -1384.1825  0.8004 
   00904    0.4450   -1381.1521  0.8062 
   00905    0.4275   -1385.5139  0.8113 
   00906    0.4550   -1390.0200  0.8090 
   00907    0.3975   -1392.2820  0.8059 
   00908    0.4500   -1398.9755  0.8143 
   00909    0.4375   -1394.8911  0.8151 
   00910    0.4750   -1392.1012  0.8154 
   00911    0.4325   -1389.6602  0.8169 
   00912    0.4150   -1386.4688  0.8122 
   00913    0.3975   -1394.9764  0.8143 
   00914    0.4075   -1388.6425  0.8080 
   00915    0.4000   -1387.4833  0.8092 
   00916    0.4450   -1394.3016  0.8206 
   00917    0.3850   -1386.0208  0.8147 
   00918    0.4200   -1386.2195  0.8134 
   00919    0.3925   -1388.1731  0.8150 
   00920    0.4375   -1389.9935  0.8148 
   00921    0.4275   -1378.4688  0.8146 
   00922    0.3850   -1377.0839  0.8116 
   00923    0.4225   -1377.2051  0.8111 
   00924    0.4100   -1382.2018  0.8183 
   00925    0.3950   -1383.3164  0.8146 
   00926    0.4525   -1389.0795  0.8169 
   00927    0.4075   -1388.7477  0.8138 
   00928    0.4300   -1393.5219  0.8138 
   00929    0.4075   -1389.6885  0.8148 
   00930    0.4575   -1394.2538  0.8192 
   00931    0.3675   -1375.3649  0.8055 
   00932    0.4300   -1374.7914  0.8152 
   00933    0.4375   -1375.0411  0.8164 
   00934    0.4425   -1382.7838  0.8211 
   00935    0.4550   -1374.0099  0.8171 
   00936    0.4650   -1374.2469  0.8200 
   00937    0.4275   -1378.5617  0.8224 
   00938    0.4400   -1387.0254  0.8274 
   00939    0.4325   -1398.1709  0.8304 
   00940    0.4150   -1392.6448  0.8288 
   00941    0.3800   -1392.6763  0.8261 
   00942    0.4575   -1398.8012  0.8310 
   00943    0.4425   -1402.2557  0.8342 
   00944    0.4775   -1414.7731  0.8369 
   00945    0.4325   -1422.6822  0.8391 
   00946    0.4100   -1416.9105  0.8436 
   00947    0.4575   -1413.0410  0.8473 
   00948    0.4300   -1416.9451  0.8511 
   00949    0.4250   -1416.7831  0.8486 
   00950    0.3850   -1406.8721  0.8447 
   00951    0.4150   -1408.7860  0.8427 
   00952    0.4175   -1406.7512  0.8481 
   00953    0.4275   -1405.3105  0.8463 
   00954    0.4400   -1402.9188  0.8466 
   00955    0.4575   -1405.6425  0.8516 
   00956    0.4575   -1418.0249  0.8569 
   00957    0.3700   -1405.7764  0.8507 
   00958    0.4425   -1400.0488  0.8477 
   00959    0.3750   -1399.2662  0.8501 
   00960    0.4075   -1396.9897  0.8494 
   00961    0.4350   -1392.4789  0.8485 
   00962    0.4575   -1401.5317  0.8557 
   00963    0.4400   -1413.3962  0.8610 
   00964    0.4250   -1420.6417  0.8639 
   00965    0.4125   -1421.2985  0.8631 
   00966    0.4050   -1430.8653  0.8663 
   00967    0.4000   -1421.6687  0.8630 
   00968    0.4000   -1419.9386  0.8612 
   00969    0.4550   -1414.0039  0.8590 
   00970    0.4225   -1420.0905  0.8609 
   00971    0.4300   -1417.8370  0.8641 
   00972    0.4275   -1416.2535  0.8603 
   00973    0.3850   -1413.5537  0.8592 
   00974    0.3975   -1418.6911  0.8610 
   00975    0.4125   -1426.9894  0.8689 
   00976    0.3975   -1429.1909  0.8735 
   00977    0.4250   -1430.3920  0.8730 
   00978    0.4050   -1420.5842  0.8742 
   00979    0.4075   -1420.4039  0.8718 
   00980    0.4250   -1419.0868  0.8667 
   00981    0.4550   -1408.5588  0.8595 
   00982    0.3975   -1403.2334  0.8589 
   00983    0.3925   -1406.1558  0.8567 
   00984    0.3775   -1410.6248  0.8526 
   00985    0.4250   -1407.5484  0.8548 
   00986    0.3725   -1403.0125  0.8567 
   00987    0.4000   -1409.9761  0.8602 
   00988    0.4200   -1410.3630  0.8654 
   00989    0.4225   -1416.0979  0.8609 
   00990    0.4075   -1410.4952  0.8572 
   00991    0.4375   -1401.2585  0.8574 
   00992    0.4300   -1410.7445  0.8610 
   00993    0.4625   -1408.2280  0.8579 
   00994    0.4175   -1417.8827  0.8570 
   00995    0.3850   -1408.5400  0.8593 
   00996    0.4150   -1411.0541  0.8610 
   00997    0.4350   -1411.1465  0.8617 
   00998    0.4225   -1409.4486  0.8628 
   00999    0.3850   -1411.5827  0.8637 
   01000    0.4600   -1410.2542  0.8700 
