#=====================================================
# File created:        Wed-05-Nov-2025-at-03-20-36AM
# Size of lattice:     20x20
# Number of MC steps:  1000
# Reduced temperature: 0.100
# Run time (s):        2.929672
#=====================================================
# MC step:  Ratio:     Energy:   Order:
#=====================================================
   00000    0.5000    -368.2777  0.2867 
   00001    0.5125    -393.8334  0.3009 
   00002    0.5075    -437.0194  0.3097 
   00003    0.5250    -468.7835  0.3082 
   00004    0.5525    -507.8877  0.3079 
   00005    0.5375    -535.5532  0.2999 
   00006    0.5425    -577.1368  0.3089 
   00007    0.5125    -602.4814  0.3069 
   00008    0.5425    -638.2270  0.3057 
   00009    0.5325    -659.5329  0.3046 
   00010    0.5100    -689.3364  0.3109 
   00011    0.5600    -718.2411  0.3142 
   00012    0.5450    -748.1019  0.3174 
   00013    0.5325    -769.8329  0.3243 
   00014    0.5375    -790.5326  0.3297 
   00015    0.4900    -812.1869  0.3319 
   00016    0.5125    -833.2398  0.3345 
   00017    0.5425    -854.1712  0.3392 
   00018    0.5525    -871.3687  0.3427 
   00019    0.4875    -882.6130  0.3442 
   00020    0.5700    -894.6382  0.3433 
   00021    0.5150    -909.7210  0.3469 
   00022    0.5250    -924.1045  0.3446 
   00023    0.5575    -946.9287  0.3551 
   00024    0.4675    -960.6894  0.3540 
   00025    0.5350    -966.4734  0.3536 
   00026    0.5100    -975.0265  0.3577 
   00027    0.5075    -990.0487  0.3642 
   00028    0.4975   -1001.7696  0.3701 
   00029    0.5025   -1005.2793  0.3676 
   00030    0.5475   -1027.6494  0.3735 
   00031    0.5550   -1038.7637  0.3838 
   00032    0.4950   -1048.6817  0.3870 
   00033    0.4825   -1063.5710  0.3901 
   00034    0.5175   -1070.9758  0.3898 
   00035    0.5200   -1081.8569  0.3933 
   00036    0.4975   -1091.5632  0.3938 
   00037    0.5475   -1103.4449  0.3951 
   00038    0.5400   -1110.2536  0.3950 
   00039    0.5200   -1114.7371  0.3954 
   00040    0.5000   -1124.1044  0.3962 
   00041    0.5300   -1126.5617  0.3986 
   00042    0.5100   -1134.5472  0.4018 
   00043    0.5525   -1143.0316  0.4059 
   00044    0.5350   -1151.0177  0.4069 
   00045    0.5075   -1160.8049  0.4107 
   00046    0.4925   -1167.3045  0.4164 
   00047    0.5000   -1179.2505  0.4161 
   00048    0.5600   -1187.5011  0.4167 
   00049    0.4550   -1191.3165  0.4192 
   00050    0.4875   -1199.5821  0.4219 
   00051    0.4775   -1212.8913  0.4318 
   00052    0.5525   -1223.8276  0.4374 
   00053    0.5050   -1230.6973  0.4437 
   00054    0.5225   -1241.9280  0.4543 
   00055    0.5400   -1253.8664  0.4596 
   00056    0.5300   -1261.1903  0.4669 
   00057    0.5425   -1275.2820  0.4717 
   00058    0.4575   -1280.5562  0.4741 
   00059    0.4875   -1282.1714  0.4713 
   00060    0.5800   -1286.6494  0.4705 
   00061    0.4600   -1291.7663  0.4750 
   00062    0.4950   -1299.4004  0.4755 
   00063    0.5350   -1300.2880  0.4775 
   00064    0.4775   -1307.0488  0.4804 
   00065    0.5350   -1313.1459  0.4810 
   00066    0.4950   -1315.9060  0.4805 
   00067    0.5175   -1321.9520  0.4831 
   00068    0.4950   -1325.2483  0.4814 
   00069    0.5250   -1334.1030  0.4829 
   00070    0.5050   -1338.6604  0.4825 
   00071    0.4675   -1343.0060  0.4887 
   00072    0.5050   -1344.1213  0.4937 
   00073    0.4900   -1346.7905  0.4953 
   00074    0.4900   -1344.8533  0.4953 
   00075    0.4750   -1346.3671  0.4995 
   00076    0.5250   -1351.7267  0.4991 
   00077    0.4850   -1357.4178  0.4997 
   00078    0.5650   -1359.2526  0.5048 
   00079    0.5100   -1360.9757  0.5045 
   00080    0.4425   -1361.8543  0.5074 
   00081    0.5325   -1365.5416  0.5051 
   00082    0.5225   -1370.8673  0.5111 
   00083    0.4825   -1375.0142  0.5121 
   00084    0.5025   -1375.8045  0.5159 
   00085    0.4975   -1376.3019  0.5172 
   00086    0.5525   -1378.3818  0.5244 
   00087    0.5050   -1378.8894  0.5278 
   00088    0.4850   -1383.3311  0.5298 
   00089    0.5075   -1384.6511  0.5344 
   00090    0.5150   -1381.5819  0.5344 
   00091    0.5000   -1381.1101  0.5388 
   00092    0.5600   -1382.6662  0.5387 
   00093    0.4950   -1388.6968  0.5433 
   00094    0.5125   -1388.4568  0.5423 
   00095    0.4700   -1388.3460  0.5463 
   00096    0.5025   -1389.3139  0.5485 
   00097    0.5300   -1389.1648  0.5491 
   00098    0.4575   -1390.3490  0.5502 
   00099    0.4825   -1392.1705  0.5529 
   00100    0.4700   -1399.0018  0.5608 
   00101    0.4625   -1400.0457  0.5626 
   00102    0.4800   -1399.1762  0.5580 
   00103    0.4550   -1402.9700  0.5613 
   00104    0.4900   -1404.7967  0.5611 
   00105    0.4950   -1405.2980  0.5662 
   00106    0.4900   -1406.7493  0.5639 
   00107    0.5050   -1408.3356  0.5620 
   00108    0.4975   -1409.5526  0.5629 
   00109    0.4600   -1411.5167  0.5641 
   00110    0.4900   -1411.5248  0.5688 
   00111    0.4775   -1411.0792  0.5732 
   00112    0.5400   -1412.3937  0.5750 
   00113    0.4675   -1416.0270  0.5843 
   00114    0.5100   -1415.0903  0.5850 
   00115    0.4775   -1417.9595  0.5860 
   00116    0.4625   -1413.9627  0.5828 
   00117    0.4675   -1411.9055  0.5844 
   00118    0.5550   -1414.0565  0.5892 
   00119    0.5175   -1419.3898  0.5895 
   00120    0.4900   -1419.1432  0.5930 
   00121    0.5125   -1418.2639  0.5962 
   00122    0.4675   -1418.1782  0.5971 
   00123    0.5225   -1417.5886  0.5979 
   00124    0.5000   -1418.8050  0.6005 
   00125    0.5025   -1419.0571  0.6021 
   00126    0.4550   -1421.2760  0.6022 
   00127    0.4800   -1421.5307  0.6027 
   00128    0.5325   -1421.4374  0.6067 
   00129    0.4925   -1421.0312  0.6049 
   00130    0.4875   -1424.8041  0.6080 
   00131    0.5000   -1426.5545  0.6121 
   00132    0.4750   -1427.9451  0.6177 
   00133    0.4525   -1427.9119  0.6190 
   00134    0.4625   -1431.2373  0.6211 
   00135    0.5225   -1431.6028  0.6229 
   00136    0.5175   -1431.9056  0.6235 
   00137    0.4800   -1433.3564  0.6253 
   00138    0.4675   -1431.9821  0.6271 
   00139    0.4925   -1431.6396  0.6265 
   00140    0.4375   -1430.8278  0.6267 
   00141    0.4900   -1432.3140  0.6245 
   00142    0.4825   -1433.7495  0.6297 
   00143    0.5300   -1434.0396  0.6308 
   00144    0.4700   -1434.1036  0.6304 
   00145    0.4575   -1433.5964  0.6273 
   00146    0.5100   -1435.3465  0.6257 
   00147    0.4575   -1436.2728  0.6246 
   00148    0.5000   -1435.6100  0.6272 
   00149    0.4900   -1435.4136  0.6280 
   00150    0.4875   -1436.7344  0.6286 
   00151    0.5200   -1438.5961  0.6287 
   00152    0.4775   -1443.5754  0.6306 
   00153    0.5100   -1443.9778  0.6311 
   00154    0.5100   -1441.5173  0.6307 
   00155    0.4925   -1440.5735  0.6357 
   00156    0.4625   -1439.6298  0.6382 
   00157    0.5275   -1444.2528  0.6393 
   00158    0.4825   -1445.2803  0.6412 
   00159    0.4850   -1448.6614  0.6452 
   00160    0.5225   -1448.3494  0.6463 
   00161    0.5150   -1450.1417  0.6500 
   00162    0.4650   -1450.5638  0.6512 
   00163    0.5525   -1452.6818  0.6517 
   00164    0.5100   -1452.1964  0.6556 
   00165    0.5050   -1456.6004  0.6529 
   00166    0.4900   -1459.4086  0.6587 
   00167    0.4875   -1457.7474  0.6586 
   00168    0.5450   -1458.5968  0.6599 
   00169    0.4700   -1461.6126  0.6606 
   00170    0.5050   -1461.9554  0.6612 
   00171    0.4550   -1463.1279  0.6626 
   00172    0.5150   -1464.6602  0.6628 
   00173    0.4250   -1464.3403  0.6658 
   00174    0.4675   -1463.8535  0.6652 
   00175    0.4500   -1462.6384  0.6674 
   00176    0.5150   -1463.4036  0.6682 
   00177    0.4775   -1463.0970  0.6682 
   00178    0.4700   -1463.5641  0.6726 
   00179    0.4625   -1465.0175  0.6755 
   00180    0.4550   -1465.6133  0.6785 
   00181    0.4425   -1464.5437  0.6826 
   00182    0.4925   -1468.8638  0.6880 
   00183    0.4725   -1470.0621  0.6897 
   00184    0.5025   -1472.2428  0.6915 
   00185    0.4175   -1472.0737  0.6931 
   00186    0.5000   -1470.5167  0.6897 
   00187    0.4875   -1474.5434  0.6951 
   00188    0.4800   -1473.3226  0.6962 
   00189    0.4475   -1474.8465  0.6973 
   00190    0.5350   -1476.6059  0.6993 
   00191    0.5250   -1477.0022  0.7020 
   00192    0.4775   -1478.0239  0.7060 
   00193    0.4975   -1478.2133  0.7089 
   00194    0.4825   -1479.6018  0.7111 
   00195    0.4725   -1480.2569  0.7119 
   00196    0.5000   -1480.4237  0.7101 
   00197    0.5000   -1478.8876  0.7082 
   00198    0.4925   -1480.2045  0.7057 
   00199    0.5000   -1481.6029  0.7106 
   00200    0.4875   -1484.2379  0.7177 
   00201    0.4625   -1487.1452  0.7185 
   00202    0.4900   -1485.6307  0.7252 
   00203    0.4675   -1487.7632  0.7280 
   00204    0.4375   -1488.0909  0.7299 
   00205    0.4450   -1490.3931  0.7318 
   00206    0.5200   -1492.1578  0.7336 
   00207    0.4875   -1494.1498  0.7326 
   00208    0.5200   -1494.1239  0.7331 
   00209    0.4650   -1494.7164  0.7368 
   00210    0.4875   -1494.6037  0.7421 
   00211    0.5250   -1494.6815  0.7443 
   00212    0.4700   -1496.6916  0.7450 
   00213    0.4775   -1498.9763  0.7474 
   00214    0.4950   -1498.8763  0.7478 
   00215    0.4975   -1499.0998  0.7500 
   00216    0.4900   -1499.7355  0.7479 
   00217    0.5100   -1498.2389  0.7462 
   00218    0.4775   -1498.3510  0.7448 
   00219    0.5125   -1498.1210  0.7478 
   00220    0.5100   -1501.7559  0.7543 
   00221    0.4850   -1498.4956  0.7520 
   00222    0.4825   -1503.1335  0.7544 
   00223    0.4250   -1507.3716  0.7603 
   00224    0.4425   -1508.1025  0.7610 
   00225    0.4575   -1509.0146  0.7651 
   00226    0.5375   -1509.7071  0.7665 
   00227    0.4300   -1512.2685  0.7690 
   00228    0.4775   -1510.9200  0.7683 
   00229    0.5150   -1512.3425  0.7699 
   00230    0.4525   -1512.2739  0.7719 
   00231    0.4775   -1515.0045  0.7721 
   00232    0.4500   -1511.8355  0.7698 
   00233    0.4825   -1511.9371  0.7707 
   00234    0.4700   -1512.3469  0.7688 
   00235    0.4625   -1512.6890  0.7668 
   00236    0.5000   -1517.4445  0.7719 
   00237    0.5050   -1516.0279  0.7730 
   00238    0.4900   -1517.4077  0.7752 
   00239    0.4675   -1520.3232  0.7766 
   00240    0.4950   -1518.7626  0.7760 
   00241    0.5025   -1521.0738  0.7794 
   00242    0.4725   -1520.9057  0.7807 
   00243    0.4900   -1520.1464  0.7784 
   00244    0.5050   -1519.8086  0.7802 
   00245    0.4500   -1520.9346  0.7797 
   00246    0.4525   -1521.7938  0.7817 
   00247    0.4525   -1523.0841  0.7840 
   00248    0.4775   -1519.5647  0.7824 
   00249    0.4850   -1522.2020  0.7814 
   00250    0.4775   -1521.7301  0.7807 
   00251    0.4500   -1520.4755  0.7804 
   00252    0.4975   -1521.8409  0.7783 
   00253    0.4600   -1523.1543  0.7803 
   00254    0.4675   -1521.6707  0.7778 
   00255    0.4500   -1521.7199  0.7769 
   00256    0.4825   -1522.3143  0.7784 
   00257    0.4950   -1522.1412  0.7815 
   00258    0.4875   -1522.9085  0.7824 
   00259    0.5175   -1523.2107  0.7849 
   00260    0.4825   -1523.4743  0.7875 
   00261    0.5000   -1522.1282  0.7854 
   00262    0.4375   -1521.2772  0.7830 
   00263    0.5100   -1520.8701  0.7824 
   00264    0.4500   -1520.7140  0.7841 
   00265    0.4650   -1520.0289  0.7853 
   00266    0.4975   -1520.1951  0.7875 
   00267    0.4925   -1521.2878  0.7849 
   00268    0.5075   -1520.8955  0.7875 
   00269    0.5000   -1520.2060  0.7859 
   00270    0.4750   -1521.2696  0.7851 
   00271    0.4800   -1521.2876  0.7875 
   00272    0.4675   -1522.5917  0.7857 
   00273    0.4625   -1521.9960  0.7856 
   00274    0.4700   -1521.1107  0.7860 
   00275    0.4800   -1522.9620  0.7858 
   00276    0.4900   -1525.6237  0.7862 
   00277    0.5000   -1528.3453  0.7839 
   00278    0.4700   -1524.4987  0.7818 
   00279    0.5025   -1524.7727  0.7803 
   00280    0.4875   -1524.2623  0.7832 
   00281    0.4900   -1525.2091  0.7842 
   00282    0.4750   -1524.3819  0.7852 
   00283    0.5025   -1524.1422  0.7859 
   00284    0.5250   -1525.0384  0.7888 
   00285    0.4925   -1527.8188  0.7852 
   00286    0.4550   -1526.6603  0.7847 
   00287    0.4750   -1526.5176  0.7862 
   00288    0.4675   -1525.9854  0.7863 
   00289    0.4725   -1524.2624  0.7867 
   00290    0.4925   -1525.5230  0.7913 
   00291    0.5025   -1523.9953  0.7921 
   00292    0.5150   -1523.2405  0.7944 
   00293    0.5150   -1525.4049  0.7939 
   00294    0.4700   -1524.8919  0.7915 
   00295    0.4775   -1524.3269  0.7908 
   00296    0.5325   -1522.1973  0.7947 
   00297    0.5325   -1520.3145  0.7926 
   00298    0.4525   -1522.5502  0.7934 
   00299    0.4775   -1523.1274  0.7931 
   00300    0.5100   -1520.2677  0.7902 
   00301    0.4800   -1520.4469  0.7952 
   00302    0.4825   -1523.1448  0.7978 
   00303    0.5250   -1521.7249  0.7983 
   00304    0.4550   -1521.8474  0.7983 
   00305    0.5000   -1521.8234  0.7999 
   00306    0.4850   -1522.5609  0.8034 
   00307    0.5125   -1523.0115  0.8038 
   00308    0.4925   -1523.4723  0.8054 
   00309    0.4850   -1523.2747  0.8053 
   00310    0.5075   -1524.7054  0.8083 
   00311    0.4700   -1526.0931  0.8120 
   00312    0.4925   -1526.5697  0.8122 
   00313    0.4800   -1525.7726  0.8166 
   00314    0.4950   -1524.7339  0.8152 
   00315    0.5075   -1523.9728  0.8164 
   00316    0.4950   -1522.9088  0.8154 
   00317    0.5175   -1523.7432  0.8155 
   00318    0.4775   -1525.4321  0.8152 
   00319    0.4800   -1523.7101  0.8166 
   00320    0.4900   -1522.1449  0.8151 
   00321    0.4900   -1524.2598  0.8160 
   00322    0.4925   -1522.6802  0.8186 
   00323    0.4950   -1520.5935  0.8209 
   00324    0.4825   -1518.9966  0.8204 
   00325    0.5075   -1520.5226  0.8213 
   00326    0.4975   -1521.4111  0.8217 
   00327    0.4650   -1522.9629  0.8189 
   00328    0.4625   -1526.0151  0.8203 
   00329    0.4625   -1527.0643  0.8209 
   00330    0.5275   -1528.8011  0.8204 
   00331    0.4650   -1530.4094  0.8209 
   00332    0.4725   -1528.8897  0.8247 
   00333    0.4750   -1527.5733  0.8268 
   00334    0.5150   -1526.0276  0.8289 
   00335    0.4725   -1524.7996  0.8288 
   00336    0.4850   -1525.3734  0.8293 
   00337    0.4625   -1526.0035  0.8316 
   00338    0.5025   -1526.6065  0.8319 
   00339    0.4700   -1525.2285  0.8331 
   00340    0.5125   -1525.9262  0.8358 
   00341    0.4775   -1523.8672  0.8366 
   00342    0.4825   -1525.3169  0.8371 
   00343    0.4725   -1525.1435  0.8350 
   00344    0.4650   -1524.0415  0.8338 
   00345    0.4975   -1525.2047  0.8323 
   00346    0.4950   -1526.0792  0.8331 
   00347    0.4775   -1524.2908  0.8352 
   00348    0.4550   -1524.5918  0.8388 
   00349    0.4500   -1525.1750  0.8384 
   00350    0.5025   -1525.9012  0.8394 
   00351    0.4700   -1527.0012  0.8396 
   00352    0.4975   -1527.0551  0.8415 
   00353    0.4925   -1527.5555  0.8423 
   00354    0.4750   -1527.1118  0.8401 
   00355    0.4400   -1526.0812  0.8366 
   00356    0.5125   -1524.4673  0.8362 
   00357    0.5000   -1525.2822  0.8331 
   00358    0.4950   -1525.6459  0.8361 
   00359    0.4475   -1526.9615  0.8364 
   00360    0.4875   -1527.2326  0.8364 
   00361    0.4700   -1526.4880  0.8397 
   00362    0.4800   -1523.5165  0.8393 
   00363    0.4825   -1522.8766  0.8372 
   00364    0.4975   -1524.2927  0.8398 
   00365    0.4900   -1524.9545  0.8404 
   00366    0.4525   -1524.7902  0.8414 
   00367    0.5200   -1526.5103  0.8465 
   00368    0.4775   -1526.1909  0.8454 
   00369    0.4675   -1525.3717  0.8469 
   00370    0.4750   -1527.6061  0.8485 
   00371    0.5075   -1528.3953  0.8448 
   00372    0.4650   -1528.8755  0.8460 
   00373    0.4625   -1527.6626  0.8458 
   00374    0.5350   -1528.2366  0.8462 
   00375    0.4575   -1527.7353  0.8459 
   00376    0.4675   -1526.0796  0.8448 
   00377    0.4600   -1529.1736  0.8478 
   00378    0.4550   -1528.9255  0.8497 
   00379    0.4850   -1528.4973  0.8483 
   00380    0.5025   -1530.0922  0.8514 
   00381    0.4900   -1527.7553  0.8494 
   00382    0.5000   -1528.3326  0.8521 
   00383    0.4275   -1528.4549  0.8492 
   00384    0.4825   -1529.3490  0.8505 
   00385    0.4000   -1531.3911  0.8514 
   00386    0.5050   -1530.9919  0.8536 
   00387    0.4875   -1529.6072  0.8522 
   00388    0.4850   -1529.2835  0.8525 
   00389    0.4700   -1528.6424  0.8530 
   00390    0.5175   -1529.5016  0.8541 
   00391    0.4925   -1528.3167  0.8514 
   00392    0.4950   -1529.1554  0.8519 
   00393    0.4875   -1528.3080  0.8494 
   00394    0.4725   -1528.3136  0.8530 
   00395    0.4550   -1528.5980  0.8505 
   00396    0.4975   -1530.1807  0.8512 
   00397    0.4775   -1528.5341  0.8509 
   00398    0.4550   -1530.5769  0.8509 
   00399    0.4850   -1530.4303  0.8510 
   00400    0.4825   -1529.1535  0.8524 
   00401    0.4450   -1532.4085  0.8501 
   00402    0.4775   -1532.0715  0.8491 
   00403    0.4750   -1531.3115  0.8497 
   00404    0.4525   -1532.1118  0.8522 
   00405    0.5000   -1533.9281  0.8530 
   00406    0.5050   -1531.6023  0.8534 
   00407    0.4925   -1530.9044  0.8538 
   00408    0.4450   -1531.7490  0.8539 
   00409    0.4300   -1532.8858  0.8578 
   00410    0.5075   -1532.6450  0.8544 
   00411    0.4625   -1532.1166  0.8537 
   00412    0.4800   -1532.9095  0.8561 
   00413    0.4350   -1534.3305  0.8574 
   00414    0.5075   -1532.6877  0.8596 
   00415    0.4300   -1534.3484  0.8585 
   00416    0.5225   -1533.1298  0.8557 
   00417    0.4775   -1533.3252  0.8587 
   00418    0.4925   -1533.0879  0.8585 
   00419    0.4975   -1535.1117  0.8562 
   00420    0.5000   -1531.5084  0.8567 
   00421    0.4550   -1533.6843  0.8568 
   00422    0.4775   -1531.6129  0.8569 
   00423    0.4400   -1531.7847  0.8609 
   00424    0.5150   -1532.4220  0.8583 
   00425    0.4950   -1533.5629  0.8592 
   00426    0.4550   -1533.7963  0.8605 
   00427    0.4450   -1533.6185  0.8613 
   00428    0.4475   -1533.9509  0.8655 
   00429    0.4575   -1534.4532  0.8648 
   00430    0.4500   -1534.1938  0.8684 
   00431    0.4800   -1533.0598  0.8702 
   00432    0.4550   -1533.7084  0.8667 
   00433    0.4650   -1532.2876  0.8622 
   00434    0.4850   -1530.5960  0.8620 
   00435    0.4825   -1527.0655  0.8606 
   00436    0.4250   -1528.3198  0.8612 
   00437    0.4850   -1528.4636  0.8637 
   00438    0.5050   -1529.4762  0.8671 
   00439    0.4750   -1530.8359  0.8679 
   00440    0.4875   -1532.1230  0.8668 
   00441    0.4850   -1532.1502  0.8675 
   00442    0.4950   -1532.7303  0.8666 
   00443    0.4875   -1530.9765  0.8648 
   00444    0.4750   -1529.2070  0.8632 
   00445    0.4875   -1530.9315  0.8669 
   00446    0.4600   -1534.1064  0.8696 
   00447    0.5000   -1532.0501  0.8709 
   00448    0.4500   -1533.2414  0.8717 
   00449    0.4925   -1534.7294  0.8719 
   00450    0.4900   -1537.1435  0.8733 
   00451    0.4875   -1535.2853  0.8723 
   00452    0.5250   -1537.1360  0.8737 
   00453    0.4825   -1537.2608  0.8723 
   00454    0.4475   -1539.1521  0.8741 
   00455    0.5200   -1542.8665  0.8792 
   00456    0.4650   -1543.5668  0.8827 
   00457    0.4775   -1542.3382  0.8844 
   00458    0.5100   -1540.9306  0.8868 
   00459    0.5025   -1541.4943  0.8894 
   00460    0.4900   -1541.1475  0.8890 
   00461    0.4675   -1543.3915  0.8914 
   00462    0.4675   -1546.2729  0.8951 
   00463    0.4775   -1546.2499  0.8955 
   00464    0.4500   -1545.9719  0.8960 
   00465    0.4575   -1546.6198  0.8977 
   00466    0.4925   -1546.2227  0.8980 
   00467    0.4775   -1544.7706  0.8994 
   00468    0.4100   -1545.5884  0.8986 
   00469    0.4800   -1542.9781  0.8997 
   00470    0.5075   -1543.8429  0.8994 
   00471    0.4750   -1544.0004  0.9003 
   00472    0.4850   -1545.9059  0.9008 
   00473    0.4700   -1546.2515  0.9010 
   00474    0.4775   -1544.6694  0.9024 
   00475    0.4525   -1543.4851  0.9018 
   00476    0.4425   -1543.8271  0.9008 
   00477    0.5125   -1543.9790  0.9028 
   00478    0.4750   -1546.4975  0.9072 
   00479    0.4675   -1546.9671  0.9065 
   00480    0.4950   -1543.9953  0.9056 
   00481    0.5000   -1544.3365  0.9062 
   00482    0.4800   -1545.7777  0.9076 
   00483    0.5100   -1545.2445  0.9096 
   00484    0.4825   -1547.4277  0.9062 
   00485    0.5225   -1548.0290  0.9062 
   00486    0.4625   -1547.1293  0.9077 
   00487    0.4750   -1549.1089  0.9118 
   00488    0.4750   -1548.8933  0.9107 
   00489    0.4800   -1549.0342  0.9121 
   00490    0.4125   -1547.8748  0.9127 
   00491    0.4750   -1550.4780  0.9156 
   00492    0.4725   -1548.9918  0.9154 
   00493    0.5025   -1549.2047  0.9159 
   00494    0.4550   -1548.9271  0.9154 
   00495    0.4925   -1550.8074  0.9174 
   00496    0.4750   -1551.4963  0.9148 
   00497    0.4150   -1552.6769  0.9151 
   00498    0.4625   -1551.6313  0.9142 
   00499    0.4900   -1550.0365  0.9131 
   00500    0.4650   -1552.1500  0.9134 
   00501    0.5175   -1552.3133  0.9139 
   00502    0.4325   -1552.6838  0.9128 
   00503    0.4700   -1553.5886  0.9124 
   00504    0.4550   -1554.1634  0.9123 
   00505    0.5025   -1554.7110  0.9130 
   00506    0.4700   -1556.4074  0.9150 
   00507    0.4875   -1555.8119  0.9174 
   00508    0.5025   -1556.3323  0.9186 
   00509    0.4775   -1555.7271  0.9160 
   00510    0.4750   -1554.7888  0.9139 
   00511    0.4700   -1553.9906  0.9138 
   00512    0.4900   -1555.2976  0.9142 
   00513    0.4675   -1554.2690  0.9129 
   00514    0.4500   -1553.6671  0.9150 
   00515    0.4700   -1553.7541  0.9164 
   00516    0.4725   -1555.0743  0.9169 
   00517    0.4725   -1554.9391  0.9144 
   00518    0.4950   -1554.6480  0.9168 
   00519    0.4550   -1554.2643  0.9178 
   00520    0.4550   -1555.0447  0.9189 
   00521    0.4450   -1555.9013  0.9188 
   00522    0.4575   -1555.5475  0.9193 
   00523    0.4700   -1556.2966  0.9195 
   00524    0.5025   -1555.1854  0.9204 
   00525    0.4675   -1552.7784  0.9201 
   00526    0.4350   -1552.4157  0.9198 
   00527    0.4700   -1552.9041  0.9231 
   00528    0.4600   -1552.7114  0.9246 
   00529    0.4525   -1553.7494  0.9245 
   00530    0.4875   -1552.5845  0.9257 
   00531    0.4825   -1552.4334  0.9271 
   00532    0.5100   -1553.3913  0.9288 
   00533    0.5125   -1554.9929  0.9310 
   00534    0.4625   -1555.3079  0.9316 
   00535    0.4950   -1555.1751  0.9338 
   00536    0.4875   -1557.2202  0.9350 
   00537    0.4700   -1556.6411  0.9358 
   00538    0.4175   -1556.4382  0.9359 
   00539    0.4525   -1558.1932  0.9363 
   00540    0.4275   -1558.3826  0.9365 
   00541    0.4575   -1559.4125  0.9360 
   00542    0.4275   -1560.5320  0.9383 
   00543    0.4925   -1560.9653  0.9377 
   00544    0.5225   -1561.1277  0.9372 
   00545    0.4750   -1562.0473  0.9372 
   00546    0.4375   -1559.4782  0.9375 
   00547    0.4450   -1558.0137  0.9389 
   00548    0.4500   -1559.6511  0.9383 
   00549    0.4900   -1558.8028  0.9386 
   00550    0.4750   -1557.5517  0.9383 
   00551    0.5225   -1556.8520  0.9388 
   00552    0.4650   -1557.2486  0.9392 
   00553    0.5275   -1557.4014  0.9396 
   00554    0.4750   -1555.6655  0.9383 
   00555    0.5100   -1556.8482  0.9387 
   00556    0.4725   -1558.3656  0.9410 
   00557    0.4450   -1557.5244  0.9407 
   00558    0.5175   -1559.1016  0.9411 
   00559    0.4750   -1560.1774  0.9412 
   00560    0.4600   -1560.9938  0.9413 
   00561    0.5050   -1561.5256  0.9431 
   00562    0.4775   -1560.2508  0.9433 
   00563    0.5100   -1559.0104  0.9436 
   00564    0.5175   -1558.3799  0.9439 
   00565    0.4875   -1557.8827  0.9457 
   00566    0.4650   -1557.3225  0.9441 
   00567    0.4450   -1555.9981  0.9425 
   00568    0.4675   -1555.1127  0.9448 
   00569    0.4725   -1555.2527  0.9464 
   00570    0.4925   -1555.2056  0.9456 
   00571    0.5000   -1553.5622  0.9437 
   00572    0.4900   -1552.9276  0.9438 
   00573    0.4900   -1553.2316  0.9451 
   00574    0.4800   -1555.4513  0.9449 
   00575    0.4725   -1557.5925  0.9449 
   00576    0.4400   -1559.0232  0.9450 
   00577    0.4775   -1560.1832  0.9464 
   00578    0.4500   -1559.5570  0.9483 
   00579    0.4750   -1559.7767  0.9486 
   00580    0.4625   -1560.4347  0.9499 
   00581    0.4950   -1558.9551  0.9489 
   00582    0.4625   -1557.1730  0.9474 
   00583    0.4950   -1559.7619  0.9483 
   00584    0.4275   -1557.1390  0.9486 
   00585    0.4325   -1559.0138  0.9491 
   00586    0.4675   -1558.0692  0.9499 
   00587    0.4800   -1558.3026  0.9523 
   00588    0.4175   -1561.3170  0.9538 
   00589    0.4575   -1561.9504  0.9543 
   00590    0.4875   -1561.5151  0.9548 
   00591    0.4750   -1560.9611  0.9547 
   00592    0.4625   -1560.2068  0.9544 
   00593    0.4600   -1559.2721  0.9547 
   00594    0.4875   -1559.9492  0.9544 
   00595    0.4450   -1559.5865  0.9530 
   00596    0.4775   -1562.0053  0.9527 
   00597    0.5100   -1561.3977  0.9526 
   00598    0.4350   -1560.6377  0.9522 
   00599    0.5100   -1562.6842  0.9552 
   00600    0.4850   -1562.0447  0.9549 
   00601    0.4650   -1561.3031  0.9544 
   00602    0.4850   -1560.9330  0.9543 
   00603    0.4375   -1560.5561  0.9541 
   00604    0.4625   -1559.9681  0.9548 
   00605    0.5175   -1560.8256  0.9545 
   00606    0.5525   -1564.1763  0.9564 
   00607    0.4975   -1563.4433  0.9582 
   00608    0.4875   -1563.1380  0.9592 
   00609    0.4675   -1560.7708  0.9590 
   00610    0.4875   -1561.8973  0.9605 
   00611    0.4700   -1562.9109  0.9615 
   00612    0.5400   -1560.3627  0.9600 
   00613    0.4800   -1559.6605  0.9593 
   00614    0.4800   -1558.1569  0.9578 
   00615    0.4725   -1555.8752  0.9570 
   00616    0.4825   -1557.6031  0.9568 
   00617    0.4600   -1558.5860  0.9577 
   00618    0.4900   -1560.2857  0.9579 
   00619    0.4775   -1560.3319  0.9591 
   00620    0.4775   -1558.7710  0.9584 
   00621    0.4925   -1560.5781  0.9596 
   00622    0.4900   -1560.7623  0.9598 
   00623    0.4700   -1561.1779  0.9586 
   00624    0.4725   -1559.5849  0.9566 
   00625    0.4550   -1558.5775  0.9576 
   00626    0.4825   -1558.7866  0.9580 
   00627    0.4700   -1558.3843  0.9574 
   00628    0.5175   -1560.5393  0.9576 
   00629    0.4450   -1560.1007  0.9591 
   00630    0.4550   -1559.4390  0.9591 
   00631    0.4875   -1560.2679  0.9596 
   00632    0.5075   -1560.3110  0.9615 
   00633    0.5125   -1559.6527  0.9612 
   00634    0.4725   -1561.6213  0.9604 
   00635    0.4700   -1561.3348  0.9597 
   00636    0.4775   -1560.7307  0.9591 
   00637    0.5075   -1558.9872  0.9588 
   00638    0.4775   -1559.0281  0.9597 
   00639    0.4750   -1561.4401  0.9627 
   00640    0.5025   -1561.6270  0.9623 
   00641    0.4450   -1560.5146  0.9617 
   00642    0.5000   -1560.3701  0.9614 
   00643    0.5150   -1560.5684  0.9630 
   00644    0.4725   -1560.2962  0.9631 
   00645    0.5000   -1560.5357  0.9637 
   00646    0.4500   -1560.8038  0.9639 
   00647    0.4825   -1560.7261  0.9637 
   00648    0.4775   -1559.1497  0.9618 
   00649    0.5075   -1557.5758  0.9613 
   00650    0.4750   -1556.8709  0.9611 
   00651    0.4550   -1556.3949  0.9615 
   00652    0.4650   -1556.9494  0.9608 
   00653    0.4725   -1554.7482  0.9607 
   00654    0.4825   -1555.2278  0.9612 
   00655    0.4550   -1555.6979  0.9601 
   00656    0.5200   -1558.4131  0.9608 
   00657    0.4575   -1558.2781  0.9615 
   00658    0.4675   -1558.8985  0.9632 
   00659    0.4400   -1559.3912  0.9626 
   00660    0.5025   -1557.1898  0.9620 
   00661    0.4800   -1556.7863  0.9617 
   00662    0.4850   -1555.4853  0.9618 
   00663    0.4875   -1554.7319  0.9619 
   00664    0.4375   -1554.7141  0.9619 
   00665    0.4575   -1555.5151  0.9613 
   00666    0.4950   -1557.3716  0.9624 
   00667    0.4575   -1557.5407  0.9627 
   00668    0.5025   -1556.8612  0.9630 
   00669    0.4125   -1557.2348  0.9629 
   00670    0.5050   -1555.5174  0.9635 
   00671    0.4925   -1556.6464  0.9640 
   00672    0.4275   -1555.8930  0.9652 
   00673    0.4875   -1556.3775  0.9648 
   00674    0.4850   -1555.5706  0.9652 
   00675    0.4550   -1553.7878  0.9642 
   00676    0.4625   -1553.5467  0.9637 
   00677    0.4750   -1554.6386  0.9642 
   00678    0.4875   -1555.7914  0.9643 
   00679    0.4200   -1556.4393  0.9636 
   00680    0.4675   -1556.9513  0.9640 
   00681    0.5175   -1557.5014  0.9629 
   00682    0.4700   -1558.4954  0.9622 
   00683    0.4925   -1558.7981  0.9635 
   00684    0.5025   -1558.3347  0.9632 
   00685    0.4775   -1558.9982  0.9637 
   00686    0.4775   -1558.5149  0.9631 
   00687    0.4875   -1558.3798  0.9629 
   00688    0.4875   -1556.1584  0.9610 
   00689    0.4575   -1555.3135  0.9606 
   00690    0.4425   -1555.8730  0.9604 
   00691    0.4675   -1556.2804  0.9607 
   00692    0.5000   -1557.2196  0.9614 
   00693    0.4500   -1553.9809  0.9597 
   00694    0.4250   -1554.0881  0.9596 
   00695    0.5000   -1555.8272  0.9608 
   00696    0.4725   -1554.4069  0.9605 
   00697    0.4925   -1552.3479  0.9616 
   00698    0.4625   -1553.1752  0.9611 
   00699    0.4650   -1553.0791  0.9608 
   00700    0.5025   -1552.5935  0.9607 
   00701    0.4075   -1551.0528  0.9606 
   00702    0.4800   -1550.1367  0.9621 
   00703    0.5325   -1550.2900  0.9630 
   00704    0.4800   -1550.5127  0.9646 
   00705    0.4575   -1550.1410  0.9638 
   00706    0.4775   -1548.9640  0.9635 
   00707    0.4625   -1551.9804  0.9644 
   00708    0.4925   -1550.9042  0.9631 
   00709    0.4075   -1551.0515  0.9633 
   00710    0.4450   -1552.1525  0.9631 
   00711    0.4625   -1551.5835  0.9624 
   00712    0.4800   -1555.1353  0.9657 
   00713    0.5000   -1556.5050  0.9648 
   00714    0.4675   -1557.6162  0.9656 
   00715    0.3925   -1556.9356  0.9659 
   00716    0.4800   -1556.7375  0.9658 
   00717    0.4700   -1556.2194  0.9656 
   00718    0.5075   -1554.9774  0.9652 
   00719    0.4775   -1554.5821  0.9661 
   00720    0.4650   -1553.4293  0.9667 
   00721    0.4800   -1555.2742  0.9672 
   00722    0.4625   -1554.7647  0.9664 
   00723    0.4950   -1557.1517  0.9674 
   00724    0.4775   -1558.1086  0.9671 
   00725    0.4775   -1557.1897  0.9681 
   00726    0.4400   -1555.8778  0.9685 
   00727    0.4125   -1556.9405  0.9679 
   00728    0.4650   -1558.4220  0.9691 
   00729    0.4750   -1558.5977  0.9679 
   00730    0.4625   -1557.7235  0.9681 
   00731    0.4625   -1557.7088  0.9688 
   00732    0.4800   -1557.6067  0.9680 
   00733    0.4375   -1557.4654  0.9679 
   00734    0.4900   -1558.7777  0.9677 
   00735    0.5000   -1559.4323  0.9684 
   00736    0.4925   -1558.9370  0.9689 
   00737    0.4725   -1558.7763  0.9680 
   00738    0.4625   -1560.1680  0.9686 
   00739    0.4475   -1559.6767  0.9682 
   00740    0.4900   -1558.5915  0.9683 
   00741    0.5400   -1557.4886  0.9686 
   00742    0.5175   -1556.8924  0.9677 
   00743    0.4900   -1556.2391  0.9672 
   00744    0.4225   -1556.3358  0.9684 
   00745    0.4775   -1554.0179  0.9684 
   00746    0.4950   -1553.6674  0.9695 
   00747    0.4600   -1554.5230  0.9692 
   00748    0.5000   -1556.2936  0.9691 
   00749    0.4600   -1557.5562  0.9682 
   00750    0.4925   -1556.7770  0.9668 
   00751    0.4875   -1556.5413  0.9656 
   00752    0.5075   -1558.0753  0.9674 
   00753    0.5025   -1558.7969  0.9685 
   00754    0.4800   -1558.7239  0.9677 
   00755    0.4950   -1559.8639  0.9673 
   00756    0.4700   -1558.1306  0.9665 
   00757    0.4975   -1557.7882  0.9660 
   00758    0.5000   -1557.3390  0.9652 
   00759    0.4725   -1556.6099  0.9648 
   00760    0.4650   -1558.1826  0.9653 
   00761    0.5000   -1558.3193  0.9650 
   00762    0.4750   -1557.0309  0.9649 
   00763    0.4600   -1556.5295  0.9649 
   00764    0.4875   -1556.5278  0.9668 
   00765    0.4875   -1557.4555  0.9657 
   00766    0.4825   -1557.8930  0.9661 
   00767    0.4675   -1555.9736  0.9661 
   00768    0.4950   -1555.9318  0.9648 
   00769    0.4900   -1555.8662  0.9653 
   00770    0.4975   -1556.0133  0.9647 
   00771    0.4725   -1554.1976  0.9648 
   00772    0.4350   -1554.2225  0.9644 
   00773    0.4625   -1556.3283  0.9658 
   00774    0.4725   -1554.9362  0.9656 
   00775    0.4675   -1555.9626  0.9649 
   00776    0.5150   -1556.1007  0.9665 
   00777    0.4725   -1555.9850  0.9670 
   00778    0.4725   -1556.2076  0.9682 
   00779    0.4900   -1556.2830  0.9687 
   00780    0.4750   -1555.6339  0.9695 
   00781    0.4850   -1555.0778  0.9699 
   00782    0.4425   -1554.2668  0.9703 
   00783    0.4850   -1556.4020  0.9713 
   00784    0.4425   -1557.2638  0.9716 
   00785    0.4800   -1557.3757  0.9712 
   00786    0.4650   -1558.1833  0.9719 
   00787    0.4650   -1558.2890  0.9705 
   00788    0.4325   -1558.8827  0.9709 
   00789    0.4525   -1559.7530  0.9699 
   00790    0.4825   -1560.4223  0.9707 
   00791    0.4450   -1560.7410  0.9704 
   00792    0.4700   -1560.7428  0.9713 
   00793    0.4325   -1558.9128  0.9709 
   00794    0.4575   -1559.7274  0.9703 
   00795    0.5075   -1561.3006  0.9716 
   00796    0.4400   -1561.0225  0.9728 
   00797    0.5000   -1560.5409  0.9734 
   00798    0.4400   -1560.4336  0.9732 
   00799    0.4825   -1561.4481  0.9737 
   00800    0.4675   -1561.3433  0.9728 
   00801    0.4825   -1561.2102  0.9733 
   00802    0.4750   -1562.9903  0.9730 
   00803    0.4650   -1564.2000  0.9737 
   00804    0.5050   -1564.6549  0.9738 
   00805    0.4475   -1564.7475  0.9736 
   00806    0.4900   -1564.5086  0.9728 
   00807    0.5125   -1564.0094  0.9729 
   00808    0.4350   -1564.6656  0.9732 
   00809    0.4700   -1564.8494  0.9732 
   00810    0.4900   -1565.9640  0.9739 
   00811    0.4825   -1562.0607  0.9726 
   00812    0.4700   -1561.1696  0.9721 
   00813    0.4600   -1561.9963  0.9727 
   00814    0.5100   -1560.6041  0.9735 
   00815    0.4775   -1562.2057  0.9736 
   00816    0.5025   -1562.9553  0.9746 
   00817    0.4400   -1562.7394  0.9736 
   00818    0.5250   -1562.3519  0.9740 
   00819    0.4625   -1561.5745  0.9747 
   00820    0.5375   -1561.1850  0.9744 
   00821    0.4600   -1560.8218  0.9738 
   00822    0.4800   -1563.8913  0.9744 
   00823    0.4650   -1561.0479  0.9727 
   00824    0.4650   -1562.1598  0.9733 
   00825    0.4350   -1560.9435  0.9734 
   00826    0.4800   -1560.5218  0.9735 
   00827    0.5075   -1559.1435  0.9717 
   00828    0.4675   -1560.5973  0.9715 
   00829    0.4900   -1559.3612  0.9713 
   00830    0.4775   -1559.9479  0.9694 
   00831    0.4525   -1560.0547  0.9685 
   00832    0.4200   -1560.4018  0.9685 
   00833    0.5325   -1561.2475  0.9685 
   00834    0.4550   -1560.5105  0.9680 
   00835    0.4575   -1560.4399  0.9676 
   00836    0.4525   -1559.8691  0.9695 
   00837    0.4825   -1560.2142  0.9698 
   00838    0.4875   -1561.1361  0.9705 
   00839    0.4950   -1561.2081  0.9699 
   00840    0.4450   -1559.9116  0.9702 
   00841    0.4875   -1560.0396  0.9718 
   00842    0.4475   -1559.3480  0.9722 
   00843    0.4525   -1559.3955  0.9719 
   00844    0.4800   -1559.2566  0.9724 
   00845    0.4450   -1559.6335  0.9714 
   00846    0.4900   -1560.0782  0.9713 
   00847    0.4825   -1561.5231  0.9720 
   00848    0.4525   -1558.8798  0.9708 
   00849    0.4350   -1559.3971  0.9706 
   00850    0.5150   -1560.0532  0.9709 
   00851    0.4600   -1559.3680  0.9705 
   00852    0.4525   -1557.9253  0.9697 
   00853    0.4725   -1557.3345  0.9698 
   00854    0.4900   -1559.1929  0.9714 
   00855    0.4750   -1558.4251  0.9711 
   00856    0.4775   -1557.8873  0.9702 
   00857    0.4950   -1558.6106  0.9709 
   00858    0.5025   -1558.3917  0.9723 
   00859    0.4750   -1558.1361  0.9719 
   00860    0.4650   -1558.8091  0.9722 
   00861    0.4025   -1561.0472  0.9739 
   00862    0.4500   -1560.0344  0.9735 
   00863    0.5200   -1558.3232  0.9729 
   00864    0.4675   -1559.5566  0.9734 
   00865    0.4325   -1560.1863  0.9728 
   00866    0.4725   -1560.9006  0.9722 
   00867    0.4750   -1563.5808  0.9736 
   00868    0.4775   -1563.9915  0.9733 
   00869    0.4725   -1564.1696  0.9736 
   00870    0.4675   -1563.9108  0.9732 
   00871    0.4625   -1562.0812  0.9724 
   00872    0.4850   -1561.7518  0.9714 
   00873    0.4450   -1562.3050  0.9713 
   00874    0.4700   -1559.1583  0.9694 
   00875    0.4950   -1559.3766  0.9698 
   00876    0.4525   -1559.3900  0.9704 
   00877    0.4525   -1559.2764  0.9709 
   00878    0.4650   -1560.4425  0.9715 
   00879    0.4600   -1559.6468  0.9717 
   00880    0.4450   -1558.7297  0.9718 
   00881    0.4825   -1557.1350  0.9707 
   00882    0.4550   -1557.7427  0.9700 
   00883    0.4650   -1556.3943  0.9687 
   00884    0.4400   -1556.4542  0.9687 
   00885    0.4675   -1556.3892  0.9688 
   00886    0.5175   -1556.2603  0.9683 
   00887    0.5250   -1556.8318  0.9698 
   00888    0.4550   -1556.3314  0.9698 
   00889    0.4825   -1558.9572  0.9707 
   00890    0.5050   -1561.4604  0.9711 
   00891    0.4650   -1562.1450  0.9714 
   00892    0.4475   -1560.2125  0.9718 
   00893    0.5200   -1559.9998  0.9721 
   00894    0.5050   -1560.1073  0.9729 
   00895    0.4900   -1561.8927  0.9732 
   00896    0.5400   -1561.5311  0.9733 
   00897    0.4625   -1560.1980  0.9734 
   00898    0.4500   -1563.8210  0.9732 
   00899    0.4750   -1560.5399  0.9733 
   00900    0.4325   -1557.8210  0.9721 
   00901    0.4375   -1556.6156  0.9708 
   00902    0.4850   -1554.5538  0.9704 
   00903    0.4275   -1554.0983  0.9700 
   00904    0.4750   -1554.7347  0.9706 
   00905    0.4800   -1554.9857  0.9706 
   00906    0.5100   -1557.7033  0.9714 
   00907    0.4525   -1558.4028  0.9713 
   00908    0.5000   -1559.1031  0.9723 
   00909    0.4750   -1559.5575  0.9735 
   00910    0.4625   -1559.6649  0.9735 
   00911    0.5150   -1559.4519  0.9734 
   00912    0.4775   -1558.7041  0.9731 
   00913    0.4725   -1558.8699  0.9738 
   00914    0.4900   -1559.8882  0.9745 
   00915    0.4450   -1561.4703  0.9744 
   00916    0.5050   -1562.1718  0.9747 
   00917    0.4675   -1564.2395  0.9749 
   00918    0.4925   -1564.7286  0.9742 
   00919    0.4500   -1563.0730  0.9740 
   00920    0.4875   -1565.1203  0.9736 
   00921    0.5000   -1563.8702  0.9725 
   00922    0.4850   -1564.7377  0.9726 
   00923    0.4650   -1565.0510  0.9732 
   00924    0.4425   -1566.5748  0.9745 
   00925    0.5075   -1564.4922  0.9738 
   00926    0.4600   -1562.7972  0.9742 
   00927    0.4750   -1563.1518  0.9738 
   00928    0.4625   -1561.4232  0.9741 
   00929    0.4575   -1560.4251  0.9728 
   00930    0.4700   -1559.2794  0.9733 
   00931    0.5000   -1559.1774  0.9732 
   00932    0.4475   -1559.3036  0.9720 
   00933    0.4825   -1557.0441  0.9716 
   00934    0.4500   -1559.2299  0.9715 
   00935    0.4850   -1560.1898  0.9715 
   00936    0.5025   -1557.4918  0.9695 
   00937    0.4475   -1559.1382  0.9699 
   00938    0.4550   -1559.2793  0.9693 
   00939    0.5175   -1559.9557  0.9698 
   00940    0.4675   -1560.9045  0.9711 
   00941    0.5000   -1557.9765  0.9707 
   00942    0.5125   -1557.1920  0.9706 
   00943    0.4550   -1556.4203  0.9705 
   00944    0.4725   -1557.6125  0.9706 
   00945    0.5025   -1555.2547  0.9697 
   00946    0.5000   -1555.1024  0.9707 
   00947    0.5000   -1556.8855  0.9709 
   00948    0.4975   -1558.0440  0.9717 
   00949    0.5050   -1557.0771  0.9723 
   00950    0.5000   -1557.7537  0.9720 
   00951    0.4875   -1558.4619  0.9728 
   00952    0.4525   -1559.6527  0.9730 
   00953    0.4575   -1559.1485  0.9728 
   00954    0.4425   -1558.5855  0.9725 
   00955    0.4750   -1557.9983  0.9731 
   00956    0.5275   -1558.8968  0.9736 
   00957    0.4800   -1557.6701  0.9748 
   00958    0.4425   -1557.9171  0.9751 
   00959    0.5025   -1558.1364  0.9736 
   00960    0.4375   -1558.6757  0.9738 
   00961    0.4925   -1559.8026  0.9734 
   00962    0.4700   -1560.4285  0.9742 
   00963    0.4725   -1557.7667  0.9733 
   00964    0.5100   -1557.4453  0.9722 
   00965    0.4525   -1556.2451  0.9724 
   00966    0.4925   -1557.0405  0.9716 
   00967    0.4325   -1556.6372  0.9716 
   00968    0.4800   -1554.9333  0.9715 
   00969    0.4775   -1555.5614  0.9702 
   00970    0.4675   -1558.0632  0.9711 
   00971    0.4525   -1558.7335  0.9700 
   00972    0.4950   -1557.8729  0.9699 
   00973    0.4650   -1557.6918  0.9697 
   00974    0.5050   -1556.8952  0.9709 
   00975    0.4475   -1556.0276  0.9705 
   00976    0.4875   -1556.4231  0.9707 
   00977    0.5000   -1555.9827  0.9713 
   00978    0.5175   -1556.3939  0.9714 
   00979    0.4975   -1556.3246  0.9720 
   00980    0.4450   -1557.1246  0.9738 
   00981    0.4850   -1558.7502  0.9743 
   00982    0.4775   -1560.2409  0.9754 
   00983    0.4725   -1560.0691  0.9747 
   00984    0.4675   -1560.2351  0.9747 
   00985    0.4675   -1560.6571  0.9745 
   00986    0.4625   -1563.2445  0.9747 
   00987    0.5025   -1561.0968  0.9745 
   00988    0.4975   -1558.6099  0.9733 
   00989    0.4450   -1558.8546  0.9733 
   00990    0.4950   -1557.4281  0.9722 
   00991    0.4825   -1559.1032  0.9741 
   00992    0.4475   -1559.9295  0.9743 
   00993    0.4675   -1559.3449  0.9742 
   00994    0.4625   -1558.3993  0.9740 
   00995    0.4700   -1556.5232  0.9731 
   00996    0.4900   -1555.8482  0.9719 
   00997    0.4600   -1556.5932  0.9707 
   00998    0.4925   -1557.5325  0.9708 
   00999    0.4875   -1557.1145  0.9706 
   01000    0.4650   -1558.1729  0.9712 
