#=====================================================
# File created:        Wed-05-Nov-2025-at-03-20-44AM
# Size of lattice:     20x20
# Number of MC steps:  1000
# Reduced temperature: 0.250
# Run time (s):        2.993241
#=====================================================
# MC step:  Ratio:     Energy:   Order:
#=====================================================
   00000    0.5000    -338.6775  0.2607 
   00001    0.5250    -400.1155  0.2749 
   00002    0.5325    -454.8800  0.2847 
   00003    0.5150    -500.1202  0.2837 
   00004    0.5650    -536.8893  0.2865 
   00005    0.5350    -608.6923  0.3138 
   00006    0.4900    -647.5240  0.2998 
   00007    0.5650    -685.9817  0.3068 
   00008    0.5400    -729.0210  0.3117 
   00009    0.4850    -752.0524  0.3083 
   00010    0.5275    -784.3694  0.3136 
   00011    0.4825    -805.8213  0.3190 
   00012    0.4375    -827.8375  0.3311 
   00013    0.4275    -846.1467  0.3446 
   00014    0.4875    -877.2748  0.3558 
   00015    0.4900    -880.0519  0.3586 
   00016    0.4725    -914.4929  0.3632 
   00017    0.4975    -937.3626  0.3684 
   00018    0.5500    -956.3668  0.3773 
   00019    0.4875    -971.9215  0.3852 
   00020    0.5250    -975.6874  0.3915 
   00021    0.5275   -1007.5644  0.3951 
   00022    0.5000   -1020.0426  0.4026 
   00023    0.5100   -1041.0416  0.4127 
   00024    0.5175   -1046.5727  0.4147 
   00025    0.5100   -1059.8012  0.4126 
   00026    0.5125   -1061.3029  0.4137 
   00027    0.5075   -1081.5395  0.4158 
   00028    0.4850   -1097.9649  0.4256 
   00029    0.4600   -1113.4377  0.4426 
   00030    0.4250   -1116.8389  0.4419 
   00031    0.5250   -1124.9372  0.4421 
   00032    0.4475   -1138.3804  0.4397 
   00033    0.4875   -1149.5020  0.4502 
   00034    0.4875   -1152.7720  0.4460 
   00035    0.4475   -1161.9949  0.4484 
   00036    0.4700   -1171.7802  0.4523 
   00037    0.5075   -1177.4837  0.4549 
   00038    0.4675   -1182.9139  0.4511 
   00039    0.4925   -1186.8294  0.4579 
   00040    0.5125   -1196.6006  0.4591 
   00041    0.4550   -1194.9480  0.4543 
   00042    0.4575   -1203.0264  0.4504 
   00043    0.5150   -1210.7476  0.4599 
   00044    0.4875   -1219.1190  0.4663 
   00045    0.4775   -1216.1087  0.4645 
   00046    0.4900   -1217.2052  0.4690 
   00047    0.4625   -1223.5616  0.4769 
   00048    0.4125   -1231.5950  0.4713 
   00049    0.5100   -1235.5464  0.4725 
   00050    0.4675   -1243.7924  0.4785 
   00051    0.4775   -1239.4507  0.4791 
   00052    0.4975   -1246.3465  0.4834 
   00053    0.4550   -1245.9464  0.4846 
   00054    0.4625   -1248.8050  0.4963 
   00055    0.5000   -1252.8306  0.5000 
   00056    0.5000   -1257.2388  0.5016 
   00057    0.4950   -1258.7119  0.5032 
   00058    0.5050   -1260.5197  0.5027 
   00059    0.4475   -1265.2782  0.5065 
   00060    0.4625   -1266.1572  0.5054 
   00061    0.4650   -1266.8067  0.5064 
   00062    0.5000   -1269.8727  0.4993 
   00063    0.4950   -1269.7536  0.4914 
   00064    0.5125   -1269.1249  0.4865 
   00065    0.5200   -1269.1336  0.4895 
   00066    0.5225   -1275.7086  0.4910 
   00067    0.4800   -1277.4072  0.4882 
   00068    0.4525   -1280.0158  0.4842 
   00069    0.4775   -1290.6225  0.4888 
   00070    0.4975   -1293.2289  0.4881 
   00071    0.5000   -1286.9315  0.4884 
   00072    0.4900   -1292.5660  0.4844 
   00073    0.4950   -1295.8760  0.4859 
   00074    0.4850   -1295.6372  0.4835 
   00075    0.5025   -1300.2709  0.4858 
   00076    0.4925   -1303.5346  0.4901 
   00077    0.4675   -1312.3650  0.4910 
   00078    0.4500   -1314.7569  0.4931 
   00079    0.5050   -1319.4799  0.5016 
   00080    0.5350   -1325.4214  0.4836 
   00081    0.4425   -1323.5197  0.4906 
   00082    0.4525   -1329.2129  0.4918 
   00083    0.4575   -1329.7350  0.4888 
   00084    0.4450   -1332.2571  0.4818 
   00085    0.4700   -1331.9388  0.4867 
   00086    0.4550   -1330.8157  0.4882 
   00087    0.4850   -1333.2670  0.4932 
   00088    0.4850   -1333.3063  0.4919 
   00089    0.4800   -1333.3286  0.4917 
   00090    0.4525   -1331.9907  0.4965 
   00091    0.4800   -1336.7655  0.4970 
   00092    0.4400   -1336.1457  0.4975 
   00093    0.4325   -1342.8684  0.5002 
   00094    0.4875   -1340.5333  0.5089 
   00095    0.4725   -1346.2641  0.5150 
   00096    0.4750   -1346.2596  0.5197 
   00097    0.4375   -1349.3285  0.5170 
   00098    0.4550   -1349.2669  0.5288 
   00099    0.4550   -1340.6321  0.5305 
   00100    0.4700   -1341.9325  0.5310 
   00101    0.4925   -1339.0268  0.5353 
   00102    0.4525   -1344.0679  0.5377 
   00103    0.4675   -1343.8928  0.5361 
   00104    0.5050   -1341.0769  0.5350 
   00105    0.4675   -1346.6985  0.5364 
   00106    0.4550   -1342.6081  0.5329 
   00107    0.4675   -1342.1899  0.5376 
   00108    0.4975   -1347.7685  0.5324 
   00109    0.5200   -1351.0605  0.5386 
   00110    0.4375   -1356.7106  0.5383 
   00111    0.4850   -1351.9063  0.5391 
   00112    0.4650   -1354.0872  0.5417 
   00113    0.4875   -1357.1291  0.5422 
   00114    0.4450   -1359.6820  0.5423 
   00115    0.4900   -1362.4435  0.5460 
   00116    0.5375   -1360.4516  0.5468 
   00117    0.4400   -1366.6788  0.5473 
   00118    0.4850   -1368.7523  0.5515 
   00119    0.4950   -1372.6562  0.5504 
   00120    0.4050   -1370.3455  0.5515 
   00121    0.4875   -1368.1284  0.5563 
   00122    0.4450   -1368.3035  0.5551 
   00123    0.4750   -1372.0683  0.5583 
   00124    0.4150   -1373.1564  0.5547 
   00125    0.4425   -1376.5695  0.5576 
   00126    0.5200   -1378.9395  0.5596 
   00127    0.4725   -1384.7904  0.5642 
   00128    0.5425   -1388.0086  0.5623 
   00129    0.5025   -1383.5857  0.5618 
   00130    0.4675   -1383.0634  0.5604 
   00131    0.5025   -1379.3496  0.5585 
   00132    0.4775   -1377.8314  0.5535 
   00133    0.4725   -1375.2850  0.5544 
   00134    0.4925   -1377.5933  0.5568 
   00135    0.4550   -1382.4027  0.5608 
   00136    0.4450   -1385.7138  0.5622 
   00137    0.4750   -1388.8515  0.5602 
   00138    0.5325   -1387.4726  0.5606 
   00139    0.4550   -1384.5286  0.5586 
   00140    0.4650   -1382.0570  0.5596 
   00141    0.4425   -1378.4235  0.5581 
   00142    0.4550   -1385.0259  0.5567 
   00143    0.4725   -1393.3852  0.5619 
   00144    0.4675   -1392.1893  0.5587 
   00145    0.4875   -1391.0517  0.5598 
   00146    0.4775   -1390.0102  0.5621 
   00147    0.4975   -1390.9675  0.5590 
   00148    0.4775   -1391.2431  0.5642 
   00149    0.4700   -1390.4860  0.5692 
   00150    0.4925   -1392.6683  0.5695 
   00151    0.4350   -1389.8596  0.5686 
   00152    0.4575   -1386.3335  0.5628 
   00153    0.4825   -1386.2747  0.5671 
   00154    0.4550   -1386.9772  0.5568 
   00155    0.4950   -1388.9825  0.5558 
   00156    0.4975   -1393.1466  0.5601 
   00157    0.4700   -1399.0096  0.5666 
   00158    0.4575   -1402.7712  0.5712 
   00159    0.4850   -1406.8388  0.5751 
   00160    0.4550   -1409.9397  0.5764 
   00161    0.4925   -1404.6754  0.5707 
   00162    0.4900   -1405.5375  0.5738 
   00163    0.4275   -1404.2008  0.5757 
   00164    0.4825   -1405.5803  0.5804 
   00165    0.4650   -1399.9979  0.5795 
   00166    0.4525   -1398.6134  0.5780 
   00167    0.4725   -1405.7071  0.5800 
   00168    0.4425   -1405.4958  0.5806 
   00169    0.4350   -1408.8758  0.5856 
   00170    0.4150   -1403.0089  0.5854 
   00171    0.4875   -1403.7898  0.5950 
   00172    0.4025   -1403.2010  0.5978 
   00173    0.5150   -1397.4191  0.5984 
   00174    0.4250   -1400.7400  0.6023 
   00175    0.4775   -1402.0096  0.6017 
   00176    0.4625   -1405.4968  0.6045 
   00177    0.5125   -1404.3773  0.6042 
   00178    0.4775   -1403.3559  0.5993 
   00179    0.4575   -1403.7952  0.5965 
   00180    0.4500   -1405.5014  0.5985 
   00181    0.4650   -1403.7591  0.6006 
   00182    0.4625   -1406.5958  0.5946 
   00183    0.4825   -1405.4957  0.5873 
   00184    0.4550   -1410.9949  0.5902 
   00185    0.4650   -1409.8742  0.5881 
   00186    0.4325   -1412.0716  0.5899 
   00187    0.5125   -1416.9575  0.5903 
   00188    0.4625   -1416.5693  0.5878 
   00189    0.4600   -1419.0397  0.5868 
   00190    0.4800   -1417.6840  0.5811 
   00191    0.4975   -1410.7426  0.5783 
   00192    0.4900   -1412.2067  0.5879 
   00193    0.4550   -1412.9020  0.5868 
   00194    0.4500   -1411.3678  0.5863 
   00195    0.4950   -1410.1030  0.5930 
   00196    0.4700   -1414.1525  0.5946 
   00197    0.4950   -1409.1771  0.5871 
   00198    0.4800   -1413.6497  0.5871 
   00199    0.4675   -1416.0662  0.5922 
   00200    0.4725   -1415.0014  0.5891 
   00201    0.4700   -1418.5410  0.5911 
   00202    0.4725   -1419.5072  0.5896 
   00203    0.4475   -1416.4876  0.5892 
   00204    0.4725   -1417.9263  0.5902 
   00205    0.4025   -1409.8792  0.5931 
   00206    0.4775   -1404.4273  0.5936 
   00207    0.4375   -1403.5653  0.5946 
   00208    0.4750   -1399.9117  0.5976 
   00209    0.4800   -1403.7907  0.5937 
   00210    0.4875   -1401.7824  0.5945 
   00211    0.4475   -1399.7627  0.5967 
   00212    0.4550   -1404.8674  0.5988 
   00213    0.5100   -1404.1058  0.5941 
   00214    0.4325   -1402.4255  0.5933 
   00215    0.4525   -1401.3747  0.5948 
   00216    0.4600   -1398.7265  0.5920 
   00217    0.4350   -1401.3430  0.5897 
   00218    0.4525   -1395.0540  0.5921 
   00219    0.4600   -1401.6357  0.5980 
   00220    0.4575   -1406.8232  0.5993 
   00221    0.4250   -1407.1626  0.6076 
   00222    0.4400   -1405.1178  0.6008 
   00223    0.4650   -1405.4977  0.6092 
   00224    0.4700   -1410.7032  0.6191 
   00225    0.4200   -1411.5647  0.6204 
   00226    0.4525   -1411.7393  0.6215 
   00227    0.4425   -1407.6807  0.6261 
   00228    0.4575   -1408.8428  0.6299 
   00229    0.5100   -1406.3210  0.6286 
   00230    0.4400   -1406.3242  0.6242 
   00231    0.4475   -1397.0159  0.6164 
   00232    0.4925   -1398.0554  0.6107 
   00233    0.4675   -1395.5369  0.6109 
   00234    0.4975   -1394.8941  0.6114 
   00235    0.5000   -1401.2621  0.6130 
   00236    0.4525   -1404.4423  0.6136 
   00237    0.4575   -1402.6930  0.6131 
   00238    0.4775   -1406.4984  0.6106 
   00239    0.4475   -1402.0800  0.6066 
   00240    0.4250   -1407.4049  0.6084 
   00241    0.4925   -1405.9508  0.6053 
   00242    0.4350   -1407.7567  0.6084 
   00243    0.5050   -1409.7450  0.6088 
   00244    0.4400   -1410.9741  0.6133 
   00245    0.4175   -1409.0628  0.6196 
   00246    0.4650   -1409.6158  0.6244 
   00247    0.4075   -1409.7433  0.6245 
   00248    0.4025   -1408.9011  0.6292 
   00249    0.5300   -1411.8380  0.6242 
   00250    0.4875   -1413.8645  0.6238 
   00251    0.4900   -1420.6844  0.6272 
   00252    0.4500   -1418.3856  0.6266 
   00253    0.4875   -1415.1245  0.6231 
   00254    0.4875   -1415.2401  0.6260 
   00255    0.4800   -1411.7756  0.6269 
   00256    0.4900   -1414.9351  0.6249 
   00257    0.4425   -1414.7325  0.6259 
   00258    0.4500   -1410.8504  0.6216 
   00259    0.4375   -1410.7708  0.6288 
   00260    0.4675   -1415.2234  0.6310 
   00261    0.4950   -1420.3856  0.6290 
   00262    0.4750   -1415.0863  0.6251 
   00263    0.4450   -1418.6098  0.6188 
   00264    0.4525   -1417.1399  0.6206 
   00265    0.4500   -1411.6604  0.6167 
   00266    0.4775   -1410.1198  0.6211 
   00267    0.4450   -1413.5061  0.6187 
   00268    0.4725   -1417.0326  0.6193 
   00269    0.4600   -1418.5121  0.6213 
   00270    0.4500   -1414.3135  0.6211 
   00271    0.3975   -1414.2513  0.6209 
   00272    0.4950   -1419.0914  0.6257 
   00273    0.4475   -1418.1032  0.6286 
   00274    0.4650   -1418.9496  0.6310 
   00275    0.4575   -1413.1992  0.6281 
   00276    0.4950   -1416.4678  0.6290 
   00277    0.4550   -1418.3201  0.6257 
   00278    0.4950   -1416.8134  0.6299 
   00279    0.4475   -1417.0570  0.6308 
   00280    0.4400   -1419.8609  0.6314 
   00281    0.4750   -1424.2334  0.6348 
   00282    0.4400   -1418.3312  0.6337 
   00283    0.4275   -1408.1507  0.6296 
   00284    0.4125   -1410.1498  0.6354 
   00285    0.4325   -1411.5536  0.6421 
   00286    0.4550   -1410.2371  0.6415 
   00287    0.4950   -1417.6422  0.6406 
   00288    0.4675   -1416.6018  0.6404 
   00289    0.5025   -1416.5295  0.6409 
   00290    0.4225   -1414.3064  0.6380 
   00291    0.4475   -1416.2161  0.6367 
   00292    0.4250   -1419.1950  0.6414 
   00293    0.5375   -1418.1549  0.6421 
   00294    0.4850   -1422.5352  0.6446 
   00295    0.4550   -1419.7719  0.6476 
   00296    0.4575   -1418.7861  0.6503 
   00297    0.4850   -1409.3033  0.6466 
   00298    0.4650   -1405.9023  0.6444 
   00299    0.4500   -1406.7436  0.6445 
   00300    0.4875   -1408.6411  0.6402 
   00301    0.4325   -1415.4184  0.6435 
   00302    0.4525   -1416.9920  0.6455 
   00303    0.4675   -1419.0556  0.6502 
   00304    0.4600   -1416.2784  0.6471 
   00305    0.4900   -1422.7480  0.6428 
   00306    0.4125   -1425.4579  0.6500 
   00307    0.4600   -1426.0964  0.6499 
   00308    0.4450   -1424.6813  0.6516 
   00309    0.4825   -1418.7001  0.6467 
   00310    0.4625   -1423.5406  0.6409 
   00311    0.4500   -1423.7107  0.6361 
   00312    0.4725   -1419.8881  0.6335 
   00313    0.4525   -1420.6441  0.6331 
   00314    0.4550   -1419.8235  0.6355 
   00315    0.4725   -1418.9049  0.6296 
   00316    0.4425   -1416.0004  0.6284 
   00317    0.4275   -1421.4906  0.6299 
   00318    0.4500   -1427.1262  0.6281 
   00319    0.4850   -1426.2555  0.6288 
   00320    0.4700   -1419.1676  0.6283 
   00321    0.4750   -1418.7869  0.6290 
   00322    0.4875   -1417.2366  0.6263 
   00323    0.4650   -1415.2285  0.6238 
   00324    0.5100   -1416.6503  0.6250 
   00325    0.4350   -1417.2070  0.6223 
   00326    0.4300   -1419.8124  0.6256 
   00327    0.4600   -1423.0995  0.6242 
   00328    0.4275   -1427.4703  0.6272 
   00329    0.4800   -1432.7876  0.6307 
   00330    0.5400   -1429.8877  0.6371 
   00331    0.4525   -1429.2431  0.6342 
   00332    0.4275   -1431.6465  0.6362 
   00333    0.4700   -1429.5984  0.6336 
   00334    0.4700   -1426.7782  0.6294 
   00335    0.4325   -1431.2493  0.6319 
   00336    0.4600   -1427.5088  0.6260 
   00337    0.4700   -1430.0062  0.6284 
   00338    0.4850   -1429.9241  0.6172 
   00339    0.4550   -1427.5122  0.6194 
   00340    0.4775   -1429.9027  0.6191 
   00341    0.4600   -1423.1943  0.6192 
   00342    0.4775   -1417.8311  0.6098 
   00343    0.4400   -1416.9938  0.6100 
   00344    0.4825   -1418.2982  0.6141 
   00345    0.4600   -1420.9491  0.6133 
   00346    0.4550   -1420.1873  0.6098 
   00347    0.4675   -1426.6085  0.6094 
   00348    0.4525   -1428.6972  0.6084 
   00349    0.4575   -1432.5712  0.6021 
   00350    0.5175   -1431.9070  0.6024 
   00351    0.4625   -1430.9780  0.6009 
   00352    0.4600   -1427.5018  0.6063 
   00353    0.4700   -1429.9546  0.6086 
   00354    0.4250   -1432.3179  0.6106 
   00355    0.4775   -1429.3517  0.6079 
   00356    0.4600   -1430.6736  0.6110 
   00357    0.4775   -1429.8680  0.6146 
   00358    0.4375   -1431.1641  0.6167 
   00359    0.4625   -1432.0264  0.6142 
   00360    0.4950   -1431.2028  0.6156 
   00361    0.4750   -1429.9646  0.6112 
   00362    0.5100   -1435.7272  0.6106 
   00363    0.4450   -1434.7665  0.6099 
   00364    0.4850   -1436.7064  0.6073 
   00365    0.4875   -1436.1543  0.6108 
   00366    0.4700   -1435.3509  0.6100 
   00367    0.4875   -1439.6308  0.6198 
   00368    0.4625   -1435.2262  0.6212 
   00369    0.4575   -1432.2427  0.6193 
   00370    0.4750   -1432.6327  0.6144 
   00371    0.4475   -1433.2742  0.6179 
   00372    0.5100   -1429.9715  0.6180 
   00373    0.4800   -1427.6080  0.6165 
   00374    0.5375   -1430.2941  0.6182 
   00375    0.4625   -1430.7778  0.6147 
   00376    0.4750   -1430.3437  0.6162 
   00377    0.4675   -1429.7709  0.6130 
   00378    0.5150   -1431.4459  0.6117 
   00379    0.4500   -1429.2075  0.6141 
   00380    0.4900   -1422.3740  0.6054 
   00381    0.4625   -1424.8134  0.6050 
   00382    0.4600   -1419.1562  0.6059 
   00383    0.4750   -1419.0266  0.6036 
   00384    0.4800   -1424.9615  0.5979 
   00385    0.4275   -1425.4996  0.5989 
   00386    0.4750   -1425.6793  0.6014 
   00387    0.4950   -1426.6258  0.6087 
   00388    0.4350   -1424.1437  0.6080 
   00389    0.4550   -1424.1878  0.6112 
   00390    0.4700   -1423.2018  0.6108 
   00391    0.4725   -1424.6374  0.6159 
   00392    0.4550   -1427.9557  0.6146 
   00393    0.4775   -1426.8822  0.6144 
   00394    0.4925   -1429.3395  0.6110 
   00395    0.4750   -1439.2907  0.6110 
   00396    0.4500   -1436.0875  0.6055 
   00397    0.4725   -1438.6541  0.6071 
   00398    0.4450   -1443.2883  0.6064 
   00399    0.4750   -1436.8937  0.6078 
   00400    0.4800   -1439.6878  0.6120 
   00401    0.4850   -1441.1268  0.6108 
   00402    0.4550   -1443.1155  0.6103 
   00403    0.4325   -1442.8271  0.6131 
   00404    0.4750   -1440.0750  0.6136 
   00405    0.4325   -1442.7935  0.6144 
   00406    0.5300   -1439.3108  0.6120 
   00407    0.4175   -1438.7041  0.6163 
   00408    0.4900   -1443.6270  0.6192 
   00409    0.4500   -1439.7745  0.6172 
   00410    0.4975   -1436.7020  0.6172 
   00411    0.4500   -1435.8972  0.6189 
   00412    0.4375   -1436.0605  0.6229 
   00413    0.4900   -1434.0465  0.6214 
   00414    0.4950   -1432.7435  0.6225 
   00415    0.4650   -1429.7061  0.6239 
   00416    0.4500   -1428.9137  0.6236 
   00417    0.5025   -1430.8044  0.6191 
   00418    0.4575   -1427.6839  0.6202 
   00419    0.4800   -1427.2003  0.6232 
   00420    0.4575   -1430.5579  0.6269 
   00421    0.4925   -1426.6081  0.6246 
   00422    0.4575   -1416.3990  0.6189 
   00423    0.4600   -1415.2222  0.6184 
   00424    0.4775   -1417.2184  0.6198 
   00425    0.4575   -1417.4625  0.6193 
   00426    0.4450   -1419.7276  0.6241 
   00427    0.4700   -1421.9368  0.6273 
   00428    0.4575   -1421.0738  0.6310 
   00429    0.4975   -1419.7043  0.6242 
   00430    0.4275   -1421.3504  0.6258 
   00431    0.4475   -1425.6707  0.6291 
   00432    0.4475   -1423.3350  0.6241 
   00433    0.4800   -1419.2609  0.6225 
   00434    0.4800   -1424.9328  0.6212 
   00435    0.4450   -1424.8251  0.6221 
   00436    0.4975   -1437.1821  0.6256 
   00437    0.4350   -1438.6665  0.6302 
   00438    0.4275   -1440.8832  0.6307 
   00439    0.4575   -1438.0487  0.6236 
   00440    0.4450   -1439.6951  0.6280 
   00441    0.4250   -1438.3928  0.6278 
   00442    0.4350   -1440.4118  0.6261 
   00443    0.4425   -1438.7019  0.6235 
   00444    0.4575   -1432.3146  0.6201 
   00445    0.4650   -1435.3714  0.6199 
   00446    0.4050   -1434.9069  0.6210 
   00447    0.4125   -1433.6522  0.6215 
   00448    0.4300   -1426.5489  0.6279 
   00449    0.4425   -1428.7905  0.6289 
   00450    0.4725   -1424.0313  0.6290 
   00451    0.4500   -1426.3160  0.6287 
   00452    0.4250   -1429.8278  0.6337 
   00453    0.4525   -1427.3699  0.6325 
   00454    0.4425   -1426.7240  0.6338 
   00455    0.4850   -1430.4495  0.6361 
   00456    0.4575   -1426.6860  0.6309 
   00457    0.4725   -1424.1937  0.6305 
   00458    0.4575   -1431.0246  0.6311 
   00459    0.4125   -1427.6388  0.6333 
   00460    0.5325   -1426.9451  0.6306 
   00461    0.4650   -1427.2026  0.6282 
   00462    0.4825   -1422.5457  0.6325 
   00463    0.4700   -1426.1472  0.6289 
   00464    0.5225   -1422.6307  0.6299 
   00465    0.4675   -1422.2877  0.6351 
   00466    0.4900   -1427.2586  0.6341 
   00467    0.4550   -1425.4559  0.6408 
   00468    0.5200   -1427.1910  0.6384 
   00469    0.4550   -1427.8345  0.6369 
   00470    0.4425   -1436.4549  0.6420 
   00471    0.4825   -1436.3402  0.6471 
   00472    0.5050   -1439.8274  0.6438 
   00473    0.4750   -1440.2746  0.6411 
   00474    0.4375   -1444.2748  0.6455 
   00475    0.4250   -1443.5041  0.6439 
   00476    0.4625   -1440.8662  0.6367 
   00477    0.4550   -1441.7179  0.6365 
   00478    0.4550   -1439.2704  0.6320 
   00479    0.4250   -1437.8714  0.6383 
   00480    0.4750   -1440.1617  0.6372 
   00481    0.4650   -1439.5393  0.6329 
   00482    0.4450   -1444.2549  0.6382 
   00483    0.4525   -1446.6783  0.6410 
   00484    0.4650   -1448.2646  0.6403 
   00485    0.4925   -1446.3828  0.6355 
   00486    0.4850   -1448.1555  0.6368 
   00487    0.4725   -1446.2857  0.6342 
   00488    0.4400   -1444.2321  0.6299 
   00489    0.4775   -1447.5955  0.6317 
   00490    0.4525   -1448.4627  0.6283 
   00491    0.4975   -1452.6860  0.6257 
   00492    0.4650   -1451.2513  0.6285 
   00493    0.4450   -1448.6336  0.6382 
   00494    0.4575   -1451.3464  0.6388 
   00495    0.4500   -1448.5839  0.6401 
   00496    0.4400   -1445.9446  0.6396 
   00497    0.4475   -1442.8116  0.6396 
   00498    0.4200   -1434.5165  0.6341 
   00499    0.4625   -1433.7824  0.6435 
   00500    0.3825   -1436.2486  0.6449 
   00501    0.4725   -1441.0886  0.6469 
   00502    0.4750   -1441.7360  0.6478 
   00503    0.4750   -1446.9262  0.6489 
   00504    0.4675   -1440.2722  0.6487 
   00505    0.4575   -1438.6975  0.6505 
   00506    0.4400   -1440.3649  0.6545 
   00507    0.5025   -1440.8603  0.6518 
   00508    0.4675   -1434.3847  0.6517 
   00509    0.4625   -1430.9137  0.6539 
   00510    0.4825   -1433.8875  0.6560 
   00511    0.4475   -1431.5522  0.6521 
   00512    0.4125   -1432.5968  0.6472 
   00513    0.4475   -1432.9539  0.6490 
   00514    0.4275   -1434.8022  0.6490 
   00515    0.4725   -1439.6498  0.6498 
   00516    0.4625   -1438.4739  0.6476 
   00517    0.4800   -1435.2608  0.6429 
   00518    0.4325   -1433.9834  0.6449 
   00519    0.4475   -1433.5456  0.6489 
   00520    0.4350   -1436.0356  0.6484 
   00521    0.4500   -1434.9467  0.6552 
   00522    0.4700   -1440.4884  0.6582 
   00523    0.4400   -1437.6850  0.6560 
   00524    0.4225   -1443.9707  0.6625 
   00525    0.4150   -1447.9934  0.6686 
   00526    0.4650   -1443.4757  0.6669 
   00527    0.4450   -1443.0017  0.6724 
   00528    0.4700   -1447.5179  0.6708 
   00529    0.4450   -1443.2005  0.6705 
   00530    0.4525   -1442.1320  0.6680 
   00531    0.4525   -1441.9991  0.6721 
   00532    0.4900   -1440.9744  0.6696 
   00533    0.4825   -1433.4884  0.6617 
   00534    0.4625   -1437.2172  0.6615 
   00535    0.4475   -1437.9684  0.6582 
   00536    0.4725   -1431.0495  0.6617 
   00537    0.4350   -1420.8151  0.6637 
   00538    0.4650   -1414.7778  0.6597 
   00539    0.4725   -1416.3285  0.6576 
   00540    0.4250   -1419.0063  0.6589 
   00541    0.4950   -1423.1977  0.6521 
   00542    0.4575   -1422.2696  0.6524 
   00543    0.4575   -1428.5666  0.6516 
   00544    0.4700   -1430.2103  0.6540 
   00545    0.5150   -1426.7036  0.6548 
   00546    0.4850   -1429.3112  0.6530 
   00547    0.5150   -1427.9542  0.6530 
   00548    0.4650   -1431.5149  0.6561 
   00549    0.4650   -1431.4202  0.6588 
   00550    0.4550   -1431.9987  0.6595 
   00551    0.4950   -1428.9683  0.6519 
   00552    0.4425   -1426.3922  0.6491 
   00553    0.4425   -1428.6872  0.6474 
   00554    0.4550   -1426.5300  0.6479 
   00555    0.4750   -1420.7023  0.6459 
   00556    0.4725   -1420.2137  0.6477 
   00557    0.4800   -1427.2937  0.6530 
   00558    0.4575   -1426.4823  0.6471 
   00559    0.4375   -1425.4752  0.6432 
   00560    0.4250   -1419.9616  0.6415 
   00561    0.4600   -1420.4715  0.6421 
   00562    0.4800   -1418.6969  0.6421 
   00563    0.4300   -1415.5254  0.6412 
   00564    0.4800   -1422.7088  0.6407 
   00565    0.4625   -1426.2372  0.6426 
   00566    0.4625   -1428.9516  0.6465 
   00567    0.4475   -1430.2260  0.6490 
   00568    0.4150   -1428.3176  0.6517 
   00569    0.4425   -1426.6720  0.6475 
   00570    0.4950   -1429.5609  0.6479 
   00571    0.4625   -1429.5895  0.6527 
   00572    0.4475   -1429.6805  0.6495 
   00573    0.4225   -1431.1779  0.6542 
   00574    0.4475   -1429.1836  0.6549 
   00575    0.5150   -1427.8573  0.6504 
   00576    0.4400   -1425.0990  0.6487 
   00577    0.4825   -1433.6356  0.6501 
   00578    0.4700   -1430.8420  0.6516 
   00579    0.4525   -1432.9844  0.6542 
   00580    0.5000   -1438.1095  0.6587 
   00581    0.4875   -1435.1867  0.6512 
   00582    0.4700   -1432.3807  0.6517 
   00583    0.5025   -1429.1347  0.6458 
   00584    0.4400   -1430.8038  0.6476 
   00585    0.4625   -1433.6840  0.6504 
   00586    0.4450   -1435.1180  0.6544 
   00587    0.4450   -1437.4996  0.6560 
   00588    0.4350   -1436.6196  0.6570 
   00589    0.4275   -1440.2851  0.6588 
   00590    0.4500   -1444.8562  0.6600 
   00591    0.4525   -1444.2062  0.6581 
   00592    0.4625   -1441.2571  0.6674 
   00593    0.4800   -1438.6133  0.6663 
   00594    0.4650   -1440.6829  0.6745 
   00595    0.4875   -1441.0935  0.6706 
   00596    0.4325   -1441.1555  0.6691 
   00597    0.4325   -1439.6652  0.6733 
   00598    0.4450   -1442.9846  0.6768 
   00599    0.4825   -1439.3752  0.6790 
   00600    0.4200   -1441.1321  0.6825 
   00601    0.4025   -1440.5986  0.6823 
   00602    0.4375   -1440.4196  0.6820 
   00603    0.4475   -1434.3962  0.6831 
   00604    0.4750   -1430.8521  0.6820 
   00605    0.4525   -1426.1623  0.6760 
   00606    0.4800   -1423.5750  0.6738 
   00607    0.4350   -1425.2298  0.6805 
   00608    0.4775   -1424.5788  0.6778 
   00609    0.4475   -1423.4100  0.6802 
   00610    0.4650   -1422.0621  0.6820 
   00611    0.4575   -1426.5042  0.6802 
   00612    0.4525   -1424.2300  0.6740 
   00613    0.3950   -1422.6689  0.6754 
   00614    0.4625   -1421.4154  0.6735 
   00615    0.4950   -1421.2148  0.6826 
   00616    0.4325   -1422.1683  0.6873 
   00617    0.4425   -1423.2652  0.6818 
   00618    0.4650   -1419.7383  0.6867 
   00619    0.5075   -1423.9595  0.6902 
   00620    0.4450   -1427.4993  0.6912 
   00621    0.4775   -1425.9323  0.6876 
   00622    0.4925   -1425.7837  0.6937 
   00623    0.5050   -1428.0760  0.6943 
   00624    0.4900   -1424.5164  0.6941 
   00625    0.4050   -1424.2044  0.6909 
   00626    0.4375   -1424.6840  0.6900 
   00627    0.4850   -1432.4126  0.6986 
   00628    0.4825   -1435.5699  0.6978 
   00629    0.4600   -1435.5960  0.6922 
   00630    0.4450   -1433.9760  0.6949 
   00631    0.4500   -1438.3796  0.7002 
   00632    0.4400   -1437.6948  0.7036 
   00633    0.4375   -1436.9621  0.7078 
   00634    0.4725   -1435.7650  0.7057 
   00635    0.5050   -1434.7153  0.7044 
   00636    0.4775   -1442.2724  0.7060 
   00637    0.4500   -1441.7925  0.7043 
   00638    0.4475   -1434.9069  0.7024 
   00639    0.4525   -1439.7616  0.7005 
   00640    0.4775   -1439.2284  0.6999 
   00641    0.4875   -1437.0745  0.6994 
   00642    0.4950   -1442.3092  0.6975 
   00643    0.4175   -1439.2698  0.7031 
   00644    0.4825   -1438.1049  0.6956 
   00645    0.4650   -1441.4153  0.6963 
   00646    0.4650   -1445.4968  0.6933 
   00647    0.4575   -1444.1407  0.6987 
   00648    0.4625   -1440.9354  0.6972 
   00649    0.4700   -1444.7813  0.6958 
   00650    0.4275   -1446.3940  0.7008 
   00651    0.4325   -1446.2175  0.6992 
   00652    0.4300   -1445.3845  0.7022 
   00653    0.4575   -1449.3889  0.7037 
   00654    0.4450   -1451.9712  0.7017 
   00655    0.4350   -1445.6603  0.7008 
   00656    0.4300   -1448.4411  0.7023 
   00657    0.4725   -1449.0365  0.7048 
   00658    0.4550   -1442.6510  0.6991 
   00659    0.4750   -1445.4841  0.7014 
   00660    0.4525   -1445.6695  0.7007 
   00661    0.4400   -1439.9929  0.7034 
   00662    0.4425   -1445.4871  0.7052 
   00663    0.4925   -1445.2952  0.7039 
   00664    0.4700   -1447.7007  0.7051 
   00665    0.3850   -1438.6107  0.7051 
   00666    0.4225   -1442.8749  0.7062 
   00667    0.4500   -1435.5516  0.6990 
   00668    0.4750   -1443.2249  0.7015 
   00669    0.4400   -1440.0744  0.6996 
   00670    0.4400   -1439.4407  0.7010 
   00671    0.4950   -1444.1533  0.7017 
   00672    0.4625   -1434.8768  0.7017 
   00673    0.4350   -1427.2393  0.6988 
   00674    0.4300   -1438.2712  0.7079 
   00675    0.4250   -1432.0015  0.7059 
   00676    0.3950   -1439.3824  0.7128 
   00677    0.4100   -1442.4898  0.7113 
   00678    0.4550   -1444.7731  0.7112 
   00679    0.4225   -1450.1807  0.7125 
   00680    0.4400   -1456.7517  0.7140 
   00681    0.4450   -1459.1743  0.7127 
   00682    0.4525   -1457.8123  0.7133 
   00683    0.4750   -1455.8452  0.7085 
   00684    0.4525   -1457.3431  0.7058 
   00685    0.4875   -1456.5069  0.7043 
   00686    0.4650   -1459.2100  0.7101 
   00687    0.4625   -1460.1471  0.7079 
   00688    0.4100   -1460.8790  0.7063 
   00689    0.4175   -1454.6118  0.7107 
   00690    0.4650   -1450.8947  0.7070 
   00691    0.4550   -1455.2553  0.7078 
   00692    0.4150   -1461.5344  0.7132 
   00693    0.4325   -1463.8547  0.7160 
   00694    0.4750   -1463.1677  0.7158 
   00695    0.4725   -1460.8933  0.7151 
   00696    0.4600   -1458.3472  0.7167 
   00697    0.4625   -1459.8923  0.7153 
   00698    0.4750   -1455.7316  0.7117 
   00699    0.4700   -1454.0457  0.7072 
   00700    0.4400   -1460.1144  0.7012 
   00701    0.4325   -1458.2662  0.7035 
   00702    0.4575   -1463.4300  0.7067 
   00703    0.4225   -1462.2918  0.7060 
   00704    0.4500   -1457.3074  0.7064 
   00705    0.4650   -1455.6774  0.7050 
   00706    0.4750   -1454.3320  0.7054 
   00707    0.4125   -1454.5909  0.7050 
   00708    0.4600   -1455.5281  0.7072 
   00709    0.4500   -1454.6096  0.7072 
   00710    0.4475   -1453.2624  0.7127 
   00711    0.4450   -1453.1147  0.7061 
   00712    0.4900   -1456.0634  0.7077 
   00713    0.4550   -1455.7020  0.7069 
   00714    0.4800   -1457.6509  0.7189 
   00715    0.4575   -1457.8949  0.7197 
   00716    0.4750   -1463.8224  0.7232 
   00717    0.4250   -1458.6779  0.7239 
   00718    0.4475   -1461.9181  0.7330 
   00719    0.4625   -1458.8982  0.7266 
   00720    0.4325   -1463.1045  0.7310 
   00721    0.4550   -1461.9408  0.7286 
   00722    0.4600   -1457.0531  0.7290 
   00723    0.4450   -1457.6411  0.7276 
   00724    0.4725   -1460.3747  0.7272 
   00725    0.4925   -1459.7848  0.7242 
   00726    0.4650   -1458.8229  0.7228 
   00727    0.4375   -1454.2497  0.7283 
   00728    0.4750   -1456.2222  0.7260 
   00729    0.4700   -1455.3438  0.7282 
   00730    0.4925   -1460.1608  0.7249 
   00731    0.4450   -1453.1447  0.7215 
   00732    0.4775   -1451.6916  0.7165 
   00733    0.4475   -1445.0055  0.7166 
   00734    0.4375   -1453.5326  0.7198 
   00735    0.4825   -1459.2180  0.7140 
   00736    0.4325   -1460.3388  0.7128 
   00737    0.4500   -1457.3642  0.7144 
   00738    0.4725   -1456.1442  0.7080 
   00739    0.4775   -1458.4003  0.7035 
   00740    0.5000   -1459.7662  0.7056 
   00741    0.4700   -1453.1178  0.7024 
   00742    0.4850   -1458.5952  0.7044 
   00743    0.4200   -1461.3386  0.7048 
   00744    0.4975   -1459.6639  0.7093 
   00745    0.4675   -1459.3530  0.7092 
   00746    0.4650   -1462.0660  0.7044 
   00747    0.4500   -1459.0937  0.7033 
   00748    0.4350   -1457.3595  0.7043 
   00749    0.4500   -1464.6736  0.7048 
   00750    0.4625   -1465.5907  0.7079 
   00751    0.4450   -1465.4192  0.7071 
   00752    0.4425   -1460.3985  0.7077 
   00753    0.4775   -1462.5061  0.7080 
   00754    0.4650   -1454.1634  0.7049 
   00755    0.4675   -1450.7889  0.7042 
   00756    0.4325   -1455.0334  0.7099 
   00757    0.4675   -1459.4363  0.7107 
   00758    0.4350   -1460.7501  0.7091 
   00759    0.4325   -1463.5226  0.7073 
   00760    0.4375   -1459.6098  0.7023 
   00761    0.4600   -1464.4891  0.7026 
   00762    0.4750   -1463.6161  0.7014 
   00763    0.4375   -1461.3635  0.6998 
   00764    0.4650   -1463.2708  0.6989 
   00765    0.4750   -1463.0331  0.6958 
   00766    0.4700   -1460.1551  0.6984 
   00767    0.4925   -1456.2449  0.6920 
   00768    0.4750   -1451.5423  0.6956 
   00769    0.4475   -1451.1328  0.7004 
   00770    0.4350   -1455.4921  0.6984 
   00771    0.4600   -1455.9483  0.7053 
   00772    0.4300   -1452.0674  0.7033 
   00773    0.4625   -1450.3559  0.7025 
   00774    0.4800   -1449.6130  0.7060 
   00775    0.4225   -1453.2629  0.7020 
   00776    0.4575   -1450.3832  0.7001 
   00777    0.4900   -1451.3606  0.6988 
   00778    0.4825   -1453.5142  0.6973 
   00779    0.4950   -1454.4274  0.6999 
   00780    0.4950   -1459.7330  0.6982 
   00781    0.4350   -1461.7436  0.6960 
   00782    0.4550   -1460.9285  0.6958 
   00783    0.4125   -1461.1008  0.6962 
   00784    0.4125   -1460.0513  0.6946 
   00785    0.4300   -1457.0821  0.6922 
   00786    0.4425   -1453.3067  0.6862 
   00787    0.4375   -1449.4697  0.6882 
   00788    0.4675   -1449.1087  0.6877 
   00789    0.4250   -1447.3726  0.6897 
   00790    0.4350   -1452.2340  0.6973 
   00791    0.4100   -1448.8039  0.6990 
   00792    0.4525   -1453.4700  0.6990 
   00793    0.4750   -1453.6199  0.7036 
   00794    0.4650   -1454.8828  0.7051 
   00795    0.4625   -1457.1599  0.7024 
   00796    0.4725   -1460.4189  0.7019 
   00797    0.4450   -1460.9222  0.7027 
   00798    0.4800   -1463.0154  0.6988 
   00799    0.4475   -1463.2988  0.6985 
   00800    0.4425   -1462.3281  0.6997 
   00801    0.4425   -1463.5749  0.6965 
   00802    0.4575   -1463.1208  0.6991 
   00803    0.4200   -1464.9307  0.6990 
   00804    0.4375   -1466.6956  0.6981 
   00805    0.4825   -1466.9659  0.7014 
   00806    0.4675   -1465.0765  0.6987 
   00807    0.4725   -1468.3053  0.7051 
   00808    0.4525   -1463.7466  0.7050 
   00809    0.4425   -1461.0387  0.7030 
   00810    0.4300   -1468.9049  0.7021 
   00811    0.4475   -1469.5099  0.7052 
   00812    0.4675   -1470.3942  0.7015 
   00813    0.4600   -1468.0294  0.7049 
   00814    0.5075   -1464.0347  0.7036 
   00815    0.4450   -1462.8349  0.7002 
   00816    0.4175   -1464.3757  0.6974 
   00817    0.4475   -1464.0977  0.6998 
   00818    0.4575   -1458.8805  0.6971 
   00819    0.4650   -1455.6894  0.6898 
   00820    0.4625   -1458.3386  0.6898 
   00821    0.4850   -1461.8356  0.6910 
   00822    0.4125   -1460.2436  0.6955 
   00823    0.4825   -1459.5712  0.6995 
   00824    0.4150   -1461.4658  0.7041 
   00825    0.4500   -1466.0686  0.7094 
   00826    0.4625   -1467.8728  0.7098 
   00827    0.4625   -1464.4670  0.7108 
   00828    0.4175   -1465.7647  0.7079 
   00829    0.4275   -1470.5302  0.7123 
   00830    0.4525   -1467.1257  0.7099 
   00831    0.4675   -1468.5533  0.7103 
   00832    0.4400   -1466.3504  0.7157 
   00833    0.4250   -1468.9911  0.7143 
   00834    0.4525   -1468.4732  0.7175 
   00835    0.4525   -1470.9230  0.7194 
   00836    0.4500   -1469.6323  0.7266 
   00837    0.4525   -1473.0186  0.7278 
   00838    0.4550   -1474.8468  0.7275 
   00839    0.4800   -1468.4289  0.7278 
   00840    0.4625   -1472.4933  0.7267 
   00841    0.4725   -1468.7517  0.7167 
   00842    0.4850   -1467.5414  0.7135 
   00843    0.4675   -1468.3694  0.7144 
   00844    0.4500   -1466.0167  0.7163 
   00845    0.4975   -1464.4638  0.7113 
   00846    0.5300   -1459.7464  0.7085 
   00847    0.4200   -1459.9444  0.7081 
   00848    0.4350   -1460.5601  0.7114 
   00849    0.4625   -1459.7589  0.7118 
   00850    0.4600   -1453.4968  0.7076 
   00851    0.4500   -1458.7857  0.7068 
   00852    0.4625   -1460.9314  0.7036 
   00853    0.5000   -1463.6411  0.7067 
   00854    0.4500   -1464.3184  0.7076 
   00855    0.4550   -1466.0308  0.7050 
   00856    0.4375   -1469.2101  0.7065 
   00857    0.4250   -1466.3825  0.7069 
   00858    0.5025   -1470.0518  0.7126 
   00859    0.4050   -1464.7837  0.7067 
   00860    0.4550   -1459.0751  0.7014 
   00861    0.4325   -1458.0930  0.7043 
   00862    0.4750   -1455.1963  0.7037 
   00863    0.4725   -1456.7661  0.7046 
   00864    0.4500   -1449.5447  0.7029 
   00865    0.4650   -1450.5780  0.7056 
   00866    0.4475   -1449.0023  0.7088 
   00867    0.4475   -1452.8856  0.7115 
   00868    0.4125   -1453.1147  0.7151 
   00869    0.4925   -1451.3142  0.7150 
   00870    0.4300   -1445.8468  0.7181 
   00871    0.4675   -1445.0510  0.7157 
   00872    0.4825   -1448.1226  0.7175 
   00873    0.4600   -1451.5222  0.7168 
   00874    0.4750   -1450.8638  0.7147 
   00875    0.3750   -1448.7647  0.7148 
   00876    0.4550   -1447.1047  0.7145 
   00877    0.4425   -1444.4253  0.7176 
   00878    0.4725   -1447.4252  0.7202 
   00879    0.4325   -1448.6020  0.7180 
   00880    0.4625   -1457.3486  0.7254 
   00881    0.4850   -1458.5264  0.7242 
   00882    0.4300   -1461.2867  0.7272 
   00883    0.4650   -1466.0234  0.7287 
   00884    0.4225   -1471.9722  0.7300 
   00885    0.4200   -1470.0270  0.7278 
   00886    0.4325   -1466.9512  0.7307 
   00887    0.4275   -1464.8941  0.7318 
   00888    0.4675   -1461.0932  0.7317 
   00889    0.4350   -1465.8201  0.7349 
   00890    0.4650   -1461.7800  0.7349 
   00891    0.4600   -1464.2215  0.7405 
   00892    0.4375   -1460.8735  0.7397 
   00893    0.4350   -1460.8781  0.7392 
   00894    0.4250   -1457.7822  0.7344 
   00895    0.4625   -1460.8255  0.7364 
   00896    0.4525   -1460.0397  0.7334 
   00897    0.4650   -1459.7762  0.7364 
   00898    0.4375   -1455.8065  0.7345 
   00899    0.4750   -1455.9509  0.7349 
   00900    0.4650   -1461.0875  0.7405 
   00901    0.4625   -1463.1848  0.7445 
   00902    0.5050   -1463.4704  0.7452 
   00903    0.4900   -1458.0305  0.7434 
   00904    0.3825   -1457.3400  0.7411 
   00905    0.4650   -1460.8764  0.7447 
   00906    0.4800   -1465.4225  0.7535 
   00907    0.4375   -1468.1245  0.7593 
   00908    0.4725   -1461.2580  0.7551 
   00909    0.4225   -1460.8738  0.7496 
   00910    0.4650   -1460.4067  0.7429 
   00911    0.4650   -1458.7046  0.7436 
   00912    0.4425   -1462.5213  0.7454 
   00913    0.4575   -1455.4546  0.7440 
   00914    0.4725   -1460.3008  0.7442 
   00915    0.4425   -1456.5792  0.7388 
   00916    0.4600   -1461.3614  0.7403 
   00917    0.4325   -1463.4129  0.7371 
   00918    0.4725   -1463.3920  0.7347 
   00919    0.4850   -1469.0680  0.7388 
   00920    0.4775   -1470.3247  0.7367 
   00921    0.4850   -1470.3637  0.7418 
   00922    0.4675   -1464.5397  0.7407 
   00923    0.4800   -1465.1340  0.7407 
   00924    0.4600   -1463.6598  0.7423 
   00925    0.4450   -1461.2869  0.7434 
   00926    0.4825   -1463.5207  0.7439 
   00927    0.4675   -1464.5013  0.7435 
   00928    0.4850   -1460.4583  0.7425 
   00929    0.4625   -1462.4683  0.7454 
   00930    0.4525   -1462.7919  0.7431 
   00931    0.4350   -1462.0357  0.7427 
   00932    0.4125   -1467.8445  0.7414 
   00933    0.4200   -1466.3471  0.7427 
   00934    0.4775   -1461.9876  0.7404 
   00935    0.4200   -1456.0171  0.7388 
   00936    0.4475   -1456.2538  0.7413 
   00937    0.4925   -1452.2558  0.7395 
   00938    0.4950   -1456.4434  0.7412 
   00939    0.4225   -1459.1309  0.7477 
   00940    0.4175   -1458.6412  0.7443 
   00941    0.4675   -1449.2802  0.7417 
   00942    0.4700   -1451.3963  0.7437 
   00943    0.4025   -1447.2527  0.7412 
   00944    0.4600   -1451.1510  0.7403 
   00945    0.4750   -1450.2132  0.7471 
   00946    0.4350   -1457.0786  0.7494 
   00947    0.4825   -1449.5358  0.7451 
   00948    0.4050   -1448.0212  0.7427 
   00949    0.4025   -1446.3274  0.7434 
   00950    0.4825   -1456.8089  0.7494 
   00951    0.5000   -1462.4202  0.7466 
   00952    0.5100   -1460.6256  0.7419 
   00953    0.4425   -1462.5649  0.7381 
   00954    0.4725   -1464.7737  0.7381 
   00955    0.4700   -1467.6252  0.7368 
   00956    0.5150   -1464.6730  0.7364 
   00957    0.4100   -1468.7198  0.7451 
   00958    0.3950   -1464.8754  0.7415 
   00959    0.4725   -1462.2988  0.7416 
   00960    0.4425   -1462.5317  0.7430 
   00961    0.4575   -1468.0058  0.7425 
   00962    0.4725   -1467.6302  0.7444 
   00963    0.4375   -1463.4040  0.7438 
   00964    0.4225   -1462.0421  0.7380 
   00965    0.4750   -1457.1848  0.7385 
   00966    0.5000   -1458.6863  0.7384 
   00967    0.4550   -1456.7009  0.7368 
   00968    0.4225   -1456.0425  0.7394 
   00969    0.4675   -1455.1609  0.7425 
   00970    0.4775   -1456.9509  0.7459 
   00971    0.4075   -1456.8062  0.7456 
   00972    0.4400   -1458.9360  0.7439 
   00973    0.4750   -1459.3495  0.7427 
   00974    0.4550   -1461.6611  0.7476 
   00975    0.4300   -1459.4239  0.7501 
   00976    0.4425   -1456.8162  0.7491 
   00977    0.4275   -1457.5996  0.7494 
   00978    0.4150   -1457.8810  0.7437 
   00979    0.4675   -1459.9156  0.7432 
   00980    0.4925   -1456.4152  0.7432 
   00981    0.4525   -1460.7170  0.7423 
   00982    0.4625   -1466.6164  0.7408 
   00983    0.4725   -1463.6968  0.7441 
   00984    0.4600   -1463.9184  0.7442 
   00985    0.5000   -1463.7181  0.7422 
   00986    0.4525   -1456.9561  0.7415 
   00987    0.4850   -1456.5881  0.7390 
   00988    0.4525   -1455.8838  0.7349 
   00989    0.4725   -1452.8662  0.7329 
   00990    0.4475   -1453.1517  0.7314 
   00991    0.4100   -1455.7893  0.7315 
   00992    0.4600   -1458.0172  0.7335 
   00993    0.4350   -1459.4050  0.7360 
   00994    0.4425   -1460.3735  0.7318 
   00995    0.4575   -1464.5628  0.7324 
   00996    0.4700   -1457.7839  0.7338 
   00997    0.4750   -1458.0823  0.7342 
   00998    0.4975   -1460.5661  0.7373 
   00999    0.4125   -1459.2488  0.7389 
   01000    0.4925   -1465.0648  0.7377 
