#=====================================================
# File created:        Wed-05-Nov-2025-at-03-20-41AM
# Size of lattice:     20x20
# Number of MC steps:  1000
# Reduced temperature: 0.200
# Run time (s):        2.933279
#=====================================================
# MC step:  Ratio:     Energy:   Order:
#=====================================================
   00000    0.5000    -423.1638  0.2836 
   00001    0.4875    -458.9598  0.2915 
   00002    0.5000    -498.2682  0.2979 
   00003    0.5175    -529.1915  0.3120 
   00004    0.5075    -570.9023  0.3097 
   00005    0.5150    -611.2222  0.3142 
   00006    0.5225    -644.4887  0.3210 
   00007    0.5175    -669.6413  0.3164 
   00008    0.5250    -715.5980  0.3187 
   00009    0.5725    -759.5076  0.3256 
   00010    0.5300    -776.9496  0.3204 
   00011    0.5000    -816.6242  0.3204 
   00012    0.5225    -836.3396  0.3302 
   00013    0.5000    -861.4669  0.3411 
   00014    0.4975    -886.0771  0.3405 
   00015    0.5000    -905.4300  0.3343 
   00016    0.5175    -921.8043  0.3296 
   00017    0.5025    -928.9411  0.3287 
   00018    0.4950    -943.9573  0.3310 
   00019    0.5275    -951.9607  0.3388 
   00020    0.5700    -965.7473  0.3435 
   00021    0.5275    -969.9941  0.3450 
   00022    0.5225    -981.0638  0.3480 
   00023    0.4875    -987.6113  0.3470 
   00024    0.4625    -997.7883  0.3558 
   00025    0.5275   -1012.3419  0.3548 
   00026    0.5300   -1024.0842  0.3565 
   00027    0.4975   -1033.0199  0.3508 
   00028    0.4700   -1042.2862  0.3476 
   00029    0.5125   -1053.8767  0.3529 
   00030    0.4825   -1071.9630  0.3557 
   00031    0.5075   -1083.3293  0.3584 
   00032    0.5275   -1096.0664  0.3557 
   00033    0.5250   -1102.6299  0.3656 
   00034    0.4925   -1109.7867  0.3679 
   00035    0.5050   -1123.2414  0.3724 
   00036    0.4800   -1139.6285  0.3741 
   00037    0.5300   -1148.3731  0.3763 
   00038    0.5100   -1153.0120  0.3732 
   00039    0.4775   -1154.6978  0.3793 
   00040    0.5500   -1163.6800  0.3809 
   00041    0.4975   -1172.9900  0.3796 
   00042    0.4875   -1179.8013  0.3779 
   00043    0.4975   -1184.0026  0.3836 
   00044    0.4775   -1194.0542  0.3933 
   00045    0.4950   -1200.1264  0.3976 
   00046    0.4825   -1206.5852  0.3985 
   00047    0.4900   -1213.5870  0.4017 
   00048    0.4450   -1218.5983  0.4043 
   00049    0.5050   -1222.6421  0.4086 
   00050    0.4875   -1226.1842  0.4116 
   00051    0.4850   -1225.2463  0.4099 
   00052    0.5000   -1236.1582  0.4123 
   00053    0.5275   -1246.8848  0.4082 
   00054    0.4675   -1248.3147  0.4050 
   00055    0.4900   -1251.5573  0.4099 
   00056    0.4475   -1260.7797  0.4109 
   00057    0.4975   -1265.8617  0.4056 
   00058    0.5325   -1273.5647  0.4054 
   00059    0.5125   -1276.9578  0.4096 
   00060    0.4675   -1277.4395  0.4109 
   00061    0.5000   -1271.9557  0.4106 
   00062    0.4925   -1272.7510  0.4164 
   00063    0.4700   -1273.1428  0.4153 
   00064    0.4650   -1278.8677  0.4210 
   00065    0.5200   -1284.6544  0.4269 
   00066    0.4750   -1289.8948  0.4231 
   00067    0.4950   -1291.7230  0.4279 
   00068    0.4400   -1295.6351  0.4299 
   00069    0.4700   -1301.8365  0.4223 
   00070    0.5225   -1306.0208  0.4292 
   00071    0.4700   -1311.5943  0.4283 
   00072    0.5050   -1317.5454  0.4249 
   00073    0.4900   -1318.7273  0.4308 
   00074    0.4600   -1326.7345  0.4332 
   00075    0.5100   -1331.9876  0.4348 
   00076    0.4875   -1328.4691  0.4393 
   00077    0.4975   -1326.6320  0.4382 
   00078    0.4800   -1332.4657  0.4489 
   00079    0.4925   -1340.3198  0.4401 
   00080    0.4650   -1344.5382  0.4457 
   00081    0.4825   -1350.4601  0.4489 
   00082    0.4750   -1350.6096  0.4470 
   00083    0.4725   -1351.4085  0.4487 
   00084    0.5250   -1349.0147  0.4445 
   00085    0.4250   -1357.3782  0.4484 
   00086    0.5100   -1358.7093  0.4624 
   00087    0.5175   -1362.7011  0.4681 
   00088    0.5100   -1361.1523  0.4743 
   00089    0.4850   -1356.5884  0.4722 
   00090    0.4575   -1357.8283  0.4747 
   00091    0.4600   -1362.2838  0.4730 
   00092    0.4975   -1363.7274  0.4810 
   00093    0.4725   -1366.6606  0.4824 
   00094    0.4675   -1372.5200  0.4803 
   00095    0.5250   -1372.4438  0.4843 
   00096    0.4925   -1366.9617  0.4872 
   00097    0.4475   -1368.4575  0.4894 
   00098    0.4700   -1369.6899  0.4890 
   00099    0.5025   -1365.1281  0.4889 
   00100    0.4700   -1369.5863  0.4920 
   00101    0.4725   -1369.2588  0.4971 
   00102    0.4625   -1368.0317  0.4999 
   00103    0.4550   -1370.0391  0.5063 
   00104    0.5075   -1368.7226  0.5104 
   00105    0.4475   -1369.1850  0.5207 
   00106    0.4925   -1371.9328  0.5267 
   00107    0.5050   -1381.9010  0.5291 
   00108    0.4975   -1382.7879  0.5294 
   00109    0.5225   -1383.0411  0.5285 
   00110    0.4950   -1381.4169  0.5309 
   00111    0.5100   -1387.4309  0.5302 
   00112    0.4575   -1388.9217  0.5319 
   00113    0.4825   -1384.8179  0.5413 
   00114    0.4700   -1387.1604  0.5454 
   00115    0.5125   -1391.1814  0.5447 
   00116    0.5025   -1394.0473  0.5425 
   00117    0.5000   -1396.4991  0.5459 
   00118    0.5175   -1396.7867  0.5450 
   00119    0.4650   -1396.4888  0.5482 
   00120    0.4850   -1397.9656  0.5525 
   00121    0.4825   -1395.7031  0.5484 
   00122    0.4725   -1398.5050  0.5520 
   00123    0.4500   -1397.1118  0.5530 
   00124    0.4925   -1396.7757  0.5550 
   00125    0.4975   -1399.4890  0.5536 
   00126    0.4650   -1399.6718  0.5545 
   00127    0.4650   -1400.5432  0.5587 
   00128    0.5350   -1400.4810  0.5605 
   00129    0.4800   -1400.4090  0.5616 
   00130    0.4800   -1402.6374  0.5640 
   00131    0.4700   -1402.4498  0.5650 
   00132    0.4575   -1402.2187  0.5696 
   00133    0.4650   -1402.9384  0.5698 
   00134    0.4750   -1408.0147  0.5748 
   00135    0.4325   -1407.0129  0.5767 
   00136    0.4625   -1412.8325  0.5791 
   00137    0.4675   -1414.3154  0.5799 
   00138    0.4575   -1414.9699  0.5740 
   00139    0.4350   -1413.6385  0.5729 
   00140    0.4700   -1411.3838  0.5761 
   00141    0.5100   -1410.6189  0.5776 
   00142    0.4350   -1411.0375  0.5764 
   00143    0.5025   -1409.8873  0.5744 
   00144    0.4800   -1415.9847  0.5758 
   00145    0.4550   -1418.8106  0.5785 
   00146    0.4525   -1419.4310  0.5815 
   00147    0.5025   -1416.6779  0.5836 
   00148    0.4950   -1416.7955  0.5805 
   00149    0.4750   -1416.9794  0.5790 
   00150    0.4350   -1420.3722  0.5806 
   00151    0.4775   -1419.1589  0.5826 
   00152    0.4400   -1417.2433  0.5885 
   00153    0.4900   -1418.7857  0.5916 
   00154    0.4900   -1418.0861  0.5917 
   00155    0.4800   -1418.9277  0.5884 
   00156    0.5325   -1421.6975  0.5923 
   00157    0.4375   -1424.7154  0.5907 
   00158    0.4575   -1427.2658  0.5890 
   00159    0.4900   -1423.8939  0.5884 
   00160    0.4625   -1423.6330  0.5901 
   00161    0.4900   -1428.3694  0.5946 
   00162    0.4625   -1427.0791  0.5927 
   00163    0.4500   -1427.9207  0.5902 
   00164    0.4925   -1430.6466  0.5913 
   00165    0.4225   -1431.0954  0.5941 
   00166    0.4475   -1433.3690  0.5952 
   00167    0.4625   -1437.8865  0.6029 
   00168    0.4625   -1436.4074  0.6040 
   00169    0.4725   -1438.1263  0.6080 
   00170    0.4850   -1439.2814  0.6072 
   00171    0.4450   -1438.5621  0.6042 
   00172    0.4675   -1442.1274  0.6076 
   00173    0.4125   -1438.7204  0.6041 
   00174    0.4600   -1441.1272  0.6063 
   00175    0.4425   -1442.1486  0.6081 
   00176    0.4300   -1438.7143  0.6105 
   00177    0.4650   -1441.5863  0.6107 
   00178    0.5150   -1446.1376  0.6117 
   00179    0.4475   -1447.6518  0.6117 
   00180    0.4600   -1443.4883  0.6188 
   00181    0.4925   -1442.3853  0.6208 
   00182    0.4600   -1440.0222  0.6255 
   00183    0.4300   -1442.2567  0.6267 
   00184    0.4400   -1443.1888  0.6262 
   00185    0.4425   -1443.9222  0.6300 
   00186    0.4400   -1443.7371  0.6267 
   00187    0.4600   -1446.4067  0.6303 
   00188    0.4650   -1446.9105  0.6341 
   00189    0.4350   -1441.8692  0.6301 
   00190    0.4875   -1439.1934  0.6368 
   00191    0.4650   -1438.3445  0.6394 
   00192    0.4325   -1437.7148  0.6426 
   00193    0.5050   -1444.9866  0.6509 
   00194    0.4575   -1442.0358  0.6513 
   00195    0.4550   -1442.4181  0.6510 
   00196    0.4950   -1443.8048  0.6577 
   00197    0.4875   -1441.8810  0.6527 
   00198    0.4100   -1449.1497  0.6597 
   00199    0.4225   -1449.2407  0.6609 
   00200    0.4800   -1453.8260  0.6699 
   00201    0.4600   -1458.0350  0.6692 
   00202    0.4800   -1458.2173  0.6748 
   00203    0.4875   -1461.1883  0.6765 
   00204    0.4650   -1460.5980  0.6765 
   00205    0.4475   -1462.2278  0.6788 
   00206    0.4725   -1460.7596  0.6762 
   00207    0.5100   -1461.3955  0.6753 
   00208    0.4825   -1459.4554  0.6799 
   00209    0.4850   -1459.0893  0.6799 
   00210    0.4550   -1453.8741  0.6787 
   00211    0.4150   -1454.1112  0.6808 
   00212    0.4750   -1451.6858  0.6829 
   00213    0.4750   -1455.1034  0.6887 
   00214    0.4800   -1455.7060  0.6841 
   00215    0.4975   -1456.2992  0.6839 
   00216    0.4950   -1457.4789  0.6835 
   00217    0.4650   -1458.6709  0.6890 
   00218    0.4850   -1458.2507  0.6928 
   00219    0.4550   -1463.2425  0.6971 
   00220    0.4375   -1460.1889  0.6989 
   00221    0.4500   -1460.2825  0.6999 
   00222    0.5075   -1458.1664  0.6976 
   00223    0.4675   -1459.8223  0.7014 
   00224    0.5425   -1459.4592  0.7029 
   00225    0.5075   -1463.9398  0.7130 
   00226    0.4800   -1462.7631  0.7144 
   00227    0.4725   -1466.5192  0.7178 
   00228    0.4925   -1470.5776  0.7195 
   00229    0.3950   -1475.2469  0.7172 
   00230    0.4675   -1470.7826  0.7219 
   00231    0.4300   -1468.4011  0.7195 
   00232    0.4475   -1469.4756  0.7210 
   00233    0.4375   -1469.8121  0.7203 
   00234    0.4350   -1471.0310  0.7209 
   00235    0.4500   -1467.9603  0.7200 
   00236    0.4550   -1464.7065  0.7201 
   00237    0.5025   -1466.6713  0.7191 
   00238    0.4400   -1470.8021  0.7233 
   00239    0.4775   -1471.1268  0.7278 
   00240    0.4250   -1467.1194  0.7216 
   00241    0.5125   -1467.6490  0.7213 
   00242    0.5000   -1468.5630  0.7246 
   00243    0.5100   -1472.3705  0.7271 
   00244    0.4825   -1468.2067  0.7288 
   00245    0.4575   -1468.8616  0.7295 
   00246    0.4700   -1471.0540  0.7314 
   00247    0.4125   -1469.7343  0.7327 
   00248    0.4375   -1470.5342  0.7315 
   00249    0.4800   -1475.8043  0.7357 
   00250    0.4675   -1474.9081  0.7396 
   00251    0.4725   -1477.5198  0.7383 
   00252    0.4775   -1476.6779  0.7348 
   00253    0.4650   -1474.1290  0.7399 
   00254    0.4925   -1470.9771  0.7358 
   00255    0.4875   -1474.3443  0.7364 
   00256    0.5025   -1471.0586  0.7379 
   00257    0.4600   -1469.1422  0.7398 
   00258    0.4600   -1469.6366  0.7429 
   00259    0.4425   -1466.4320  0.7421 
   00260    0.4900   -1468.8241  0.7416 
   00261    0.4800   -1470.3580  0.7412 
   00262    0.4475   -1468.8420  0.7421 
   00263    0.4975   -1473.6930  0.7461 
   00264    0.4525   -1476.2463  0.7482 
   00265    0.4800   -1478.2498  0.7544 
   00266    0.4750   -1473.0669  0.7469 
   00267    0.4825   -1475.5202  0.7455 
   00268    0.4375   -1474.8940  0.7446 
   00269    0.5000   -1478.5559  0.7475 
   00270    0.4525   -1476.0900  0.7512 
   00271    0.4775   -1479.1795  0.7565 
   00272    0.5375   -1482.3210  0.7547 
   00273    0.4650   -1484.1655  0.7535 
   00274    0.4975   -1483.4419  0.7584 
   00275    0.4625   -1483.7868  0.7572 
   00276    0.4100   -1481.1776  0.7570 
   00277    0.4500   -1476.3117  0.7597 
   00278    0.4675   -1484.9608  0.7632 
   00279    0.4650   -1482.2835  0.7621 
   00280    0.4675   -1480.2444  0.7604 
   00281    0.4450   -1473.7432  0.7610 
   00282    0.5050   -1473.2620  0.7609 
   00283    0.4700   -1471.7325  0.7619 
   00284    0.4475   -1474.1983  0.7633 
   00285    0.5125   -1479.2180  0.7606 
   00286    0.4525   -1478.6396  0.7593 
   00287    0.5075   -1484.4966  0.7594 
   00288    0.4550   -1481.6891  0.7621 
   00289    0.4725   -1481.1136  0.7605 
   00290    0.4800   -1481.4381  0.7613 
   00291    0.4675   -1482.3989  0.7607 
   00292    0.4550   -1486.0034  0.7631 
   00293    0.4975   -1488.5681  0.7654 
   00294    0.4500   -1488.4705  0.7639 
   00295    0.5050   -1489.5163  0.7736 
   00296    0.5225   -1491.9932  0.7755 
   00297    0.4650   -1490.1206  0.7741 
   00298    0.4350   -1484.8575  0.7773 
   00299    0.4450   -1484.0538  0.7752 
   00300    0.4650   -1480.4713  0.7724 
   00301    0.4375   -1483.3653  0.7758 
   00302    0.5175   -1480.3120  0.7785 
   00303    0.4475   -1478.4138  0.7832 
   00304    0.4900   -1484.2978  0.7808 
   00305    0.4650   -1485.8412  0.7851 
   00306    0.4775   -1482.8448  0.7803 
   00307    0.4375   -1485.6220  0.7860 
   00308    0.4625   -1485.7767  0.7881 
   00309    0.4950   -1482.8368  0.7911 
   00310    0.5050   -1483.7452  0.7928 
   00311    0.4925   -1481.5483  0.7941 
   00312    0.4750   -1488.3178  0.8000 
   00313    0.5025   -1490.3755  0.7963 
   00314    0.4675   -1488.1992  0.7982 
   00315    0.4950   -1487.8889  0.8006 
   00316    0.4600   -1486.5744  0.7982 
   00317    0.4775   -1486.3471  0.7960 
   00318    0.4375   -1486.8029  0.7943 
   00319    0.4675   -1484.3273  0.7951 
   00320    0.4675   -1485.6513  0.7978 
   00321    0.4500   -1481.8371  0.7966 
   00322    0.5225   -1481.0825  0.7968 
   00323    0.5000   -1482.3791  0.7995 
   00324    0.5050   -1483.3872  0.7999 
   00325    0.4750   -1483.3881  0.8012 
   00326    0.4150   -1484.6273  0.8032 
   00327    0.4625   -1485.5528  0.8121 
   00328    0.4775   -1482.8965  0.8130 
   00329    0.4825   -1480.8969  0.8126 
   00330    0.4425   -1483.1493  0.8141 
   00331    0.4375   -1480.5898  0.8100 
   00332    0.4650   -1478.1315  0.8092 
   00333    0.4275   -1472.5603  0.8092 
   00334    0.4400   -1468.5386  0.8048 
   00335    0.4700   -1469.4649  0.8067 
   00336    0.4600   -1475.9902  0.8110 
   00337    0.4675   -1473.9507  0.8108 
   00338    0.4575   -1476.3840  0.8099 
   00339    0.4750   -1480.9619  0.8131 
   00340    0.4400   -1482.2062  0.8116 
   00341    0.4075   -1484.9297  0.8104 
   00342    0.4675   -1484.4040  0.8075 
   00343    0.4950   -1486.5556  0.8093 
   00344    0.4375   -1487.3807  0.8115 
   00345    0.4650   -1488.1031  0.8120 
   00346    0.4875   -1486.9516  0.8076 
   00347    0.4375   -1481.7180  0.8046 
   00348    0.4300   -1484.5342  0.8029 
   00349    0.4300   -1487.0540  0.8028 
   00350    0.4500   -1481.5888  0.8011 
   00351    0.4500   -1478.2292  0.7989 
   00352    0.4575   -1477.4641  0.7990 
   00353    0.4750   -1483.0115  0.7989 
   00354    0.4625   -1481.9563  0.7987 
   00355    0.4750   -1485.4683  0.8038 
   00356    0.4525   -1483.4667  0.8002 
   00357    0.4625   -1480.6364  0.8005 
   00358    0.4725   -1481.6845  0.7979 
   00359    0.4700   -1480.1148  0.7929 
   00360    0.5025   -1480.2011  0.7923 
   00361    0.4725   -1479.7467  0.7920 
   00362    0.4850   -1481.3814  0.7928 
   00363    0.4450   -1480.8419  0.7903 
   00364    0.4775   -1479.6485  0.7869 
   00365    0.4450   -1483.2553  0.7908 
   00366    0.4900   -1482.0267  0.7916 
   00367    0.4725   -1480.2780  0.7953 
   00368    0.4375   -1481.1305  0.7950 
   00369    0.5075   -1485.5988  0.7950 
   00370    0.4575   -1484.8497  0.7946 
   00371    0.4925   -1483.5644  0.7952 
   00372    0.5025   -1483.2142  0.7899 
   00373    0.4500   -1483.6749  0.7908 
   00374    0.4525   -1486.2422  0.7937 
   00375    0.4800   -1487.8968  0.7940 
   00376    0.4900   -1492.2293  0.7959 
   00377    0.4775   -1492.5083  0.7997 
   00378    0.4525   -1491.7868  0.7997 
   00379    0.4600   -1492.1016  0.7996 
   00380    0.4675   -1489.3379  0.7967 
   00381    0.4325   -1484.4534  0.7904 
   00382    0.4450   -1483.7490  0.7937 
   00383    0.4300   -1482.8461  0.7959 
   00384    0.4525   -1481.5192  0.7971 
   00385    0.5200   -1482.0708  0.7980 
   00386    0.4150   -1482.2992  0.7993 
   00387    0.4150   -1485.5471  0.8010 
   00388    0.4400   -1490.3546  0.8042 
   00389    0.4700   -1489.3850  0.8049 
   00390    0.5025   -1488.4509  0.8045 
   00391    0.4700   -1487.6892  0.8058 
   00392    0.4625   -1487.5626  0.8070 
   00393    0.4700   -1487.5945  0.8045 
   00394    0.5025   -1487.0003  0.8047 
   00395    0.4925   -1484.4211  0.8077 
   00396    0.4800   -1489.5686  0.8113 
   00397    0.4850   -1491.9973  0.8128 
   00398    0.4775   -1490.8135  0.8154 
   00399    0.4475   -1493.4059  0.8148 
   00400    0.4550   -1490.2485  0.8088 
   00401    0.4625   -1486.2669  0.8072 
   00402    0.5125   -1484.4232  0.8058 
   00403    0.4650   -1483.6956  0.8073 
   00404    0.4800   -1484.7642  0.8060 
   00405    0.4550   -1482.9103  0.8059 
   00406    0.4450   -1482.6386  0.8008 
   00407    0.4125   -1483.3818  0.8041 
   00408    0.4750   -1482.3419  0.8021 
   00409    0.4375   -1484.0908  0.8027 
   00410    0.4525   -1482.7307  0.8061 
   00411    0.4900   -1482.6564  0.8092 
   00412    0.4275   -1483.5954  0.8126 
   00413    0.4750   -1481.3059  0.8136 
   00414    0.4325   -1485.3760  0.8145 
   00415    0.4675   -1487.3764  0.8178 
   00416    0.4825   -1485.3283  0.8176 
   00417    0.4875   -1490.1335  0.8220 
   00418    0.4800   -1491.0498  0.8194 
   00419    0.4250   -1487.2278  0.8186 
   00420    0.4700   -1491.8748  0.8225 
   00421    0.4775   -1493.6259  0.8239 
   00422    0.4750   -1493.2520  0.8199 
   00423    0.4225   -1491.9765  0.8220 
   00424    0.4250   -1488.9379  0.8224 
   00425    0.4800   -1491.2724  0.8215 
   00426    0.4725   -1490.5748  0.8269 
   00427    0.3975   -1491.1642  0.8248 
   00428    0.4925   -1488.1567  0.8232 
   00429    0.4850   -1489.8430  0.8246 
   00430    0.4925   -1486.9478  0.8247 
   00431    0.4400   -1488.0289  0.8267 
   00432    0.4650   -1486.8015  0.8249 
   00433    0.4925   -1485.6051  0.8252 
   00434    0.5050   -1492.9180  0.8279 
   00435    0.4600   -1487.6020  0.8307 
   00436    0.4700   -1495.2655  0.8350 
   00437    0.4750   -1499.4307  0.8355 
   00438    0.4500   -1497.8401  0.8318 
   00439    0.5125   -1492.0779  0.8267 
   00440    0.4600   -1490.5697  0.8272 
   00441    0.4825   -1487.7992  0.8268 
   00442    0.4275   -1488.4239  0.8278 
   00443    0.4475   -1489.8789  0.8291 
   00444    0.4075   -1487.7412  0.8317 
   00445    0.4750   -1490.0888  0.8336 
   00446    0.4625   -1491.9302  0.8371 
   00447    0.4500   -1497.6147  0.8404 
   00448    0.4675   -1498.1426  0.8377 
   00449    0.4550   -1495.6495  0.8354 
   00450    0.4825   -1494.2235  0.8354 
   00451    0.4675   -1494.7400  0.8334 
   00452    0.4275   -1495.0771  0.8347 
   00453    0.4375   -1495.8125  0.8372 
   00454    0.4300   -1494.1374  0.8400 
   00455    0.4550   -1493.1680  0.8392 
   00456    0.4925   -1493.9930  0.8359 
   00457    0.4700   -1484.1246  0.8369 
   00458    0.4725   -1483.9237  0.8366 
   00459    0.4200   -1484.0645  0.8405 
   00460    0.4425   -1481.0728  0.8385 
   00461    0.4775   -1479.7774  0.8418 
   00462    0.4400   -1480.1108  0.8370 
   00463    0.4900   -1473.4461  0.8371 
   00464    0.4750   -1475.4673  0.8330 
   00465    0.4625   -1475.8550  0.8282 
   00466    0.5100   -1479.8228  0.8314 
   00467    0.4650   -1481.0105  0.8327 
   00468    0.4525   -1483.2908  0.8320 
   00469    0.5250   -1481.2063  0.8349 
   00470    0.4600   -1482.2450  0.8329 
   00471    0.4725   -1482.0546  0.8319 
   00472    0.4125   -1480.4102  0.8324 
   00473    0.5025   -1481.3746  0.8348 
   00474    0.4600   -1481.8209  0.8328 
   00475    0.4625   -1478.8822  0.8297 
   00476    0.4550   -1481.1202  0.8323 
   00477    0.4825   -1482.5918  0.8332 
   00478    0.4575   -1480.8498  0.8320 
   00479    0.4525   -1480.6540  0.8331 
   00480    0.4575   -1480.4815  0.8322 
   00481    0.4725   -1477.7453  0.8325 
   00482    0.4300   -1480.6626  0.8337 
   00483    0.4375   -1484.9151  0.8388 
   00484    0.4575   -1486.1050  0.8379 
   00485    0.4450   -1486.6190  0.8414 
   00486    0.4625   -1488.7974  0.8461 
   00487    0.4625   -1486.4132  0.8442 
   00488    0.4400   -1483.0598  0.8486 
   00489    0.4500   -1484.9642  0.8473 
   00490    0.4550   -1482.1203  0.8494 
   00491    0.4625   -1485.5231  0.8519 
   00492    0.4700   -1490.6982  0.8539 
   00493    0.4750   -1486.4827  0.8506 
   00494    0.4725   -1487.5971  0.8509 
   00495    0.5075   -1490.5464  0.8514 
   00496    0.5050   -1488.1390  0.8526 
   00497    0.4700   -1490.6713  0.8542 
   00498    0.4600   -1491.0692  0.8583 
   00499    0.4650   -1492.8738  0.8584 
   00500    0.4675   -1494.7217  0.8577 
   00501    0.4675   -1491.6641  0.8576 
   00502    0.4375   -1492.2145  0.8549 
   00503    0.4775   -1490.6551  0.8563 
   00504    0.4675   -1492.4690  0.8609 
   00505    0.4750   -1494.4409  0.8546 
   00506    0.4625   -1494.3390  0.8553 
   00507    0.4375   -1490.1819  0.8549 
   00508    0.4450   -1486.3606  0.8574 
   00509    0.4550   -1483.2155  0.8545 
   00510    0.4025   -1481.5161  0.8544 
   00511    0.4775   -1483.1175  0.8575 
   00512    0.4625   -1485.6165  0.8585 
   00513    0.4550   -1483.9963  0.8560 
   00514    0.4425   -1484.6512  0.8539 
   00515    0.4525   -1488.6290  0.8594 
   00516    0.4300   -1487.4525  0.8604 
   00517    0.4600   -1491.4128  0.8611 
   00518    0.4575   -1492.7199  0.8600 
   00519    0.4875   -1491.3116  0.8595 
   00520    0.4175   -1493.5623  0.8616 
   00521    0.4725   -1497.4000  0.8652 
   00522    0.4000   -1493.5691  0.8642 
   00523    0.3950   -1493.4956  0.8623 
   00524    0.4650   -1494.4579  0.8661 
   00525    0.4700   -1495.2020  0.8666 
   00526    0.5000   -1498.4179  0.8664 
   00527    0.4350   -1495.0380  0.8673 
   00528    0.4525   -1491.5296  0.8668 
   00529    0.4500   -1492.9934  0.8654 
   00530    0.4850   -1498.4955  0.8703 
   00531    0.4625   -1499.0257  0.8711 
   00532    0.4125   -1498.6687  0.8732 
   00533    0.4850   -1496.8508  0.8744 
   00534    0.4475   -1497.8124  0.8773 
   00535    0.4575   -1494.3347  0.8817 
   00536    0.4925   -1494.3289  0.8772 
   00537    0.4725   -1493.4533  0.8777 
   00538    0.4750   -1495.3287  0.8753 
   00539    0.4800   -1489.4318  0.8739 
   00540    0.4800   -1490.5111  0.8740 
   00541    0.4425   -1487.5784  0.8754 
   00542    0.5025   -1492.2530  0.8784 
   00543    0.4525   -1494.6144  0.8819 
   00544    0.4375   -1496.0278  0.8825 
   00545    0.4400   -1496.2177  0.8847 
   00546    0.5350   -1491.1504  0.8834 
   00547    0.4800   -1495.8748  0.8914 
   00548    0.4725   -1492.6212  0.8883 
   00549    0.4650   -1492.9653  0.8849 
   00550    0.4525   -1492.6443  0.8879 
   00551    0.4125   -1495.5301  0.8873 
   00552    0.4725   -1489.8342  0.8897 
   00553    0.5025   -1492.5423  0.8914 
   00554    0.4525   -1494.9110  0.8928 
   00555    0.4650   -1496.7374  0.8923 
   00556    0.4875   -1493.7982  0.8947 
   00557    0.4100   -1495.9930  0.8956 
   00558    0.5150   -1501.2131  0.9010 
   00559    0.4700   -1501.4919  0.9055 
   00560    0.4650   -1498.3363  0.9029 
   00561    0.4550   -1499.5416  0.9034 
   00562    0.4400   -1500.3542  0.9041 
   00563    0.4475   -1503.0323  0.9019 
   00564    0.4900   -1506.1305  0.9021 
   00565    0.4400   -1508.1123  0.9029 
   00566    0.4625   -1505.5565  0.9011 
   00567    0.4850   -1505.4910  0.9010 
   00568    0.4475   -1507.1171  0.9018 
   00569    0.4925   -1504.6736  0.9025 
   00570    0.4625   -1503.3439  0.9021 
   00571    0.4800   -1503.5700  0.9017 
   00572    0.4925   -1509.2323  0.9039 
   00573    0.4475   -1512.1623  0.9030 
   00574    0.4825   -1512.6636  0.9049 
   00575    0.4800   -1508.8325  0.9012 
   00576    0.4850   -1508.9791  0.9018 
   00577    0.4825   -1507.0179  0.9017 
   00578    0.4100   -1504.7679  0.9021 
   00579    0.4875   -1502.4696  0.9008 
   00580    0.4625   -1498.8506  0.9023 
   00581    0.5300   -1496.9741  0.9062 
   00582    0.4650   -1495.2134  0.9061 
   00583    0.4650   -1500.3396  0.9037 
   00584    0.4250   -1497.0883  0.9068 
   00585    0.4950   -1500.4306  0.9101 
   00586    0.4175   -1506.5304  0.9126 
   00587    0.4700   -1509.7352  0.9139 
   00588    0.4950   -1513.6455  0.9176 
   00589    0.4425   -1514.6054  0.9191 
   00590    0.4850   -1514.0771  0.9187 
   00591    0.4700   -1520.1904  0.9212 
   00592    0.5150   -1519.6046  0.9210 
   00593    0.4775   -1519.4272  0.9215 
   00594    0.4700   -1522.7977  0.9228 
   00595    0.4500   -1521.2129  0.9257 
   00596    0.4675   -1519.4557  0.9282 
   00597    0.4675   -1518.2075  0.9257 
   00598    0.4700   -1519.7900  0.9258 
   00599    0.4525   -1521.0379  0.9281 
   00600    0.4250   -1519.0849  0.9266 
   00601    0.4950   -1518.2200  0.9241 
   00602    0.4825   -1513.9369  0.9214 
   00603    0.4525   -1512.2437  0.9248 
   00604    0.4950   -1512.6057  0.9253 
   00605    0.4600   -1513.8035  0.9246 
   00606    0.4600   -1513.2786  0.9251 
   00607    0.4600   -1516.1061  0.9272 
   00608    0.4275   -1518.8332  0.9267 
   00609    0.4875   -1521.3078  0.9259 
   00610    0.4225   -1518.9059  0.9257 
   00611    0.5025   -1517.4042  0.9249 
   00612    0.4425   -1516.4238  0.9252 
   00613    0.4675   -1519.9524  0.9250 
   00614    0.4725   -1520.0554  0.9249 
   00615    0.5000   -1521.7945  0.9294 
   00616    0.4650   -1519.5308  0.9301 
   00617    0.4775   -1516.0645  0.9304 
   00618    0.4150   -1521.2802  0.9320 
   00619    0.4800   -1522.8822  0.9321 
   00620    0.4700   -1522.0169  0.9328 
   00621    0.4575   -1521.0445  0.9336 
   00622    0.4350   -1519.6858  0.9322 
   00623    0.4925   -1516.7563  0.9291 
   00624    0.4700   -1513.6274  0.9277 
   00625    0.4575   -1511.6087  0.9296 
   00626    0.5225   -1517.7784  0.9329 
   00627    0.4750   -1518.3391  0.9324 
   00628    0.4400   -1518.0668  0.9312 
   00629    0.4900   -1517.7311  0.9331 
   00630    0.4875   -1515.3388  0.9317 
   00631    0.4550   -1517.6026  0.9357 
   00632    0.4550   -1515.8604  0.9356 
   00633    0.4800   -1512.6642  0.9358 
   00634    0.4700   -1512.1811  0.9352 
   00635    0.4800   -1511.2372  0.9354 
   00636    0.4575   -1509.7155  0.9342 
   00637    0.4950   -1511.1087  0.9342 
   00638    0.4550   -1511.8690  0.9332 
   00639    0.4475   -1513.7527  0.9339 
   00640    0.4600   -1512.3067  0.9340 
   00641    0.4650   -1513.9489  0.9359 
   00642    0.4300   -1518.0661  0.9362 
   00643    0.4675   -1519.2721  0.9378 
   00644    0.4950   -1519.2802  0.9391 
   00645    0.4975   -1514.6343  0.9349 
   00646    0.4675   -1517.9661  0.9364 
   00647    0.4200   -1517.3941  0.9349 
   00648    0.4600   -1516.5256  0.9329 
   00649    0.4775   -1516.9862  0.9339 
   00650    0.4600   -1512.2821  0.9347 
   00651    0.4500   -1514.2960  0.9379 
   00652    0.4700   -1513.1823  0.9370 
   00653    0.4350   -1515.0068  0.9371 
   00654    0.4700   -1514.9708  0.9375 
   00655    0.4125   -1517.7909  0.9386 
   00656    0.4575   -1517.9085  0.9379 
   00657    0.4625   -1517.3682  0.9384 
   00658    0.4425   -1517.3430  0.9390 
   00659    0.4725   -1515.1157  0.9401 
   00660    0.4275   -1514.5824  0.9389 
   00661    0.4650   -1518.0501  0.9392 
   00662    0.4825   -1520.0794  0.9400 
   00663    0.4700   -1520.1932  0.9400 
   00664    0.4425   -1518.2378  0.9397 
   00665    0.4100   -1519.7731  0.9413 
   00666    0.4825   -1519.6858  0.9415 
   00667    0.4575   -1517.1947  0.9402 
   00668    0.4375   -1519.5646  0.9406 
   00669    0.4275   -1517.0250  0.9386 
   00670    0.4550   -1523.6511  0.9410 
   00671    0.4975   -1524.9903  0.9412 
   00672    0.4650   -1524.7271  0.9412 
   00673    0.4625   -1524.6394  0.9395 
   00674    0.4475   -1522.6368  0.9402 
   00675    0.4675   -1522.2795  0.9390 
   00676    0.4675   -1521.0493  0.9388 
   00677    0.4925   -1522.8540  0.9402 
   00678    0.4575   -1518.9851  0.9377 
   00679    0.4850   -1515.3964  0.9374 
   00680    0.4900   -1515.5103  0.9378 
   00681    0.4700   -1513.0410  0.9362 
   00682    0.4875   -1512.3683  0.9352 
   00683    0.4575   -1506.7931  0.9343 
   00684    0.4225   -1505.9557  0.9342 
   00685    0.4625   -1504.1898  0.9364 
   00686    0.4700   -1509.1634  0.9388 
   00687    0.4825   -1510.6814  0.9373 
   00688    0.4300   -1508.0573  0.9364 
   00689    0.4600   -1507.3092  0.9364 
   00690    0.4650   -1516.9071  0.9382 
   00691    0.4525   -1519.5434  0.9350 
   00692    0.4575   -1518.3821  0.9333 
   00693    0.4575   -1517.7515  0.9337 
   00694    0.4850   -1512.7583  0.9336 
   00695    0.4500   -1516.3427  0.9355 
   00696    0.4550   -1518.6258  0.9370 
   00697    0.4850   -1516.3924  0.9346 
   00698    0.5050   -1516.6737  0.9336 
   00699    0.4775   -1513.6728  0.9343 
   00700    0.4475   -1517.1986  0.9342 
   00701    0.4975   -1517.4449  0.9349 
   00702    0.4550   -1519.3411  0.9358 
   00703    0.4450   -1518.2954  0.9373 
   00704    0.4400   -1519.5223  0.9384 
   00705    0.4475   -1521.1818  0.9385 
   00706    0.4450   -1516.3906  0.9370 
   00707    0.4075   -1515.7329  0.9387 
   00708    0.4550   -1516.4041  0.9375 
   00709    0.4675   -1517.6066  0.9382 
   00710    0.4850   -1519.0218  0.9372 
   00711    0.4725   -1518.9744  0.9390 
   00712    0.4625   -1515.9819  0.9409 
   00713    0.4425   -1517.3058  0.9408 
   00714    0.4375   -1515.8185  0.9378 
   00715    0.4300   -1514.5683  0.9379 
   00716    0.4200   -1509.3363  0.9365 
   00717    0.4600   -1510.6290  0.9370 
   00718    0.4575   -1509.7340  0.9366 
   00719    0.4100   -1507.6717  0.9380 
   00720    0.4725   -1508.6836  0.9349 
   00721    0.4650   -1507.4071  0.9341 
   00722    0.4275   -1508.2497  0.9308 
   00723    0.4700   -1509.8583  0.9312 
   00724    0.4750   -1511.4625  0.9320 
   00725    0.4475   -1506.9250  0.9302 
   00726    0.4675   -1507.3882  0.9306 
   00727    0.4700   -1507.7476  0.9319 
   00728    0.4750   -1510.9079  0.9342 
   00729    0.4750   -1514.1454  0.9356 
   00730    0.4550   -1514.2132  0.9337 
   00731    0.5150   -1515.4337  0.9324 
   00732    0.4600   -1513.8300  0.9327 
   00733    0.4650   -1513.1945  0.9330 
   00734    0.4650   -1512.7943  0.9312 
   00735    0.4825   -1516.1144  0.9341 
   00736    0.4725   -1513.7148  0.9328 
   00737    0.4950   -1517.5100  0.9360 
   00738    0.4700   -1518.2242  0.9363 
   00739    0.4700   -1516.6312  0.9347 
   00740    0.4475   -1525.8056  0.9379 
   00741    0.4300   -1525.1780  0.9394 
   00742    0.4525   -1524.6129  0.9397 
   00743    0.4250   -1521.9927  0.9384 
   00744    0.4625   -1523.1696  0.9368 
   00745    0.4475   -1522.5770  0.9380 
   00746    0.4400   -1517.4472  0.9346 
   00747    0.4500   -1517.6402  0.9353 
   00748    0.4725   -1518.6113  0.9377 
   00749    0.4600   -1514.9706  0.9358 
   00750    0.4600   -1515.8660  0.9353 
   00751    0.4575   -1517.8232  0.9368 
   00752    0.4675   -1516.3953  0.9364 
   00753    0.4325   -1513.3387  0.9342 
   00754    0.4375   -1509.5270  0.9344 
   00755    0.4825   -1513.2935  0.9357 
   00756    0.4025   -1515.2904  0.9359 
   00757    0.4600   -1514.1194  0.9357 
   00758    0.4675   -1515.0315  0.9358 
   00759    0.4700   -1517.0834  0.9379 
   00760    0.4050   -1515.2166  0.9379 
   00761    0.4475   -1515.6094  0.9395 
   00762    0.4275   -1516.8624  0.9392 
   00763    0.4525   -1516.9287  0.9395 
   00764    0.4475   -1515.0241  0.9398 
   00765    0.4600   -1515.0744  0.9392 
   00766    0.4400   -1517.6098  0.9420 
   00767    0.4725   -1517.1349  0.9419 
   00768    0.4550   -1513.2750  0.9393 
   00769    0.4150   -1516.0231  0.9392 
   00770    0.4350   -1516.1955  0.9395 
   00771    0.4625   -1513.3860  0.9393 
   00772    0.4525   -1511.7565  0.9389 
   00773    0.4375   -1512.5378  0.9406 
   00774    0.4975   -1511.9707  0.9387 
   00775    0.4600   -1512.0226  0.9388 
   00776    0.4650   -1513.2139  0.9411 
   00777    0.5200   -1510.8306  0.9365 
   00778    0.4925   -1513.0857  0.9381 
   00779    0.4500   -1511.6441  0.9371 
   00780    0.4675   -1514.7599  0.9386 
   00781    0.4350   -1512.5154  0.9387 
   00782    0.5150   -1517.3225  0.9413 
   00783    0.4500   -1513.5123  0.9404 
   00784    0.4800   -1512.6403  0.9428 
   00785    0.4875   -1517.5479  0.9440 
   00786    0.4600   -1520.5240  0.9454 
   00787    0.4575   -1522.2652  0.9472 
   00788    0.4450   -1518.4730  0.9490 
   00789    0.4775   -1521.8878  0.9476 
   00790    0.4275   -1523.4547  0.9485 
   00791    0.4225   -1523.1643  0.9484 
   00792    0.4125   -1522.4840  0.9478 
   00793    0.4475   -1518.5423  0.9454 
   00794    0.4900   -1519.8574  0.9449 
   00795    0.4725   -1518.1178  0.9451 
   00796    0.4375   -1514.4309  0.9433 
   00797    0.4350   -1511.2122  0.9432 
   00798    0.4700   -1510.6689  0.9451 
   00799    0.4875   -1513.3247  0.9452 
   00800    0.4450   -1515.3718  0.9448 
   00801    0.4625   -1517.9099  0.9470 
   00802    0.4375   -1518.1610  0.9457 
   00803    0.4525   -1521.3342  0.9456 
   00804    0.4700   -1517.6263  0.9462 
   00805    0.4425   -1517.4671  0.9457 
   00806    0.4750   -1516.2651  0.9476 
   00807    0.4775   -1511.9995  0.9484 
   00808    0.4600   -1511.4695  0.9492 
   00809    0.5000   -1509.3943  0.9457 
   00810    0.4475   -1509.7559  0.9456 
   00811    0.5000   -1513.2259  0.9458 
   00812    0.4725   -1514.6903  0.9480 
   00813    0.4800   -1513.7724  0.9491 
   00814    0.4425   -1515.1865  0.9488 
   00815    0.4800   -1515.4875  0.9486 
   00816    0.4475   -1513.6601  0.9493 
   00817    0.4350   -1514.5135  0.9507 
   00818    0.4625   -1516.4225  0.9513 
   00819    0.4525   -1512.5549  0.9504 
   00820    0.4575   -1513.2711  0.9495 
   00821    0.4700   -1511.4607  0.9497 
   00822    0.4400   -1511.4762  0.9476 
   00823    0.4825   -1514.9252  0.9482 
   00824    0.4675   -1515.2580  0.9489 
   00825    0.4650   -1517.2368  0.9508 
   00826    0.4625   -1517.9297  0.9512 
   00827    0.4275   -1516.9728  0.9534 
   00828    0.4500   -1517.6400  0.9523 
   00829    0.4575   -1518.2342  0.9531 
   00830    0.4725   -1518.5844  0.9538 
   00831    0.4950   -1521.1501  0.9555 
   00832    0.5050   -1518.6010  0.9533 
   00833    0.4425   -1516.9130  0.9515 
   00834    0.4700   -1517.3494  0.9497 
   00835    0.4850   -1517.2887  0.9474 
   00836    0.4575   -1513.1176  0.9471 
   00837    0.4575   -1512.5482  0.9467 
   00838    0.4700   -1515.6123  0.9488 
   00839    0.4675   -1512.5208  0.9492 
   00840    0.4800   -1512.4407  0.9493 
   00841    0.4525   -1515.6603  0.9519 
   00842    0.4700   -1518.0879  0.9511 
   00843    0.4450   -1517.1394  0.9519 
   00844    0.4425   -1512.9021  0.9486 
   00845    0.4675   -1513.7404  0.9475 
   00846    0.4375   -1512.4847  0.9477 
   00847    0.4975   -1511.0246  0.9479 
   00848    0.4550   -1511.8178  0.9503 
   00849    0.4450   -1512.5331  0.9498 
   00850    0.5175   -1511.8866  0.9472 
   00851    0.4525   -1514.2499  0.9483 
   00852    0.4650   -1514.3648  0.9476 
   00853    0.4925   -1514.8190  0.9473 
   00854    0.4700   -1511.7846  0.9464 
   00855    0.4675   -1510.3552  0.9450 
   00856    0.4850   -1512.4783  0.9477 
   00857    0.4875   -1510.5346  0.9486 
   00858    0.4775   -1510.4059  0.9496 
   00859    0.4700   -1508.8387  0.9487 
   00860    0.4700   -1507.0072  0.9489 
   00861    0.4300   -1508.2810  0.9507 
   00862    0.4650   -1512.3723  0.9521 
   00863    0.5125   -1512.5296  0.9499 
   00864    0.4975   -1508.6533  0.9490 
   00865    0.4775   -1513.5143  0.9502 
   00866    0.4700   -1511.5215  0.9488 
   00867    0.4400   -1510.6912  0.9493 
   00868    0.4675   -1510.8581  0.9490 
   00869    0.4900   -1510.0015  0.9481 
   00870    0.4625   -1514.6110  0.9497 
   00871    0.4575   -1513.4182  0.9511 
   00872    0.4350   -1514.2466  0.9512 
   00873    0.4250   -1517.4796  0.9528 
   00874    0.4725   -1517.6748  0.9535 
   00875    0.4725   -1520.8951  0.9557 
   00876    0.4750   -1520.8344  0.9564 
   00877    0.4325   -1521.7481  0.9570 
   00878    0.5050   -1520.8844  0.9571 
   00879    0.4600   -1525.8721  0.9589 
   00880    0.4575   -1523.7400  0.9577 
   00881    0.4875   -1523.0953  0.9571 
   00882    0.4525   -1526.4332  0.9581 
   00883    0.4525   -1524.5454  0.9576 
   00884    0.4575   -1525.3644  0.9565 
   00885    0.4625   -1522.5631  0.9554 
   00886    0.4550   -1523.6670  0.9551 
   00887    0.4700   -1523.5094  0.9535 
   00888    0.4250   -1522.7134  0.9543 
   00889    0.4675   -1520.5322  0.9539 
   00890    0.4000   -1517.6210  0.9533 
   00891    0.4425   -1516.6893  0.9506 
   00892    0.4700   -1513.4042  0.9479 
   00893    0.4950   -1512.8625  0.9500 
   00894    0.4350   -1515.0800  0.9484 
   00895    0.4550   -1515.6503  0.9478 
   00896    0.4625   -1514.5352  0.9488 
   00897    0.4400   -1514.9273  0.9503 
   00898    0.4325   -1519.3561  0.9499 
   00899    0.4400   -1518.8631  0.9508 
   00900    0.4350   -1521.8684  0.9523 
   00901    0.4450   -1515.9654  0.9491 
   00902    0.4525   -1517.9047  0.9521 
   00903    0.4450   -1522.3978  0.9535 
   00904    0.4500   -1520.0742  0.9514 
   00905    0.4725   -1520.1215  0.9494 
   00906    0.4625   -1519.3218  0.9497 
   00907    0.4775   -1517.7523  0.9517 
   00908    0.4325   -1516.6383  0.9527 
   00909    0.4600   -1517.7989  0.9536 
   00910    0.4450   -1520.9962  0.9521 
   00911    0.4400   -1520.5640  0.9505 
   00912    0.4750   -1519.7966  0.9509 
   00913    0.4850   -1520.6008  0.9515 
   00914    0.5025   -1517.4612  0.9495 
   00915    0.4400   -1516.3532  0.9474 
   00916    0.4275   -1514.7517  0.9481 
   00917    0.4675   -1513.1385  0.9470 
   00918    0.4275   -1515.4870  0.9487 
   00919    0.4075   -1512.2825  0.9466 
   00920    0.4975   -1511.6113  0.9469 
   00921    0.4575   -1511.7801  0.9480 
   00922    0.4575   -1508.9439  0.9489 
   00923    0.4450   -1509.3471  0.9500 
   00924    0.4450   -1509.4610  0.9482 
   00925    0.4875   -1509.1922  0.9504 
   00926    0.4250   -1507.8381  0.9489 
   00927    0.5200   -1511.4975  0.9473 
   00928    0.4675   -1512.9815  0.9468 
   00929    0.5050   -1512.0374  0.9475 
   00930    0.4325   -1512.8485  0.9456 
   00931    0.4650   -1513.7364  0.9448 
   00932    0.4550   -1513.1409  0.9444 
   00933    0.4600   -1517.5385  0.9458 
   00934    0.4950   -1517.8847  0.9473 
   00935    0.4300   -1520.3442  0.9487 
   00936    0.4925   -1522.2203  0.9482 
   00937    0.4850   -1519.7505  0.9484 
   00938    0.4750   -1523.5463  0.9507 
   00939    0.4325   -1520.2982  0.9499 
   00940    0.5025   -1519.6265  0.9502 
   00941    0.4700   -1516.4292  0.9471 
   00942    0.4800   -1513.5573  0.9460 
   00943    0.4625   -1517.0580  0.9475 
   00944    0.4800   -1512.5655  0.9453 
   00945    0.4850   -1513.9758  0.9468 
   00946    0.4875   -1517.5425  0.9462 
   00947    0.4350   -1518.7625  0.9478 
   00948    0.4775   -1519.2186  0.9503 
   00949    0.4600   -1517.2742  0.9505 
   00950    0.4850   -1516.9696  0.9504 
   00951    0.4600   -1514.5791  0.9493 
   00952    0.4575   -1515.2722  0.9502 
   00953    0.5025   -1516.3286  0.9524 
   00954    0.4525   -1518.0040  0.9522 
   00955    0.4375   -1516.9789  0.9508 
   00956    0.4775   -1512.4631  0.9501 
   00957    0.4700   -1515.4966  0.9501 
   00958    0.4600   -1515.6377  0.9511 
   00959    0.4550   -1512.0266  0.9497 
   00960    0.4350   -1512.4205  0.9506 
   00961    0.4775   -1512.4791  0.9509 
   00962    0.4750   -1511.4488  0.9493 
   00963    0.4700   -1513.4225  0.9516 
   00964    0.4700   -1513.0353  0.9516 
   00965    0.4525   -1516.0955  0.9519 
   00966    0.4650   -1518.4299  0.9532 
   00967    0.4625   -1520.1149  0.9519 
   00968    0.4375   -1515.7478  0.9525 
   00969    0.4675   -1516.3025  0.9521 
   00970    0.4450   -1520.0236  0.9539 
   00971    0.4950   -1516.6907  0.9517 
   00972    0.4300   -1515.6609  0.9507 
   00973    0.4150   -1511.5142  0.9488 
   00974    0.4100   -1511.2948  0.9485 
   00975    0.4825   -1510.1906  0.9506 
   00976    0.4400   -1511.7175  0.9514 
   00977    0.4600   -1514.0412  0.9530 
   00978    0.4850   -1513.8957  0.9536 
   00979    0.4150   -1511.9182  0.9522 
   00980    0.4900   -1511.8284  0.9545 
   00981    0.4850   -1516.5163  0.9555 
   00982    0.4925   -1512.6510  0.9550 
   00983    0.5100   -1513.7965  0.9579 
   00984    0.4725   -1516.0328  0.9583 
   00985    0.4925   -1516.2981  0.9568 
   00986    0.4850   -1515.4760  0.9575 
   00987    0.4375   -1517.7028  0.9577 
   00988    0.4450   -1516.0870  0.9575 
   00989    0.4300   -1517.1382  0.9586 
   00990    0.4375   -1515.6770  0.9572 
   00991    0.4925   -1510.8299  0.9546 
   00992    0.4925   -1512.1480  0.9546 
   00993    0.4775   -1517.0369  0.9564 
   00994    0.4975   -1518.5222  0.9594 
   00995    0.4975   -1518.3083  0.9582 
   00996    0.4525   -1515.0189  0.9578 
   00997    0.5000   -1516.9600  0.9578 
   00998    0.4925   -1520.2887  0.9591 
   00999    0.4775   -1523.2379  0.9590 
   01000    0.4700   -1524.4260  0.9608 
