#=====================================================
# File created:        Wed-05-Nov-2025-at-03-24-13AM
# Size of lattice:     20x20
# Number of MC steps:  1000
# Reduced temperature: 0.150
# Run time (s):        1.915981
#=====================================================
# MC step:  Ratio:     Energy:   Order:
#=====================================================
   00000    0.5000    -385.4187  0.2840 
   00001    0.4775    -420.5800  0.3271 
   00002    0.4550    -449.9616  0.3391 
   00003    0.5025    -475.1530  0.3373 
   00004    0.4900    -507.3470  0.3417 
   00005    0.4875    -528.0346  0.3493 
   00006    0.4950    -542.4618  0.3576 
   00007    0.4825    -556.5210  0.3602 
   00008    0.4825    -577.3682  0.3655 
   00009    0.5100    -588.5565  0.3688 
   00010    0.4675    -610.5457  0.3726 
   00011    0.5150    -630.8301  0.3771 
   00012    0.5200    -635.4821  0.3721 
   00013    0.5150    -660.4246  0.3797 
   00014    0.4850    -683.3028  0.3816 
   00015    0.4875    -703.9625  0.3842 
   00016    0.5200    -723.6744  0.3964 
   00017    0.5525    -746.5693  0.4005 
   00018    0.4975    -758.2419  0.4015 
   00019    0.5000    -774.6071  0.4058 
   00020    0.5175    -782.7517  0.4107 
   00021    0.5025    -799.5808  0.4166 
   00022    0.5175    -804.0332  0.4134 
   00023    0.4825    -811.0549  0.4121 
   00024    0.5200    -822.4258  0.4212 
   00025    0.5175    -830.7949  0.4199 
   00026    0.4775    -841.6503  0.4274 
   00027    0.5400    -851.7026  0.4261 
   00028    0.4975    -869.6701  0.4314 
   00029    0.5125    -878.2659  0.4315 
   00030    0.5400    -888.3979  0.4367 
   00031    0.5525    -893.2488  0.4333 
   00032    0.5225    -901.9174  0.4377 
   00033    0.5125    -914.1573  0.4450 
   00034    0.4600    -921.8508  0.4494 
   00035    0.4825    -937.6356  0.4490 
   00036    0.4900    -943.5667  0.4550 
   00037    0.5475    -955.6446  0.4582 
   00038    0.4975    -967.7310  0.4633 
   00039    0.4800    -983.7591  0.4661 
   00040    0.4750    -990.1392  0.4673 
   00041    0.5025    -999.4029  0.4721 
   00042    0.5150   -1013.1211  0.4771 
   00043    0.5125   -1024.4183  0.4831 
   00044    0.4950   -1032.8006  0.4840 
   00045    0.4950   -1045.0684  0.4864 
   00046    0.5550   -1061.2164  0.4925 
   00047    0.4675   -1071.4206  0.4971 
   00048    0.4850   -1077.8599  0.4993 
   00049    0.5325   -1089.8520  0.5078 
   00050    0.5075   -1101.3848  0.5086 
   00051    0.5200   -1110.4257  0.5109 
   00052    0.4700   -1116.5353  0.5098 
   00053    0.5300   -1128.2167  0.5066 
   00054    0.4700   -1133.6641  0.5105 
   00055    0.4950   -1139.7044  0.5112 
   00056    0.5000   -1147.1357  0.5100 
   00057    0.4725   -1151.3759  0.5105 
   00058    0.5100   -1151.4008  0.5098 
   00059    0.5350   -1153.4869  0.5088 
   00060    0.4725   -1156.0139  0.5103 
   00061    0.4700   -1156.9617  0.5119 
   00062    0.4575   -1158.4098  0.5117 
   00063    0.5500   -1171.0188  0.5160 
   00064    0.4775   -1174.5066  0.5169 
   00065    0.4775   -1181.7261  0.5209 
   00066    0.5225   -1187.3378  0.5230 
   00067    0.4850   -1189.2499  0.5239 
   00068    0.5550   -1202.4836  0.5321 
   00069    0.4975   -1207.5976  0.5351 
   00070    0.5125   -1207.0134  0.5384 
   00071    0.4700   -1213.1697  0.5408 
   00072    0.5175   -1221.0835  0.5415 
   00073    0.5175   -1226.7635  0.5427 
   00074    0.4900   -1227.6720  0.5463 
   00075    0.5225   -1233.5101  0.5496 
   00076    0.5200   -1236.4579  0.5563 
   00077    0.4900   -1237.6212  0.5577 
   00078    0.4925   -1242.8419  0.5578 
   00079    0.4925   -1246.0268  0.5602 
   00080    0.4625   -1247.9355  0.5619 
   00081    0.4775   -1251.4891  0.5669 
   00082    0.4800   -1255.4958  0.5711 
   00083    0.4650   -1257.9608  0.5720 
   00084    0.5025   -1257.7292  0.5706 
   00085    0.4925   -1259.0214  0.5756 
   00086    0.5000   -1261.4211  0.5796 
   00087    0.5250   -1262.7620  0.5785 
   00088    0.5425   -1263.7045  0.5845 
   00089    0.5000   -1265.9532  0.5875 
   00090    0.4400   -1266.6247  0.5914 
   00091    0.4950   -1273.3224  0.5959 
   00092    0.4925   -1275.8551  0.5984 
   00093    0.4925   -1278.8861  0.6043 
   00094    0.4775   -1282.8977  0.6053 
   00095    0.4875   -1285.5869  0.6050 
   00096    0.5250   -1289.5838  0.6122 
   00097    0.4975   -1293.5456  0.6156 
   00098    0.4975   -1299.8890  0.6214 
   00099    0.4525   -1298.1883  0.6192 
   00100    0.4825   -1298.8201  0.6181 
   00101    0.4825   -1302.5809  0.6199 
   00102    0.4800   -1305.7973  0.6224 
   00103    0.4825   -1307.9668  0.6232 
   00104    0.5000   -1311.6081  0.6235 
   00105    0.4875   -1312.6669  0.6295 
   00106    0.4700   -1312.2448  0.6324 
   00107    0.5150   -1312.7964  0.6380 
   00108    0.4800   -1320.4104  0.6418 
   00109    0.4375   -1321.0332  0.6425 
   00110    0.4875   -1320.7317  0.6424 
   00111    0.5075   -1320.3902  0.6401 
   00112    0.5275   -1323.1300  0.6420 
   00113    0.5375   -1326.1583  0.6452 
   00114    0.4550   -1327.2294  0.6467 
   00115    0.5450   -1329.7250  0.6499 
   00116    0.5050   -1330.7122  0.6453 
   00117    0.5050   -1333.7582  0.6475 
   00118    0.4900   -1333.8105  0.6474 
   00119    0.5275   -1336.2095  0.6468 
   00120    0.5175   -1336.3647  0.6507 
   00121    0.4750   -1337.4835  0.6533 
   00122    0.4900   -1339.3964  0.6557 
   00123    0.5175   -1340.0624  0.6596 
   00124    0.4925   -1347.9238  0.6654 
   00125    0.5075   -1349.5452  0.6685 
   00126    0.5050   -1353.7416  0.6755 
   00127    0.4875   -1353.8850  0.6760 
   00128    0.4725   -1354.8738  0.6772 
   00129    0.4750   -1354.6212  0.6771 
   00130    0.4600   -1358.1840  0.6777 
   00131    0.4925   -1361.4655  0.6775 
   00132    0.4950   -1368.6980  0.6823 
   00133    0.5000   -1365.4892  0.6830 
   00134    0.5200   -1368.1617  0.6839 
   00135    0.4900   -1366.9446  0.6825 
   00136    0.5050   -1367.8807  0.6832 
   00137    0.5150   -1363.4467  0.6826 
   00138    0.4775   -1366.7766  0.6858 
   00139    0.4350   -1368.5338  0.6878 
   00140    0.4500   -1375.6682  0.6909 
   00141    0.4775   -1378.3040  0.6923 
   00142    0.4825   -1380.2649  0.6899 
   00143    0.5200   -1379.3935  0.6884 
   00144    0.5025   -1381.2754  0.6879 
   00145    0.4850   -1381.9146  0.6914 
   00146    0.4550   -1380.4908  0.6903 
   00147    0.4575   -1380.8733  0.6934 
   00148    0.4475   -1385.2205  0.6962 
   00149    0.4775   -1389.8981  0.6954 
   00150    0.4775   -1390.2385  0.6966 
   00151    0.5000   -1391.1112  0.6977 
   00152    0.4925   -1389.2965  0.6967 
   00153    0.4775   -1390.2656  0.6945 
   00154    0.4825   -1392.9516  0.6946 
   00155    0.4575   -1398.4346  0.6963 
   00156    0.4875   -1397.9616  0.6968 
   00157    0.4725   -1398.9023  0.6968 
   00158    0.5350   -1398.3596  0.6971 
   00159    0.4850   -1399.8162  0.6970 
   00160    0.4750   -1401.1620  0.6946 
   00161    0.4775   -1402.7277  0.6953 
   00162    0.4825   -1400.6260  0.6967 
   00163    0.5225   -1404.4415  0.6984 
   00164    0.4850   -1404.3779  0.6976 
   00165    0.4750   -1405.5443  0.6994 
   00166    0.4850   -1403.5442  0.6993 
   00167    0.4425   -1401.8400  0.7019 
   00168    0.5075   -1401.0246  0.7017 
   00169    0.4450   -1400.5471  0.7021 
   00170    0.4875   -1405.3120  0.7026 
   00171    0.5000   -1408.3716  0.7045 
   00172    0.5050   -1404.9304  0.7037 
   00173    0.5225   -1402.3559  0.7058 
   00174    0.4425   -1403.2909  0.7058 
   00175    0.4850   -1403.4790  0.7063 
   00176    0.4975   -1406.4202  0.7073 
   00177    0.4400   -1407.3225  0.7049 
   00178    0.5175   -1407.1483  0.7044 
   00179    0.5050   -1407.2354  0.7050 
   00180    0.4675   -1409.3596  0.7041 
   00181    0.4775   -1407.7111  0.7037 
   00182    0.4975   -1408.3843  0.7042 
   00183    0.4825   -1408.4242  0.7042 
   00184    0.4775   -1407.5609  0.7030 
   00185    0.4750   -1409.2644  0.7057 
   00186    0.5150   -1411.3658  0.7051 
   00187    0.5100   -1411.1021  0.7039 
   00188    0.4650   -1414.2758  0.7030 
   00189    0.4800   -1416.2281  0.7039 
   00190    0.5200   -1418.7461  0.7046 
   00191    0.4600   -1418.4524  0.7112 
   00192    0.4750   -1420.3881  0.7142 
   00193    0.4950   -1423.6240  0.7160 
   00194    0.4650   -1425.0145  0.7140 
   00195    0.4700   -1427.8666  0.7147 
   00196    0.4975   -1430.7951  0.7142 
   00197    0.5525   -1429.4001  0.7113 
   00198    0.4475   -1432.8492  0.7129 
   00199    0.4525   -1430.2502  0.7138 
   00200    0.4775   -1427.5862  0.7132 
   00201    0.4575   -1430.5866  0.7167 
   00202    0.4500   -1431.8088  0.7190 
   00203    0.5150   -1431.6867  0.7208 
   00204    0.4975   -1431.9386  0.7210 
   00205    0.5250   -1432.1611  0.7229 
   00206    0.5225   -1431.4584  0.7240 
   00207    0.4675   -1435.4888  0.7248 
   00208    0.4175   -1435.5207  0.7246 
   00209    0.4975   -1437.3280  0.7290 
   00210    0.5075   -1436.0337  0.7261 
   00211    0.4675   -1437.4672  0.7266 
   00212    0.4625   -1436.4852  0.7276 
   00213    0.4775   -1439.6118  0.7274 
   00214    0.4725   -1441.6165  0.7274 
   00215    0.5050   -1439.4005  0.7304 
   00216    0.5150   -1444.1960  0.7365 
   00217    0.4850   -1444.4497  0.7398 
   00218    0.4900   -1443.8142  0.7418 
   00219    0.5050   -1446.0682  0.7430 
   00220    0.5000   -1445.4889  0.7491 
   00221    0.5125   -1447.5893  0.7498 
   00222    0.4725   -1442.1670  0.7499 
   00223    0.5300   -1441.9613  0.7518 
   00224    0.4750   -1444.7906  0.7552 
   00225    0.4500   -1443.0654  0.7575 
   00226    0.4550   -1445.0285  0.7586 
   00227    0.5350   -1448.2443  0.7589 
   00228    0.4500   -1448.4872  0.7552 
   00229    0.4450   -1450.4277  0.7538 
   00230    0.4525   -1451.8582  0.7532 
   00231    0.5200   -1449.8988  0.7532 
   00232    0.4550   -1449.9154  0.7517 
   00233    0.4900   -1448.8902  0.7526 
   00234    0.4875   -1448.8831  0.7521 
   00235    0.5050   -1447.8933  0.7521 
   00236    0.5150   -1446.7076  0.7520 
   00237    0.4600   -1446.3190  0.7519 
   00238    0.4350   -1449.2049  0.7519 
   00239    0.5050   -1449.6383  0.7497 
   00240    0.4850   -1449.4460  0.7502 
   00241    0.4625   -1448.8137  0.7494 
   00242    0.4600   -1448.1474  0.7508 
   00243    0.4650   -1449.3471  0.7517 
   00244    0.5325   -1446.9351  0.7495 
   00245    0.4900   -1445.6523  0.7490 
   00246    0.4500   -1445.7667  0.7477 
   00247    0.5325   -1447.2116  0.7488 
   00248    0.4600   -1445.8675  0.7498 
   00249    0.5250   -1445.7473  0.7497 
   00250    0.4550   -1445.5372  0.7506 
   00251    0.4700   -1447.2972  0.7524 
   00252    0.4725   -1445.5364  0.7509 
   00253    0.4700   -1443.2729  0.7507 
   00254    0.4700   -1443.7825  0.7516 
   00255    0.4550   -1443.3513  0.7507 
   00256    0.4550   -1443.4987  0.7507 
   00257    0.4875   -1444.0004  0.7511 
   00258    0.4475   -1442.2876  0.7496 
   00259    0.4900   -1439.3014  0.7470 
   00260    0.4675   -1440.3576  0.7477 
   00261    0.4725   -1440.6316  0.7462 
   00262    0.5225   -1438.9711  0.7487 
   00263    0.4800   -1439.6977  0.7471 
   00264    0.4750   -1440.9889  0.7459 
   00265    0.4875   -1439.7223  0.7450 
   00266    0.4875   -1439.3522  0.7470 
   00267    0.5225   -1441.4970  0.7491 
   00268    0.4575   -1438.2972  0.7423 
   00269    0.4650   -1438.5709  0.7402 
   00270    0.4575   -1437.6665  0.7397 
   00271    0.4850   -1437.6111  0.7456 
   00272    0.4775   -1436.0485  0.7454 
   00273    0.4825   -1437.9054  0.7461 
   00274    0.4950   -1437.8676  0.7446 
   00275    0.5200   -1438.1477  0.7485 
   00276    0.4325   -1437.2463  0.7455 
   00277    0.4900   -1439.9416  0.7464 
   00278    0.5125   -1438.3802  0.7478 
   00279    0.4525   -1438.0945  0.7499 
   00280    0.4875   -1441.2420  0.7536 
   00281    0.4900   -1443.2776  0.7528 
   00282    0.5275   -1440.6663  0.7527 
   00283    0.5000   -1439.0689  0.7545 
   00284    0.4925   -1437.1281  0.7562 
   00285    0.4475   -1440.1997  0.7559 
   00286    0.5325   -1440.1313  0.7571 
   00287    0.5000   -1442.9901  0.7563 
   00288    0.4800   -1443.9873  0.7567 
   00289    0.4900   -1443.9172  0.7571 
   00290    0.4850   -1446.8862  0.7555 
   00291    0.5125   -1446.9102  0.7546 
   00292    0.4400   -1446.4174  0.7528 
   00293    0.4725   -1444.0711  0.7519 
   00294    0.4625   -1445.5089  0.7535 
   00295    0.4575   -1443.4516  0.7522 
   00296    0.4900   -1439.7339  0.7503 
   00297    0.4775   -1442.0618  0.7498 
   00298    0.4475   -1442.0834  0.7504 
   00299    0.5050   -1442.0237  0.7501 
   00300    0.5200   -1445.5955  0.7498 
   00301    0.4325   -1447.5309  0.7523 
   00302    0.4700   -1447.7883  0.7520 
   00303    0.4675   -1447.4196  0.7531 
   00304    0.4925   -1447.6336  0.7487 
   00305    0.4825   -1447.0403  0.7509 
   00306    0.4925   -1446.1887  0.7526 
   00307    0.4875   -1446.6917  0.7536 
   00308    0.4650   -1450.0028  0.7533 
   00309    0.4850   -1453.2492  0.7567 
   00310    0.4825   -1453.4206  0.7596 
   00311    0.4700   -1454.0233  0.7608 
   00312    0.4900   -1452.7321  0.7562 
   00313    0.5025   -1451.9855  0.7570 
   00314    0.4750   -1451.3759  0.7559 
   00315    0.5050   -1452.3488  0.7611 
   00316    0.4850   -1453.6875  0.7642 
   00317    0.4650   -1452.6779  0.7645 
   00318    0.4925   -1448.3008  0.7603 
   00319    0.4700   -1450.4192  0.7620 
   00320    0.5000   -1451.9740  0.7627 
   00321    0.4700   -1452.3135  0.7656 
   00322    0.4775   -1450.6605  0.7671 
   00323    0.4850   -1450.2518  0.7646 
   00324    0.4275   -1450.1110  0.7664 
   00325    0.4650   -1452.0552  0.7644 
   00326    0.5075   -1453.6746  0.7628 
   00327    0.5025   -1453.9577  0.7602 
   00328    0.4850   -1457.2962  0.7623 
   00329    0.5000   -1459.3902  0.7624 
   00330    0.5125   -1456.3922  0.7618 
   00331    0.4750   -1461.0796  0.7631 
   00332    0.4450   -1461.3012  0.7635 
   00333    0.4750   -1461.4239  0.7626 
   00334    0.4725   -1458.3190  0.7610 
   00335    0.4675   -1460.2227  0.7620 
   00336    0.4850   -1459.6086  0.7630 
   00337    0.4900   -1460.4772  0.7605 
   00338    0.4725   -1460.6377  0.7633 
   00339    0.4750   -1461.8790  0.7664 
   00340    0.5050   -1459.1122  0.7661 
   00341    0.4950   -1459.0781  0.7693 
   00342    0.4675   -1460.5301  0.7676 
   00343    0.5300   -1457.8967  0.7668 
   00344    0.4575   -1459.2439  0.7661 
   00345    0.4925   -1457.8677  0.7649 
   00346    0.4925   -1453.8468  0.7654 
   00347    0.5025   -1455.9094  0.7678 
   00348    0.4875   -1456.4690  0.7648 
   00349    0.5225   -1455.8368  0.7642 
   00350    0.4950   -1454.6918  0.7670 
   00351    0.4525   -1453.8292  0.7634 
   00352    0.5175   -1453.7451  0.7636 
   00353    0.4600   -1455.0289  0.7643 
   00354    0.5175   -1455.4855  0.7661 
   00355    0.4825   -1455.9955  0.7645 
   00356    0.4450   -1456.5368  0.7652 
   00357    0.5050   -1457.7278  0.7631 
   00358    0.4650   -1454.5917  0.7650 
   00359    0.4925   -1455.0875  0.7645 
   00360    0.5100   -1457.4041  0.7633 
   00361    0.5000   -1456.9659  0.7621 
   00362    0.4700   -1454.6893  0.7629 
   00363    0.5175   -1456.9001  0.7652 
   00364    0.4450   -1458.9209  0.7657 
   00365    0.4225   -1455.4523  0.7659 
   00366    0.5250   -1457.2332  0.7652 
   00367    0.4600   -1458.7367  0.7668 
   00368    0.4575   -1462.9024  0.7648 
   00369    0.5150   -1464.5479  0.7646 
   00370    0.4525   -1463.1173  0.7628 
   00371    0.4725   -1462.3351  0.7627 
   00372    0.4700   -1464.8360  0.7599 
   00373    0.4550   -1466.1738  0.7595 
   00374    0.4575   -1463.8051  0.7581 
   00375    0.4800   -1462.6347  0.7592 
   00376    0.4650   -1462.5874  0.7614 
   00377    0.4775   -1465.0711  0.7612 
   00378    0.4675   -1466.1588  0.7615 
   00379    0.4925   -1468.4344  0.7638 
   00380    0.4950   -1465.6372  0.7609 
   00381    0.4775   -1462.6133  0.7593 
   00382    0.4750   -1462.9885  0.7608 
   00383    0.4825   -1463.2864  0.7592 
   00384    0.4650   -1462.2060  0.7607 
   00385    0.5100   -1465.0445  0.7633 
   00386    0.5325   -1462.3875  0.7632 
   00387    0.4800   -1464.1183  0.7661 
   00388    0.4775   -1464.9851  0.7639 
   00389    0.4875   -1462.7810  0.7624 
   00390    0.4725   -1463.0539  0.7582 
   00391    0.5050   -1463.1107  0.7571 
   00392    0.4625   -1463.7583  0.7532 
   00393    0.5075   -1464.3310  0.7525 
   00394    0.5150   -1466.4247  0.7557 
   00395    0.5350   -1467.2590  0.7546 
   00396    0.4375   -1467.5079  0.7563 
   00397    0.4600   -1464.9195  0.7543 
   00398    0.5225   -1462.8206  0.7544 
   00399    0.4575   -1462.0562  0.7545 
   00400    0.4625   -1462.4257  0.7544 
   00401    0.4875   -1463.6898  0.7515 
   00402    0.4825   -1464.6206  0.7529 
   00403    0.5025   -1465.8359  0.7547 
   00404    0.4600   -1465.9034  0.7552 
   00405    0.4750   -1465.2077  0.7544 
   00406    0.4875   -1465.6005  0.7519 
   00407    0.4550   -1465.2492  0.7522 
   00408    0.4750   -1464.5136  0.7520 
   00409    0.4825   -1466.0968  0.7519 
   00410    0.5200   -1463.2574  0.7485 
   00411    0.5000   -1464.2017  0.7449 
   00412    0.4500   -1460.2084  0.7484 
   00413    0.4975   -1461.4005  0.7488 
   00414    0.4750   -1461.1737  0.7507 
   00415    0.4825   -1460.8722  0.7515 
   00416    0.4950   -1461.0312  0.7529 
   00417    0.4875   -1458.7870  0.7497 
   00418    0.4525   -1459.5396  0.7487 
   00419    0.4925   -1458.8070  0.7476 
   00420    0.5025   -1460.5921  0.7466 
   00421    0.4875   -1462.3627  0.7463 
   00422    0.5325   -1459.1541  0.7435 
   00423    0.4675   -1456.9364  0.7456 
   00424    0.4975   -1456.9195  0.7456 
   00425    0.5700   -1456.8683  0.7437 
   00426    0.5100   -1458.4340  0.7426 
   00427    0.4775   -1460.1509  0.7437 
   00428    0.5050   -1462.1776  0.7453 
   00429    0.5000   -1460.8968  0.7419 
   00430    0.4550   -1459.3894  0.7447 
   00431    0.4750   -1460.2226  0.7450 
   00432    0.4875   -1462.0106  0.7464 
   00433    0.4900   -1464.9360  0.7476 
   00434    0.4850   -1465.6114  0.7478 
   00435    0.4325   -1464.6512  0.7470 
   00436    0.4775   -1465.6741  0.7462 
   00437    0.4800   -1463.9332  0.7461 
   00438    0.4850   -1464.4369  0.7452 
   00439    0.4650   -1461.9526  0.7415 
   00440    0.4750   -1462.4656  0.7414 
   00441    0.4575   -1463.0655  0.7475 
   00442    0.5025   -1462.0868  0.7487 
   00443    0.4825   -1462.7896  0.7502 
   00444    0.4525   -1464.6497  0.7512 
   00445    0.5100   -1463.5285  0.7475 
   00446    0.4700   -1465.6542  0.7477 
   00447    0.5000   -1472.8354  0.7509 
   00448    0.5000   -1468.2703  0.7515 
   00449    0.4675   -1472.9761  0.7534 
   00450    0.4800   -1474.7278  0.7539 
   00451    0.4825   -1474.5679  0.7547 
   00452    0.4325   -1473.9332  0.7560 
   00453    0.4650   -1475.2631  0.7598 
   00454    0.4725   -1475.1163  0.7607 
   00455    0.4925   -1473.5881  0.7611 
   00456    0.4600   -1474.9127  0.7622 
   00457    0.4575   -1474.9182  0.7639 
   00458    0.4725   -1475.7551  0.7664 
   00459    0.4675   -1476.0306  0.7642 
   00460    0.4450   -1475.2284  0.7660 
   00461    0.4975   -1473.7472  0.7665 
   00462    0.4450   -1472.4962  0.7672 
   00463    0.4425   -1470.3167  0.7632 
   00464    0.4625   -1472.3243  0.7636 
   00465    0.5150   -1474.2636  0.7657 
   00466    0.4325   -1474.1356  0.7664 
   00467    0.4725   -1471.9285  0.7640 
   00468    0.4550   -1473.1636  0.7649 
   00469    0.4700   -1474.5129  0.7682 
   00470    0.5150   -1473.7350  0.7696 
   00471    0.4850   -1473.5714  0.7694 
   00472    0.4225   -1474.2666  0.7678 
   00473    0.4925   -1473.8056  0.7664 
   00474    0.4800   -1473.8042  0.7705 
   00475    0.5050   -1475.7730  0.7682 
   00476    0.4825   -1475.4502  0.7678 
   00477    0.5250   -1473.6909  0.7664 
   00478    0.4650   -1474.7687  0.7679 
   00479    0.4850   -1477.6406  0.7708 
   00480    0.4750   -1480.9389  0.7731 
   00481    0.5450   -1480.8537  0.7675 
   00482    0.4300   -1477.9155  0.7657 
   00483    0.4600   -1475.7852  0.7667 
   00484    0.4900   -1475.5558  0.7642 
   00485    0.5350   -1476.1308  0.7664 
   00486    0.4800   -1477.2201  0.7646 
   00487    0.4875   -1476.0343  0.7617 
   00488    0.5450   -1475.0725  0.7663 
   00489    0.4475   -1474.6720  0.7627 
   00490    0.4850   -1476.4019  0.7631 
   00491    0.4775   -1477.3845  0.7620 
   00492    0.4300   -1475.5330  0.7615 
   00493    0.5000   -1477.4844  0.7630 
   00494    0.5050   -1477.7224  0.7617 
   00495    0.4850   -1479.3203  0.7611 
   00496    0.4725   -1476.9414  0.7617 
   00497    0.4875   -1479.4013  0.7633 
   00498    0.4725   -1479.7529  0.7632 
   00499    0.4400   -1480.1655  0.7606 
   00500    0.4700   -1482.3553  0.7626 
   00501    0.4950   -1482.6311  0.7635 
   00502    0.4500   -1482.0981  0.7639 
   00503    0.4875   -1478.3152  0.7613 
   00504    0.4725   -1476.1428  0.7585 
   00505    0.4700   -1475.1715  0.7591 
   00506    0.4650   -1475.7680  0.7607 
   00507    0.5025   -1473.9680  0.7601 
   00508    0.4750   -1474.0778  0.7579 
   00509    0.4875   -1476.0204  0.7586 
   00510    0.4775   -1476.8926  0.7573 
   00511    0.4900   -1479.6152  0.7586 
   00512    0.4650   -1479.8383  0.7592 
   00513    0.4450   -1480.4891  0.7592 
   00514    0.4050   -1481.4253  0.7611 
   00515    0.4850   -1483.1823  0.7607 
   00516    0.4700   -1483.2299  0.7634 
   00517    0.4925   -1482.6026  0.7644 
   00518    0.4775   -1479.2022  0.7618 
   00519    0.4225   -1479.6817  0.7621 
   00520    0.4875   -1480.5585  0.7616 
   00521    0.4575   -1481.5918  0.7587 
   00522    0.4650   -1481.5438  0.7578 
   00523    0.4800   -1483.4854  0.7557 
   00524    0.4475   -1484.8265  0.7538 
   00525    0.4775   -1484.8835  0.7500 
   00526    0.4675   -1485.3383  0.7528 
   00527    0.4650   -1485.4877  0.7562 
   00528    0.5125   -1486.2050  0.7583 
   00529    0.5225   -1486.6089  0.7583 
   00530    0.4875   -1489.4927  0.7601 
   00531    0.4700   -1493.5167  0.7601 
   00532    0.4375   -1492.9525  0.7598 
   00533    0.4925   -1494.3903  0.7573 
   00534    0.5375   -1493.6308  0.7556 
   00535    0.5050   -1492.0433  0.7575 
   00536    0.4275   -1494.5885  0.7570 
   00537    0.5100   -1495.5682  0.7548 
   00538    0.4725   -1495.6184  0.7542 
   00539    0.4750   -1497.3726  0.7541 
   00540    0.5000   -1493.7498  0.7525 
   00541    0.4425   -1495.1990  0.7514 
   00542    0.5150   -1495.5852  0.7495 
   00543    0.5025   -1495.7855  0.7469 
   00544    0.4475   -1496.8510  0.7483 
   00545    0.4850   -1495.0988  0.7480 
   00546    0.4775   -1496.0514  0.7504 
   00547    0.4750   -1494.0993  0.7505 
   00548    0.4825   -1494.8155  0.7537 
   00549    0.5050   -1497.2441  0.7572 
   00550    0.4775   -1498.9251  0.7583 
   00551    0.4900   -1497.5867  0.7561 
   00552    0.4750   -1498.3002  0.7594 
   00553    0.4750   -1499.9980  0.7626 
   00554    0.4700   -1499.6205  0.7638 
   00555    0.4900   -1498.3582  0.7629 
   00556    0.4950   -1499.1428  0.7642 
   00557    0.4700   -1498.6006  0.7655 
   00558    0.4500   -1499.5537  0.7679 
   00559    0.4425   -1500.9056  0.7690 
   00560    0.4425   -1501.7965  0.7698 
   00561    0.4750   -1499.5557  0.7712 
   00562    0.5250   -1496.8805  0.7680 
   00563    0.5125   -1496.9434  0.7687 
   00564    0.4500   -1497.4162  0.7691 
   00565    0.5050   -1494.1273  0.7707 
   00566    0.5025   -1495.8398  0.7697 
   00567    0.4650   -1497.0452  0.7708 
   00568    0.4775   -1499.0156  0.7718 
   00569    0.4625   -1495.7397  0.7703 
   00570    0.4700   -1499.2813  0.7727 
   00571    0.5025   -1498.2537  0.7724 
   00572    0.4675   -1501.2050  0.7730 
   00573    0.5200   -1500.6221  0.7717 
   00574    0.4850   -1499.9667  0.7685 
   00575    0.4550   -1502.7932  0.7704 
   00576    0.4425   -1504.9922  0.7701 
   00577    0.5000   -1503.9612  0.7702 
   00578    0.4575   -1504.5921  0.7726 
   00579    0.4675   -1502.4522  0.7740 
   00580    0.4750   -1499.5512  0.7720 
   00581    0.4650   -1499.3548  0.7728 
   00582    0.4975   -1498.7707  0.7704 
   00583    0.5250   -1499.8194  0.7680 
   00584    0.4800   -1501.0049  0.7694 
   00585    0.4950   -1500.3972  0.7681 
   00586    0.4950   -1500.7785  0.7729 
   00587    0.4550   -1500.8196  0.7729 
   00588    0.4750   -1501.4824  0.7729 
   00589    0.4775   -1498.1834  0.7729 
   00590    0.4750   -1498.4846  0.7696 
   00591    0.4400   -1497.0426  0.7702 
   00592    0.5000   -1495.5517  0.7718 
   00593    0.5000   -1494.4756  0.7741 
   00594    0.4900   -1495.0909  0.7734 
   00595    0.4875   -1496.1321  0.7757 
   00596    0.4150   -1495.6866  0.7756 
   00597    0.4925   -1495.4461  0.7755 
   00598    0.5050   -1498.1122  0.7768 
   00599    0.4775   -1498.1572  0.7722 
   00600    0.4825   -1497.8360  0.7732 
   00601    0.4350   -1500.1979  0.7718 
   00602    0.4825   -1502.1341  0.7686 
   00603    0.4400   -1503.2136  0.7678 
   00604    0.4700   -1502.5870  0.7684 
   00605    0.4700   -1501.0316  0.7666 
   00606    0.4800   -1501.5992  0.7662 
   00607    0.5200   -1501.1912  0.7708 
   00608    0.5125   -1501.2434  0.7730 
   00609    0.4425   -1499.5930  0.7755 
   00610    0.4925   -1500.7220  0.7768 
   00611    0.4250   -1501.3004  0.7796 
   00612    0.4750   -1498.6343  0.7771 
   00613    0.4300   -1498.4071  0.7801 
   00614    0.4950   -1498.0523  0.7792 
   00615    0.4700   -1498.8789  0.7814 
   00616    0.4675   -1498.8251  0.7810 
   00617    0.4725   -1498.9231  0.7788 
   00618    0.4475   -1499.1277  0.7773 
   00619    0.4075   -1498.6105  0.7769 
   00620    0.4850   -1496.2415  0.7807 
   00621    0.4425   -1497.6879  0.7816 
   00622    0.4775   -1498.0116  0.7828 
   00623    0.5200   -1497.1967  0.7850 
   00624    0.5025   -1499.4486  0.7844 
   00625    0.4825   -1500.2575  0.7844 
   00626    0.5175   -1502.3217  0.7870 
   00627    0.4575   -1504.2548  0.7886 
   00628    0.4675   -1504.8103  0.7884 
   00629    0.4725   -1503.1541  0.7876 
   00630    0.5000   -1504.0397  0.7850 
   00631    0.4675   -1504.3414  0.7861 
   00632    0.4375   -1503.1519  0.7881 
   00633    0.5150   -1501.4702  0.7852 
   00634    0.5075   -1501.5054  0.7857 
   00635    0.4975   -1499.2064  0.7858 
   00636    0.4825   -1497.7474  0.7852 
   00637    0.4375   -1497.4147  0.7829 
   00638    0.4575   -1495.9350  0.7821 
   00639    0.4575   -1497.3999  0.7807 
   00640    0.5225   -1499.4430  0.7822 
   00641    0.4725   -1501.0351  0.7798 
   00642    0.4750   -1500.9598  0.7781 
   00643    0.5100   -1503.4528  0.7798 
   00644    0.4550   -1502.5586  0.7820 
   00645    0.4850   -1502.6716  0.7824 
   00646    0.4875   -1501.8310  0.7857 
   00647    0.4450   -1500.1925  0.7878 
   00648    0.5000   -1499.5415  0.7892 
   00649    0.4775   -1501.0141  0.7892 
   00650    0.4800   -1499.9487  0.7881 
   00651    0.4450   -1499.5030  0.7905 
   00652    0.4950   -1499.0494  0.7903 
   00653    0.4950   -1503.8872  0.7895 
   00654    0.4400   -1501.2753  0.7870 
   00655    0.4675   -1499.7140  0.7895 
   00656    0.5000   -1498.8827  0.7880 
   00657    0.4725   -1501.3500  0.7914 
   00658    0.5125   -1503.9677  0.7941 
   00659    0.4875   -1503.6652  0.7935 
   00660    0.4800   -1502.2077  0.7922 
   00661    0.4800   -1504.2756  0.7906 
   00662    0.4825   -1502.9517  0.7884 
   00663    0.4925   -1502.7581  0.7886 
   00664    0.4850   -1505.4223  0.7887 
   00665    0.5075   -1506.5206  0.7857 
   00666    0.4850   -1507.1023  0.7862 
   00667    0.4775   -1507.1900  0.7870 
   00668    0.4825   -1505.8878  0.7881 
   00669    0.4950   -1506.1770  0.7900 
   00670    0.4700   -1508.2152  0.7924 
   00671    0.5250   -1507.9123  0.7924 
   00672    0.4700   -1508.5528  0.7935 
   00673    0.4600   -1508.1448  0.7924 
   00674    0.4675   -1506.5185  0.7902 
   00675    0.5025   -1505.1607  0.7945 
   00676    0.4925   -1505.7104  0.7941 
   00677    0.4350   -1507.1114  0.7957 
   00678    0.4825   -1509.5582  0.7977 
   00679    0.4700   -1509.0831  0.7978 
   00680    0.5025   -1507.4792  0.7976 
   00681    0.4725   -1509.7281  0.7990 
   00682    0.4750   -1509.9027  0.8010 
   00683    0.4775   -1510.6142  0.8008 
   00684    0.4900   -1510.8249  0.8010 
   00685    0.4175   -1509.9611  0.8003 
   00686    0.4600   -1512.3904  0.8003 
   00687    0.4450   -1512.6775  0.8058 
   00688    0.4925   -1512.1329  0.8044 
   00689    0.4600   -1512.0925  0.8072 
   00690    0.4375   -1511.7326  0.8076 
   00691    0.5025   -1513.5032  0.8114 
   00692    0.4975   -1512.5883  0.8108 
   00693    0.4500   -1509.9956  0.8074 
   00694    0.4825   -1510.5105  0.8060 
   00695    0.4850   -1509.2537  0.8050 
   00696    0.4900   -1507.1848  0.8061 
   00697    0.5000   -1509.9309  0.8087 
   00698    0.5050   -1510.1769  0.8078 
   00699    0.4550   -1509.4924  0.8097 
   00700    0.4950   -1508.1394  0.8088 
   00701    0.5325   -1506.8783  0.8084 
   00702    0.4650   -1506.9844  0.8098 
   00703    0.4825   -1507.5542  0.8108 
   00704    0.4800   -1505.4589  0.8091 
   00705    0.4875   -1505.9489  0.8095 
   00706    0.4675   -1508.8869  0.8091 
   00707    0.4825   -1506.9373  0.8096 
   00708    0.4375   -1505.8871  0.8101 
   00709    0.4650   -1506.1274  0.8123 
   00710    0.4950   -1506.7367  0.8112 
   00711    0.4450   -1507.6442  0.8127 
   00712    0.4300   -1507.0400  0.8123 
   00713    0.4175   -1508.4875  0.8131 
   00714    0.5075   -1505.1892  0.8133 
   00715    0.4225   -1505.8906  0.8151 
   00716    0.5300   -1508.5719  0.8182 
   00717    0.5000   -1508.5408  0.8201 
   00718    0.4625   -1508.5245  0.8235 
   00719    0.4775   -1510.9396  0.8239 
   00720    0.4600   -1509.4513  0.8246 
   00721    0.4925   -1509.2280  0.8258 
   00722    0.4800   -1508.9107  0.8252 
   00723    0.4600   -1511.0228  0.8260 
   00724    0.4525   -1510.7980  0.8240 
   00725    0.4675   -1510.5166  0.8232 
   00726    0.4850   -1509.1545  0.8206 
   00727    0.5150   -1508.4646  0.8243 
   00728    0.4475   -1507.7076  0.8234 
   00729    0.5100   -1508.6741  0.8244 
   00730    0.4900   -1509.0844  0.8259 
   00731    0.4475   -1508.3932  0.8236 
   00732    0.4850   -1509.8365  0.8227 
   00733    0.4075   -1510.8024  0.8242 
   00734    0.4925   -1510.1308  0.8220 
   00735    0.5000   -1510.2324  0.8223 
   00736    0.4925   -1511.2241  0.8204 
   00737    0.4825   -1515.5454  0.8229 
   00738    0.4550   -1513.9499  0.8237 
   00739    0.5150   -1514.6488  0.8239 
   00740    0.4500   -1514.0034  0.8227 
   00741    0.4850   -1511.7769  0.8221 
   00742    0.4775   -1513.8401  0.8229 
   00743    0.4950   -1511.3360  0.8190 
   00744    0.5025   -1513.1953  0.8177 
   00745    0.4725   -1510.4868  0.8152 
   00746    0.4800   -1509.1593  0.8134 
   00747    0.4575   -1507.3939  0.8132 
   00748    0.4825   -1506.6442  0.8143 
   00749    0.5000   -1508.0794  0.8133 
   00750    0.4750   -1506.3594  0.8133 
   00751    0.4975   -1504.0668  0.8127 
   00752    0.5075   -1503.4643  0.8139 
   00753    0.5075   -1504.5073  0.8131 
   00754    0.4500   -1510.3010  0.8164 
   00755    0.4950   -1512.3906  0.8179 
   00756    0.5025   -1512.8395  0.8187 
   00757    0.4925   -1512.9001  0.8184 
   00758    0.4475   -1511.7713  0.8179 
   00759    0.4400   -1509.2635  0.8187 
   00760    0.4575   -1512.2403  0.8216 
   00761    0.4950   -1512.0706  0.8208 
   00762    0.4525   -1512.7981  0.8227 
   00763    0.4725   -1511.9108  0.8230 
   00764    0.4300   -1510.3872  0.8210 
   00765    0.4800   -1511.9146  0.8211 
   00766    0.4975   -1511.3415  0.8207 
   00767    0.4100   -1512.1335  0.8206 
   00768    0.4575   -1510.6973  0.8193 
   00769    0.3900   -1510.3450  0.8194 
   00770    0.4775   -1512.6895  0.8186 
   00771    0.4925   -1512.1442  0.8202 
   00772    0.4875   -1508.5453  0.8196 
   00773    0.4550   -1509.3495  0.8200 
   00774    0.4325   -1509.6819  0.8176 
   00775    0.5150   -1510.1688  0.8190 
   00776    0.4725   -1512.2809  0.8216 
   00777    0.4325   -1509.5500  0.8197 
   00778    0.4825   -1509.4871  0.8208 
   00779    0.4750   -1510.2006  0.8235 
   00780    0.4850   -1507.4861  0.8209 
   00781    0.4850   -1506.7904  0.8232 
   00782    0.4625   -1506.0354  0.8185 
   00783    0.4425   -1508.2360  0.8205 
   00784    0.4850   -1512.3946  0.8220 
   00785    0.4775   -1515.5411  0.8248 
   00786    0.4400   -1514.4130  0.8261 
   00787    0.5025   -1516.0779  0.8274 
   00788    0.4425   -1517.2469  0.8311 
   00789    0.4650   -1515.0108  0.8315 
   00790    0.4400   -1516.5953  0.8309 
   00791    0.4650   -1517.2035  0.8261 
   00792    0.4750   -1513.0257  0.8250 
   00793    0.4725   -1512.7245  0.8270 
   00794    0.4350   -1512.0959  0.8286 
   00795    0.4900   -1511.7759  0.8307 
   00796    0.4700   -1512.6519  0.8289 
   00797    0.4825   -1510.7035  0.8276 
   00798    0.4450   -1509.9007  0.8274 
   00799    0.4625   -1507.6287  0.8243 
   00800    0.4100   -1510.7892  0.8237 
   00801    0.5050   -1510.2159  0.8224 
   00802    0.4875   -1511.7787  0.8264 
   00803    0.4250   -1512.7246  0.8278 
   00804    0.4650   -1511.1621  0.8308 
   00805    0.4950   -1511.2315  0.8317 
   00806    0.4575   -1511.0756  0.8330 
   00807    0.4750   -1510.7061  0.8315 
   00808    0.4750   -1508.6951  0.8310 
   00809    0.4575   -1509.2215  0.8308 
   00810    0.4850   -1510.9844  0.8309 
   00811    0.4450   -1512.1605  0.8283 
   00812    0.5050   -1512.9765  0.8264 
   00813    0.4975   -1515.7217  0.8246 
   00814    0.4750   -1513.9640  0.8222 
   00815    0.5300   -1514.1224  0.8233 
   00816    0.4900   -1513.4912  0.8204 
   00817    0.4875   -1513.3015  0.8199 
   00818    0.5225   -1511.9372  0.8177 
   00819    0.4900   -1511.2239  0.8193 
   00820    0.4900   -1514.3116  0.8213 
   00821    0.4950   -1514.3452  0.8210 
   00822    0.4375   -1515.1499  0.8211 
   00823    0.4925   -1514.0357  0.8184 
   00824    0.4750   -1514.5446  0.8173 
   00825    0.4550   -1511.3685  0.8185 
   00826    0.5000   -1511.7302  0.8176 
   00827    0.4825   -1510.5640  0.8187 
   00828    0.4700   -1510.5907  0.8193 
   00829    0.4775   -1508.5040  0.8179 
   00830    0.4200   -1509.5731  0.8195 
   00831    0.4925   -1510.0019  0.8170 
   00832    0.4700   -1508.0093  0.8161 
   00833    0.4700   -1507.9881  0.8191 
   00834    0.4775   -1510.7794  0.8213 
   00835    0.5125   -1510.4124  0.8216 
   00836    0.4675   -1510.8867  0.8210 
   00837    0.4800   -1511.6257  0.8193 
   00838    0.4950   -1512.2210  0.8204 
   00839    0.4900   -1511.3821  0.8216 
   00840    0.5050   -1512.0413  0.8204 
   00841    0.5125   -1511.1854  0.8205 
   00842    0.4750   -1508.9935  0.8198 
   00843    0.4225   -1507.4193  0.8220 
   00844    0.4425   -1509.0534  0.8224 
   00845    0.4500   -1507.7168  0.8215 
   00846    0.4600   -1506.9341  0.8222 
   00847    0.4800   -1510.1993  0.8261 
   00848    0.5050   -1509.4263  0.8226 
   00849    0.5125   -1513.7750  0.8191 
   00850    0.4775   -1512.1986  0.8227 
   00851    0.5100   -1515.3985  0.8234 
   00852    0.4975   -1515.5857  0.8233 
   00853    0.4950   -1515.9571  0.8233 
   00854    0.4575   -1516.7526  0.8217 
   00855    0.4700   -1517.9499  0.8247 
   00856    0.4775   -1518.2965  0.8262 
   00857    0.4225   -1517.5397  0.8284 
   00858    0.4825   -1513.2901  0.8250 
   00859    0.4675   -1513.5041  0.8272 
   00860    0.4600   -1512.3968  0.8295 
   00861    0.5100   -1511.7336  0.8298 
   00862    0.4350   -1513.3482  0.8317 
   00863    0.4150   -1513.5110  0.8323 
   00864    0.4650   -1515.5348  0.8360 
   00865    0.4825   -1512.6241  0.8339 
   00866    0.4675   -1512.5762  0.8324 
   00867    0.4750   -1511.5410  0.8331 
   00868    0.4325   -1513.5209  0.8337 
   00869    0.4775   -1515.0792  0.8336 
   00870    0.4525   -1514.8308  0.8344 
   00871    0.4750   -1516.0621  0.8353 
   00872    0.5350   -1514.4257  0.8343 
   00873    0.4200   -1514.3377  0.8339 
   00874    0.4500   -1514.0091  0.8344 
   00875    0.5325   -1517.9290  0.8341 
   00876    0.4450   -1517.8811  0.8349 
   00877    0.5250   -1517.2945  0.8332 
   00878    0.5025   -1517.3170  0.8337 
   00879    0.4675   -1515.9615  0.8325 
   00880    0.4725   -1516.4243  0.8326 
   00881    0.4800   -1516.3887  0.8341 
   00882    0.5100   -1515.0227  0.8353 
   00883    0.4850   -1513.3000  0.8360 
   00884    0.4900   -1512.2977  0.8398 
   00885    0.4625   -1511.8921  0.8392 
   00886    0.4925   -1512.2583  0.8409 
   00887    0.5000   -1510.3254  0.8425 
   00888    0.4800   -1513.9968  0.8431 
   00889    0.4875   -1511.7564  0.8418 
   00890    0.4775   -1515.0734  0.8429 
   00891    0.4300   -1510.9602  0.8422 
   00892    0.4850   -1510.5375  0.8408 
   00893    0.5150   -1510.6404  0.8420 
   00894    0.4425   -1513.7931  0.8428 
   00895    0.4550   -1515.2168  0.8432 
   00896    0.4725   -1517.2153  0.8447 
   00897    0.4325   -1516.4031  0.8443 
   00898    0.5075   -1517.5196  0.8457 
   00899    0.5150   -1518.3505  0.8423 
   00900    0.4650   -1515.8132  0.8421 
   00901    0.4425   -1514.2118  0.8419 
   00902    0.4350   -1514.9245  0.8448 
   00903    0.4825   -1514.4595  0.8447 
   00904    0.5150   -1511.8568  0.8461 
   00905    0.4825   -1514.4678  0.8437 
   00906    0.4825   -1515.7339  0.8420 
   00907    0.4675   -1515.6911  0.8431 
   00908    0.4875   -1513.2249  0.8431 
   00909    0.4600   -1512.2766  0.8416 
   00910    0.4700   -1512.3141  0.8403 
   00911    0.4500   -1511.3299  0.8423 
   00912    0.4650   -1513.5515  0.8418 
   00913    0.4625   -1512.0362  0.8411 
   00914    0.4625   -1511.0753  0.8410 
   00915    0.4825   -1511.9894  0.8410 
   00916    0.5125   -1511.6114  0.8420 
   00917    0.4675   -1512.4045  0.8423 
   00918    0.4750   -1511.0638  0.8414 
   00919    0.4850   -1511.2696  0.8414 
   00920    0.4625   -1511.0856  0.8433 
   00921    0.4450   -1510.3760  0.8435 
   00922    0.4700   -1509.6556  0.8439 
   00923    0.4525   -1507.9697  0.8439 
   00924    0.5150   -1503.0800  0.8430 
   00925    0.5050   -1503.0042  0.8426 
   00926    0.4600   -1505.0736  0.8438 
   00927    0.5025   -1504.5937  0.8415 
   00928    0.4900   -1504.3806  0.8398 
   00929    0.4525   -1507.9842  0.8424 
   00930    0.5200   -1508.0421  0.8418 
   00931    0.4225   -1511.7378  0.8427 
   00932    0.4875   -1513.2080  0.8415 
   00933    0.4850   -1512.9743  0.8393 
   00934    0.4750   -1511.7349  0.8371 
   00935    0.4925   -1510.9041  0.8373 
   00936    0.4450   -1509.6805  0.8363 
   00937    0.4825   -1509.7192  0.8376 
   00938    0.4725   -1512.7574  0.8406 
   00939    0.4975   -1511.2926  0.8403 
   00940    0.4200   -1513.5640  0.8418 
   00941    0.4775   -1513.3677  0.8425 
   00942    0.4875   -1512.3716  0.8404 
   00943    0.4700   -1511.2655  0.8433 
   00944    0.4725   -1512.7266  0.8432 
   00945    0.4900   -1511.2542  0.8436 
   00946    0.5100   -1510.5272  0.8448 
   00947    0.5275   -1511.7633  0.8445 
   00948    0.4950   -1511.6331  0.8418 
   00949    0.4525   -1508.3360  0.8385 
   00950    0.4950   -1506.9673  0.8384 
   00951    0.4725   -1509.3639  0.8416 
   00952    0.4750   -1510.1751  0.8410 
   00953    0.4675   -1508.7921  0.8389 
   00954    0.4375   -1508.2995  0.8376 
   00955    0.4725   -1506.8936  0.8423 
   00956    0.4900   -1507.9038  0.8431 
   00957    0.4650   -1508.4871  0.8432 
   00958    0.4700   -1506.8717  0.8406 
   00959    0.4625   -1508.7913  0.8406 
   00960    0.4825   -1508.2574  0.8447 
   00961    0.5025   -1509.4589  0.8459 
   00962    0.4475   -1506.8902  0.8468 
   00963    0.4950   -1504.4992  0.8454 
   00964    0.4800   -1505.5883  0.8467 
   00965    0.4500   -1505.5407  0.8457 
   00966    0.4500   -1504.5970  0.8459 
   00967    0.4575   -1505.3510  0.8477 
   00968    0.5175   -1504.2835  0.8469 
   00969    0.4825   -1503.7598  0.8473 
   00970    0.4925   -1502.7796  0.8462 
   00971    0.4725   -1503.7168  0.8469 
   00972    0.4325   -1503.7605  0.8460 
   00973    0.4725   -1504.4879  0.8435 
   00974    0.4875   -1504.3496  0.8415 
   00975    0.5300   -1502.5397  0.8396 
   00976    0.4975   -1504.5298  0.8380 
   00977    0.5075   -1503.6015  0.8369 
   00978    0.4650   -1504.8518  0.8366 
   00979    0.5000   -1505.6816  0.8384 
   00980    0.4750   -1507.3222  0.8369 
   00981    0.4325   -1510.4011  0.8369 
   00982    0.4700   -1509.7136  0.8376 
   00983    0.5000   -1510.8892  0.8411 
   00984    0.5125   -1511.8603  0.8407 
   00985    0.5000   -1512.3072  0.8410 
   00986    0.4875   -1510.8949  0.8420 
   00987    0.5025   -1510.4674  0.8396 
   00988    0.4775   -1511.5662  0.8427 
   00989    0.5025   -1511.4896  0.8435 
   00990    0.4750   -1512.4768  0.8497 
   00991    0.4975   -1510.5714  0.8511 
   00992    0.4400   -1510.4336  0.8521 
   00993    0.5125   -1510.1558  0.8534 
   00994    0.4425   -1511.7245  0.8534 
   00995    0.4925   -1511.7607  0.8550 
   00996    0.4750   -1513.3571  0.8563 
   00997    0.4825   -1513.1801  0.8560 
   00998    0.4550   -1511.1772  0.8544 
   00999    0.4875   -1509.0401  0.8540 
   01000    0.4075   -1510.0545  0.8553 
