#=====================================================
# File created:        Wed-05-Nov-2025-at-03-24-24AM
# Size of lattice:     20x20
# Number of MC steps:  1000
# Reduced temperature: 0.450
# Run time (s):        1.977070
#=====================================================
# MC step:  Ratio:     Energy:   Order:
#=====================================================
   00000    0.5000    -450.8386  0.2962 
   00001    0.4600    -509.8546  0.3624 
   00002    0.4000    -553.6214  0.3692 
   00003    0.4900    -583.1151  0.3775 
   00004    0.4075    -637.0802  0.3899 
   00005    0.4425    -654.6955  0.3917 
   00006    0.4400    -683.6250  0.4026 
   00007    0.4275    -701.7941  0.4092 
   00008    0.4350    -735.8471  0.4101 
   00009    0.4775    -765.4829  0.4192 
   00010    0.4625    -798.7456  0.4211 
   00011    0.4200    -817.0369  0.4212 
   00012    0.4250    -837.0962  0.4218 
   00013    0.4275    -853.1264  0.4209 
   00014    0.4200    -875.9467  0.4368 
   00015    0.4675    -902.7160  0.4457 
   00016    0.4325    -912.9958  0.4490 
   00017    0.4775    -928.7445  0.4447 
   00018    0.4600    -937.8966  0.4424 
   00019    0.4275    -956.4691  0.4490 
   00020    0.4700    -974.9513  0.4550 
   00021    0.4150    -984.8471  0.4537 
   00022    0.4625    -996.0113  0.4645 
   00023    0.4300   -1010.8868  0.4690 
   00024    0.4700   -1015.8568  0.4685 
   00025    0.4500   -1013.4423  0.4724 
   00026    0.4200   -1023.3276  0.4749 
   00027    0.4300   -1041.3104  0.4810 
   00028    0.4300   -1047.7870  0.4834 
   00029    0.4375   -1048.9805  0.4909 
   00030    0.4325   -1057.9624  0.4981 
   00031    0.3975   -1066.9356  0.4985 
   00032    0.4050   -1078.7418  0.5032 
   00033    0.5000   -1099.4215  0.5061 
   00034    0.3750   -1100.8256  0.5071 
   00035    0.4425   -1116.2195  0.5133 
   00036    0.4625   -1130.6613  0.5257 
   00037    0.4100   -1131.1250  0.5181 
   00038    0.4025   -1139.9325  0.5177 
   00039    0.4700   -1146.9126  0.5127 
   00040    0.4300   -1157.4158  0.5216 
   00041    0.3950   -1156.4300  0.5305 
   00042    0.4575   -1157.6196  0.5265 
   00043    0.4250   -1160.7457  0.5268 
   00044    0.4375   -1171.6014  0.5376 
   00045    0.4150   -1177.3624  0.5357 
   00046    0.4325   -1177.8392  0.5375 
   00047    0.4500   -1185.7986  0.5471 
   00048    0.4675   -1187.6135  0.5395 
   00049    0.4225   -1184.1851  0.5410 
   00050    0.4325   -1188.4849  0.5408 
   00051    0.4275   -1194.4152  0.5452 
   00052    0.4600   -1201.1818  0.5467 
   00053    0.4225   -1209.9250  0.5474 
   00054    0.4600   -1218.6929  0.5547 
   00055    0.4025   -1226.8075  0.5574 
   00056    0.4600   -1225.4368  0.5592 
   00057    0.4375   -1224.9322  0.5636 
   00058    0.4300   -1216.9622  0.5630 
   00059    0.4175   -1217.1772  0.5625 
   00060    0.4375   -1218.8177  0.5616 
   00061    0.4700   -1217.3627  0.5571 
   00062    0.4500   -1218.9821  0.5501 
   00063    0.4550   -1220.2711  0.5522 
   00064    0.4450   -1232.6061  0.5557 
   00065    0.4125   -1242.5060  0.5552 
   00066    0.4225   -1241.0385  0.5553 
   00067    0.4275   -1245.0241  0.5627 
   00068    0.4200   -1245.1451  0.5603 
   00069    0.3700   -1250.8373  0.5606 
   00070    0.4625   -1249.5065  0.5633 
   00071    0.4325   -1251.0368  0.5573 
   00072    0.4025   -1250.6141  0.5612 
   00073    0.4400   -1262.9512  0.5585 
   00074    0.4475   -1257.6096  0.5635 
   00075    0.4375   -1266.9006  0.5615 
   00076    0.4525   -1277.7082  0.5633 
   00077    0.4425   -1276.3533  0.5623 
   00078    0.4350   -1289.4506  0.5658 
   00079    0.4475   -1291.6085  0.5627 
   00080    0.4575   -1290.6640  0.5534 
   00081    0.3775   -1291.4981  0.5625 
   00082    0.3950   -1287.5894  0.5611 
   00083    0.4725   -1292.5246  0.5660 
   00084    0.4250   -1293.6736  0.5693 
   00085    0.4375   -1290.4539  0.5679 
   00086    0.4250   -1293.5857  0.5761 
   00087    0.4250   -1292.5113  0.5727 
   00088    0.4525   -1297.5475  0.5810 
   00089    0.4350   -1298.1926  0.5759 
   00090    0.4100   -1301.9187  0.5726 
   00091    0.4800   -1305.9681  0.5753 
   00092    0.4250   -1301.6725  0.5784 
   00093    0.4525   -1298.5401  0.5791 
   00094    0.4025   -1297.3207  0.5782 
   00095    0.4275   -1297.0781  0.5729 
   00096    0.4275   -1290.2375  0.5757 
   00097    0.4600   -1291.2217  0.5737 
   00098    0.3950   -1292.0736  0.5752 
   00099    0.4175   -1293.0140  0.5737 
   00100    0.4225   -1292.5808  0.5754 
   00101    0.3875   -1298.2818  0.5777 
   00102    0.4350   -1298.6377  0.5754 
   00103    0.4225   -1297.8819  0.5726 
   00104    0.4425   -1303.7568  0.5712 
   00105    0.4175   -1298.4677  0.5718 
   00106    0.3975   -1302.2875  0.5885 
   00107    0.4325   -1297.6328  0.5855 
   00108    0.4825   -1293.8343  0.5816 
   00109    0.3775   -1295.4748  0.5831 
   00110    0.4375   -1296.3793  0.5756 
   00111    0.3900   -1302.5827  0.5840 
   00112    0.4375   -1305.6106  0.5853 
   00113    0.4300   -1300.5305  0.5819 
   00114    0.4500   -1289.0306  0.5818 
   00115    0.4375   -1300.1355  0.5915 
   00116    0.4650   -1298.0697  0.5914 
   00117    0.4650   -1305.5289  0.5915 
   00118    0.4275   -1307.6295  0.5882 
   00119    0.4875   -1302.9065  0.5874 
   00120    0.4400   -1298.1654  0.5851 
   00121    0.4400   -1301.1723  0.5798 
   00122    0.4700   -1307.5476  0.5851 
   00123    0.4275   -1305.7575  0.5873 
   00124    0.4275   -1309.9193  0.5917 
   00125    0.4850   -1306.0912  0.5812 
   00126    0.4375   -1310.7835  0.5883 
   00127    0.4275   -1322.8314  0.5951 
   00128    0.4025   -1325.4163  0.5863 
   00129    0.4600   -1334.2512  0.5905 
   00130    0.4325   -1333.4240  0.5895 
   00131    0.3700   -1333.6311  0.5890 
   00132    0.4075   -1331.5698  0.5853 
   00133    0.3900   -1333.2505  0.5815 
   00134    0.4275   -1337.2862  0.5793 
   00135    0.4600   -1340.8030  0.5882 
   00136    0.4850   -1346.0357  0.5921 
   00137    0.4275   -1342.7445  0.5921 
   00138    0.4275   -1335.3817  0.5955 
   00139    0.4250   -1330.7060  0.5946 
   00140    0.3950   -1330.3984  0.5993 
   00141    0.3850   -1340.5372  0.6061 
   00142    0.4625   -1335.3627  0.6081 
   00143    0.4275   -1333.5928  0.6064 
   00144    0.4150   -1330.7087  0.6115 
   00145    0.4300   -1328.4500  0.6200 
   00146    0.3775   -1332.7421  0.6209 
   00147    0.4275   -1329.1378  0.6195 
   00148    0.4375   -1339.8328  0.6194 
   00149    0.4275   -1342.2632  0.6211 
   00150    0.4175   -1339.0934  0.6215 
   00151    0.4375   -1338.4378  0.6164 
   00152    0.4350   -1342.8008  0.6149 
   00153    0.4525   -1348.1663  0.6168 
   00154    0.4275   -1343.6746  0.6191 
   00155    0.4250   -1347.7913  0.6269 
   00156    0.4400   -1345.1261  0.6220 
   00157    0.4300   -1347.5455  0.6221 
   00158    0.4600   -1349.2227  0.6262 
   00159    0.3900   -1352.1849  0.6256 
   00160    0.4575   -1346.2774  0.6201 
   00161    0.4300   -1351.1073  0.6207 
   00162    0.3900   -1347.2971  0.6167 
   00163    0.3800   -1355.3103  0.6187 
   00164    0.4050   -1346.6794  0.6198 
   00165    0.4225   -1344.9982  0.6180 
   00166    0.4350   -1342.8421  0.6138 
   00167    0.4225   -1335.2154  0.6096 
   00168    0.4375   -1339.7060  0.6095 
   00169    0.4375   -1344.9799  0.6143 
   00170    0.4000   -1340.7820  0.6122 
   00171    0.3800   -1345.0279  0.6060 
   00172    0.4025   -1343.5730  0.6083 
   00173    0.4525   -1338.5708  0.6081 
   00174    0.4100   -1347.4795  0.6065 
   00175    0.4150   -1341.5400  0.6085 
   00176    0.4350   -1342.7759  0.6154 
   00177    0.4100   -1343.0804  0.6156 
   00178    0.3975   -1328.4040  0.6151 
   00179    0.4225   -1333.3642  0.6105 
   00180    0.4350   -1332.9638  0.6107 
   00181    0.4275   -1329.5611  0.6001 
   00182    0.4325   -1328.1020  0.5963 
   00183    0.4025   -1334.7564  0.5962 
   00184    0.4000   -1334.3626  0.5961 
   00185    0.3450   -1331.1185  0.5988 
   00186    0.3800   -1330.5671  0.5972 
   00187    0.4425   -1326.6991  0.6002 
   00188    0.4350   -1336.7444  0.6077 
   00189    0.4350   -1341.7331  0.6127 
   00190    0.4550   -1346.1826  0.6153 
   00191    0.4100   -1345.4160  0.6169 
   00192    0.3900   -1346.9026  0.6231 
   00193    0.4125   -1338.2561  0.6277 
   00194    0.4275   -1325.3554  0.6263 
   00195    0.4525   -1326.6527  0.6324 
   00196    0.4600   -1329.1893  0.6316 
   00197    0.4300   -1332.1480  0.6388 
   00198    0.4125   -1333.4997  0.6404 
   00199    0.4400   -1338.1582  0.6422 
   00200    0.4000   -1338.4183  0.6439 
   00201    0.4675   -1337.7343  0.6445 
   00202    0.4100   -1339.6207  0.6482 
   00203    0.4350   -1347.0521  0.6547 
   00204    0.3975   -1347.3292  0.6554 
   00205    0.4100   -1340.3625  0.6461 
   00206    0.3975   -1333.1437  0.6429 
   00207    0.4350   -1336.8570  0.6488 
   00208    0.3950   -1344.8398  0.6540 
   00209    0.4400   -1344.2487  0.6578 
   00210    0.4400   -1334.8797  0.6621 
   00211    0.3925   -1339.0507  0.6559 
   00212    0.4450   -1337.1150  0.6561 
   00213    0.4300   -1334.6975  0.6512 
   00214    0.4400   -1343.6266  0.6581 
   00215    0.5050   -1336.2913  0.6604 
   00216    0.4025   -1330.2707  0.6548 
   00217    0.4175   -1332.8820  0.6557 
   00218    0.4000   -1333.7532  0.6497 
   00219    0.4575   -1341.2310  0.6436 
   00220    0.4100   -1344.2520  0.6442 
   00221    0.3875   -1346.7522  0.6432 
   00222    0.3875   -1343.6721  0.6471 
   00223    0.4375   -1342.3724  0.6461 
   00224    0.4050   -1340.0345  0.6490 
   00225    0.4225   -1338.2482  0.6467 
   00226    0.4275   -1347.9892  0.6506 
   00227    0.4200   -1354.3569  0.6511 
   00228    0.4300   -1352.9962  0.6441 
   00229    0.3825   -1356.0727  0.6419 
   00230    0.3975   -1360.4065  0.6374 
   00231    0.4275   -1357.4349  0.6363 
   00232    0.4350   -1351.5682  0.6415 
   00233    0.4800   -1349.2314  0.6414 
   00234    0.4325   -1354.1773  0.6419 
   00235    0.4000   -1351.9149  0.6311 
   00236    0.4025   -1351.9559  0.6354 
   00237    0.4025   -1355.1894  0.6446 
   00238    0.4100   -1357.3168  0.6450 
   00239    0.4150   -1354.2408  0.6445 
   00240    0.3900   -1353.4665  0.6412 
   00241    0.4125   -1349.0035  0.6383 
   00242    0.4150   -1358.8143  0.6466 
   00243    0.4150   -1353.2942  0.6358 
   00244    0.4075   -1349.6755  0.6332 
   00245    0.4300   -1353.2451  0.6393 
   00246    0.4350   -1354.0017  0.6376 
   00247    0.3800   -1363.0083  0.6394 
   00248    0.4250   -1365.5056  0.6373 
   00249    0.4150   -1364.1731  0.6326 
   00250    0.3875   -1361.0196  0.6360 
   00251    0.4100   -1357.9946  0.6395 
   00252    0.4050   -1361.6420  0.6368 
   00253    0.4525   -1361.1623  0.6398 
   00254    0.4025   -1355.1542  0.6429 
   00255    0.4000   -1346.8365  0.6382 
   00256    0.4025   -1350.5918  0.6333 
   00257    0.4250   -1348.5675  0.6300 
   00258    0.4125   -1350.5483  0.6306 
   00259    0.4000   -1346.1919  0.6306 
   00260    0.4050   -1344.0615  0.6247 
   00261    0.3550   -1345.7353  0.6212 
   00262    0.4300   -1345.1022  0.6243 
   00263    0.4475   -1342.0522  0.6337 
   00264    0.4275   -1339.0275  0.6296 
   00265    0.4525   -1340.6302  0.6309 
   00266    0.4400   -1345.5956  0.6339 
   00267    0.3850   -1343.4097  0.6282 
   00268    0.4450   -1351.1674  0.6287 
   00269    0.3775   -1344.9890  0.6228 
   00270    0.4325   -1346.2904  0.6274 
   00271    0.4275   -1332.8059  0.6249 
   00272    0.4200   -1339.2874  0.6212 
   00273    0.4275   -1336.6635  0.6226 
   00274    0.4350   -1337.1725  0.6236 
   00275    0.4000   -1342.4156  0.6238 
   00276    0.4175   -1339.6309  0.6217 
   00277    0.4025   -1331.3998  0.6250 
   00278    0.4200   -1331.5182  0.6227 
   00279    0.4150   -1334.3850  0.6185 
   00280    0.4500   -1338.0814  0.6186 
   00281    0.4100   -1346.6805  0.6208 
   00282    0.3650   -1349.6085  0.6209 
   00283    0.4475   -1351.0527  0.6248 
   00284    0.4600   -1351.1557  0.6199 
   00285    0.4700   -1352.2354  0.6205 
   00286    0.4125   -1351.4619  0.6185 
   00287    0.3825   -1363.5776  0.6245 
   00288    0.4375   -1369.4147  0.6220 
   00289    0.4200   -1366.6563  0.6260 
   00290    0.3925   -1363.3682  0.6256 
   00291    0.4100   -1362.1396  0.6293 
   00292    0.4525   -1358.7179  0.6313 
   00293    0.4700   -1360.6810  0.6348 
   00294    0.4125   -1357.3098  0.6288 
   00295    0.3875   -1350.0923  0.6317 
   00296    0.4300   -1352.6131  0.6367 
   00297    0.4175   -1353.5315  0.6389 
   00298    0.3900   -1357.4796  0.6382 
   00299    0.3600   -1364.3202  0.6414 
   00300    0.4475   -1360.9273  0.6524 
   00301    0.4600   -1367.1194  0.6539 
   00302    0.3975   -1359.2133  0.6481 
   00303    0.4175   -1360.6737  0.6476 
   00304    0.4000   -1360.3207  0.6443 
   00305    0.3800   -1362.2374  0.6461 
   00306    0.4200   -1357.1126  0.6465 
   00307    0.4100   -1355.7835  0.6441 
   00308    0.4675   -1346.9395  0.6462 
   00309    0.4250   -1347.9033  0.6476 
   00310    0.4275   -1340.9959  0.6470 
   00311    0.4175   -1329.9722  0.6458 
   00312    0.4125   -1323.4688  0.6442 
   00313    0.4450   -1321.4831  0.6420 
   00314    0.4050   -1332.2240  0.6415 
   00315    0.4250   -1330.2549  0.6488 
   00316    0.3750   -1321.0573  0.6512 
   00317    0.4350   -1319.8739  0.6524 
   00318    0.4150   -1317.7295  0.6529 
   00319    0.4225   -1324.6614  0.6569 
   00320    0.4475   -1322.3585  0.6594 
   00321    0.4125   -1322.4888  0.6642 
   00322    0.4475   -1323.8959  0.6624 
   00323    0.4400   -1316.2093  0.6641 
   00324    0.3875   -1327.6735  0.6697 
   00325    0.4000   -1322.5744  0.6665 
   00326    0.4300   -1321.7142  0.6772 
   00327    0.4150   -1324.2747  0.6794 
   00328    0.4425   -1319.5169  0.6811 
   00329    0.4175   -1314.4231  0.6804 
   00330    0.3950   -1316.0050  0.6843 
   00331    0.4375   -1319.0655  0.6798 
   00332    0.4175   -1328.1106  0.6822 
   00333    0.3875   -1329.5623  0.6815 
   00334    0.4475   -1331.0770  0.6860 
   00335    0.4100   -1339.0130  0.6851 
   00336    0.4000   -1341.4354  0.6825 
   00337    0.4250   -1346.4885  0.6816 
   00338    0.3925   -1347.6967  0.6793 
   00339    0.4400   -1354.1334  0.6829 
   00340    0.3775   -1343.1084  0.6773 
   00341    0.4250   -1334.2492  0.6748 
   00342    0.4225   -1346.6661  0.6777 
   00343    0.4175   -1343.2393  0.6769 
   00344    0.4000   -1342.2832  0.6817 
   00345    0.4375   -1343.8853  0.6820 
   00346    0.4200   -1339.7738  0.6818 
   00347    0.4525   -1349.5178  0.6878 
   00348    0.4300   -1351.5509  0.6886 
   00349    0.4475   -1354.6018  0.6967 
   00350    0.4075   -1357.8187  0.6999 
   00351    0.3700   -1356.0481  0.6956 
   00352    0.4075   -1350.9724  0.6919 
   00353    0.3900   -1354.2028  0.6928 
   00354    0.4200   -1359.3625  0.6989 
   00355    0.4000   -1353.3983  0.6958 
   00356    0.3950   -1350.3028  0.6951 
   00357    0.4525   -1356.7968  0.6987 
   00358    0.4225   -1344.3346  0.6984 
   00359    0.4000   -1344.4637  0.7017 
   00360    0.4375   -1344.1779  0.7060 
   00361    0.4225   -1343.1040  0.7044 
   00362    0.4075   -1339.7223  0.7070 
   00363    0.4000   -1344.9380  0.7044 
   00364    0.4325   -1350.5024  0.7049 
   00365    0.4175   -1354.2966  0.7071 
   00366    0.4050   -1356.4734  0.7065 
   00367    0.3950   -1354.8811  0.7103 
   00368    0.4675   -1354.7500  0.7116 
   00369    0.4575   -1356.4133  0.7120 
   00370    0.4100   -1359.0822  0.7114 
   00371    0.4700   -1356.5826  0.7069 
   00372    0.4475   -1357.3197  0.7040 
   00373    0.3850   -1358.3340  0.7031 
   00374    0.4300   -1365.5572  0.7070 
   00375    0.3950   -1365.2450  0.7042 
   00376    0.4100   -1366.0396  0.7055 
   00377    0.4700   -1361.4049  0.7042 
   00378    0.4275   -1364.4718  0.7034 
   00379    0.3900   -1366.1104  0.7077 
   00380    0.4350   -1368.6704  0.7059 
   00381    0.4500   -1364.1327  0.7096 
   00382    0.4300   -1364.3231  0.7131 
   00383    0.4175   -1365.4121  0.7128 
   00384    0.4100   -1361.3728  0.7122 
   00385    0.4750   -1359.0855  0.7114 
   00386    0.4650   -1360.5287  0.7081 
   00387    0.4550   -1362.0346  0.7079 
   00388    0.3875   -1360.2545  0.7051 
   00389    0.3700   -1357.2851  0.7076 
   00390    0.4350   -1358.9730  0.7121 
   00391    0.4425   -1359.8042  0.7147 
   00392    0.4450   -1351.2347  0.7125 
   00393    0.3900   -1350.8759  0.7164 
   00394    0.4350   -1346.8972  0.7181 
   00395    0.4175   -1360.7690  0.7238 
   00396    0.4375   -1359.8045  0.7243 
   00397    0.4500   -1345.4084  0.7198 
   00398    0.3925   -1344.0694  0.7191 
   00399    0.4200   -1342.1742  0.7119 
   00400    0.4550   -1337.2092  0.7056 
   00401    0.4250   -1350.1983  0.7040 
   00402    0.3900   -1354.7725  0.7043 
   00403    0.4075   -1357.4442  0.7013 
   00404    0.4425   -1355.0071  0.7053 
   00405    0.3850   -1360.4236  0.7125 
   00406    0.4125   -1358.8020  0.7131 
   00407    0.4475   -1362.3109  0.7199 
   00408    0.4450   -1360.0296  0.7211 
   00409    0.4125   -1349.7350  0.7201 
   00410    0.4400   -1343.9081  0.7261 
   00411    0.4550   -1349.1729  0.7310 
   00412    0.3450   -1355.9054  0.7270 
   00413    0.4350   -1361.0457  0.7263 
   00414    0.4100   -1360.6959  0.7238 
   00415    0.4650   -1363.5763  0.7301 
   00416    0.3775   -1356.9084  0.7276 
   00417    0.3950   -1350.1256  0.7176 
   00418    0.4000   -1349.7703  0.7221 
   00419    0.4375   -1354.5572  0.7216 
   00420    0.4375   -1353.5119  0.7204 
   00421    0.4075   -1357.0274  0.7205 
   00422    0.4350   -1353.0819  0.7215 
   00423    0.4200   -1347.6383  0.7262 
   00424    0.4700   -1352.5954  0.7316 
   00425    0.4100   -1360.2794  0.7316 
   00426    0.4050   -1364.8368  0.7361 
   00427    0.4575   -1359.1117  0.7314 
   00428    0.3925   -1370.0641  0.7341 
   00429    0.3550   -1365.0129  0.7348 
   00430    0.4225   -1367.3421  0.7388 
   00431    0.4425   -1371.6109  0.7362 
   00432    0.4050   -1379.1872  0.7359 
   00433    0.4225   -1378.8773  0.7323 
   00434    0.3975   -1376.7532  0.7365 
   00435    0.4100   -1371.4803  0.7366 
   00436    0.4450   -1365.2237  0.7406 
   00437    0.4075   -1359.6503  0.7336 
   00438    0.4275   -1356.7495  0.7294 
   00439    0.3775   -1360.3513  0.7295 
   00440    0.4500   -1364.2271  0.7335 
   00441    0.4350   -1361.0905  0.7317 
   00442    0.4375   -1355.4818  0.7239 
   00443    0.4375   -1359.7660  0.7320 
   00444    0.4175   -1360.4773  0.7273 
   00445    0.4250   -1357.4476  0.7242 
   00446    0.4300   -1360.5064  0.7326 
   00447    0.4375   -1357.2711  0.7287 
   00448    0.4725   -1357.2466  0.7259 
   00449    0.4125   -1357.0849  0.7180 
   00450    0.4225   -1363.0791  0.7177 
   00451    0.4400   -1366.4696  0.7147 
   00452    0.4625   -1371.0368  0.7165 
   00453    0.4400   -1366.8203  0.7155 
   00454    0.4450   -1365.0902  0.7152 
   00455    0.4275   -1372.3975  0.7176 
   00456    0.3900   -1365.8779  0.7146 
   00457    0.4025   -1360.3282  0.7108 
   00458    0.4400   -1363.8665  0.7100 
   00459    0.4225   -1366.0459  0.7140 
   00460    0.4400   -1373.3980  0.7175 
   00461    0.3850   -1376.1639  0.7193 
   00462    0.3975   -1381.1940  0.7060 
   00463    0.3725   -1383.5768  0.7068 
   00464    0.3900   -1389.9318  0.7101 
   00465    0.4200   -1385.9852  0.7135 
   00466    0.4425   -1379.9826  0.7051 
   00467    0.4400   -1379.7792  0.7060 
   00468    0.3950   -1378.3280  0.7060 
   00469    0.4275   -1373.6158  0.7035 
   00470    0.4375   -1366.9223  0.7066 
   00471    0.4400   -1371.1185  0.7062 
   00472    0.3925   -1370.4567  0.7075 
   00473    0.4550   -1370.2779  0.7076 
   00474    0.4000   -1364.4585  0.7029 
   00475    0.4050   -1368.4143  0.7074 
   00476    0.4350   -1367.5217  0.7025 
   00477    0.4075   -1366.3498  0.7040 
   00478    0.4325   -1361.6065  0.6996 
   00479    0.4525   -1362.5461  0.7028 
   00480    0.4325   -1358.1211  0.6978 
   00481    0.3975   -1367.8445  0.7001 
   00482    0.4225   -1364.7406  0.7005 
   00483    0.4275   -1366.2319  0.6999 
   00484    0.4025   -1373.2029  0.7038 
   00485    0.4300   -1375.1573  0.7005 
   00486    0.4225   -1378.6899  0.7068 
   00487    0.4125   -1371.5983  0.7047 
   00488    0.4425   -1363.9450  0.7020 
   00489    0.4450   -1371.1622  0.7009 
   00490    0.4700   -1368.5260  0.6993 
   00491    0.4025   -1369.7386  0.6970 
   00492    0.4150   -1367.5539  0.7037 
   00493    0.4200   -1365.7972  0.7009 
   00494    0.3950   -1370.2172  0.6967 
   00495    0.3950   -1372.5203  0.6922 
   00496    0.4000   -1374.9533  0.6942 
   00497    0.4025   -1375.0788  0.7001 
   00498    0.4575   -1373.6774  0.7102 
   00499    0.4275   -1374.6537  0.7086 
   00500    0.3950   -1373.0149  0.7091 
   00501    0.4200   -1369.0627  0.7072 
   00502    0.3875   -1364.9629  0.7022 
   00503    0.3825   -1363.0970  0.7012 
   00504    0.4150   -1365.9455  0.7023 
   00505    0.4200   -1356.1224  0.6951 
   00506    0.4350   -1364.9498  0.6968 
   00507    0.4100   -1359.6321  0.6981 
   00508    0.3950   -1358.5580  0.7008 
   00509    0.4400   -1360.5547  0.7010 
   00510    0.4150   -1358.8623  0.7033 
   00511    0.4225   -1366.0692  0.7055 
   00512    0.4175   -1364.4111  0.7036 
   00513    0.4150   -1360.5194  0.7024 
   00514    0.3775   -1362.8064  0.7042 
   00515    0.3875   -1363.8689  0.7047 
   00516    0.4375   -1360.7019  0.7002 
   00517    0.4175   -1359.7257  0.7018 
   00518    0.4125   -1363.8078  0.7046 
   00519    0.4125   -1362.0802  0.7017 
   00520    0.3900   -1353.8737  0.6978 
   00521    0.4300   -1355.3378  0.6973 
   00522    0.4325   -1350.5852  0.6958 
   00523    0.4125   -1349.2237  0.6995 
   00524    0.4400   -1350.9862  0.7006 
   00525    0.4075   -1347.9830  0.6914 
   00526    0.4275   -1345.8765  0.6889 
   00527    0.4200   -1347.6513  0.6920 
   00528    0.4050   -1345.9803  0.6937 
   00529    0.3975   -1347.4857  0.6969 
   00530    0.4075   -1359.5033  0.7083 
   00531    0.4275   -1355.3194  0.7071 
   00532    0.4350   -1355.7619  0.7091 
   00533    0.4025   -1353.5219  0.7026 
   00534    0.3875   -1367.0136  0.7026 
   00535    0.3975   -1364.9543  0.7055 
   00536    0.4350   -1364.3371  0.7064 
   00537    0.4175   -1356.7905  0.7118 
   00538    0.4225   -1356.3890  0.7119 
   00539    0.3950   -1358.5513  0.7183 
   00540    0.4300   -1358.2080  0.7090 
   00541    0.3900   -1356.8135  0.7118 
   00542    0.3725   -1358.1291  0.7102 
   00543    0.3975   -1358.4580  0.7122 
   00544    0.4075   -1358.2398  0.7161 
   00545    0.4250   -1351.1770  0.7226 
   00546    0.3925   -1358.5993  0.7214 
   00547    0.4350   -1359.7410  0.7234 
   00548    0.4475   -1358.6519  0.7199 
   00549    0.4400   -1357.7822  0.7203 
   00550    0.4325   -1356.8646  0.7129 
   00551    0.4300   -1354.8129  0.7142 
   00552    0.4100   -1365.5372  0.7203 
   00553    0.4275   -1368.6976  0.7170 
   00554    0.4525   -1356.9470  0.7178 
   00555    0.4375   -1366.1145  0.7282 
   00556    0.4125   -1356.9567  0.7208 
   00557    0.4325   -1357.9475  0.7237 
   00558    0.4200   -1361.5019  0.7260 
   00559    0.4025   -1360.8356  0.7250 
   00560    0.4550   -1362.2299  0.7297 
   00561    0.4100   -1363.0339  0.7328 
   00562    0.4150   -1363.8652  0.7355 
   00563    0.3900   -1360.6338  0.7341 
   00564    0.4125   -1366.6056  0.7414 
   00565    0.4150   -1368.0631  0.7409 
   00566    0.4300   -1366.0695  0.7409 
   00567    0.4250   -1371.3734  0.7452 
   00568    0.3825   -1377.5280  0.7403 
   00569    0.4300   -1383.7760  0.7475 
   00570    0.4100   -1380.6386  0.7458 
   00571    0.4100   -1376.6727  0.7453 
   00572    0.4125   -1371.2146  0.7454 
   00573    0.4000   -1373.9415  0.7505 
   00574    0.4475   -1369.2295  0.7500 
   00575    0.4100   -1365.3849  0.7499 
   00576    0.4500   -1373.4759  0.7496 
   00577    0.4375   -1366.9903  0.7509 
   00578    0.4050   -1371.7093  0.7519 
   00579    0.4025   -1370.5743  0.7492 
   00580    0.3850   -1367.9873  0.7488 
   00581    0.4175   -1361.4948  0.7480 
   00582    0.4175   -1358.9492  0.7462 
   00583    0.4100   -1366.1761  0.7515 
   00584    0.4175   -1371.1728  0.7568 
   00585    0.3950   -1371.8249  0.7605 
   00586    0.4000   -1368.1133  0.7597 
   00587    0.4100   -1367.7952  0.7572 
   00588    0.4300   -1372.0815  0.7632 
   00589    0.4275   -1375.9767  0.7621 
   00590    0.4125   -1383.8424  0.7644 
   00591    0.3875   -1385.6782  0.7615 
   00592    0.3975   -1380.7131  0.7601 
   00593    0.4075   -1374.9448  0.7570 
   00594    0.4350   -1373.8632  0.7567 
   00595    0.4325   -1370.2798  0.7551 
   00596    0.3775   -1377.9627  0.7640 
   00597    0.4050   -1386.3836  0.7640 
   00598    0.4700   -1376.1146  0.7617 
   00599    0.4500   -1379.0754  0.7621 
   00600    0.4050   -1377.3556  0.7609 
   00601    0.3925   -1377.3602  0.7559 
   00602    0.4425   -1376.7707  0.7583 
   00603    0.3550   -1378.2651  0.7660 
   00604    0.3900   -1373.1190  0.7653 
   00605    0.4225   -1369.5654  0.7652 
   00606    0.4475   -1370.5107  0.7628 
   00607    0.4350   -1371.3157  0.7579 
   00608    0.3825   -1376.3935  0.7568 
   00609    0.4025   -1380.3352  0.7599 
   00610    0.4375   -1376.4165  0.7588 
   00611    0.4225   -1370.0875  0.7529 
   00612    0.3900   -1362.6923  0.7480 
   00613    0.4075   -1362.6426  0.7436 
   00614    0.4225   -1366.1043  0.7476 
   00615    0.4475   -1363.0835  0.7466 
   00616    0.4250   -1370.4819  0.7504 
   00617    0.3875   -1371.3348  0.7511 
   00618    0.4300   -1369.6275  0.7496 
   00619    0.3900   -1372.7212  0.7498 
   00620    0.4025   -1366.7707  0.7503 
   00621    0.4050   -1363.7303  0.7464 
   00622    0.4125   -1374.5846  0.7488 
   00623    0.4725   -1374.6418  0.7526 
   00624    0.4225   -1371.4020  0.7520 
   00625    0.4550   -1377.8625  0.7545 
   00626    0.4400   -1377.7775  0.7564 
   00627    0.4625   -1387.1316  0.7562 
   00628    0.3875   -1384.2307  0.7580 
   00629    0.4475   -1382.5856  0.7593 
   00630    0.4225   -1385.5012  0.7595 
   00631    0.4475   -1384.6332  0.7630 
   00632    0.4250   -1379.8390  0.7598 
   00633    0.4350   -1384.6587  0.7596 
   00634    0.4750   -1382.6010  0.7609 
   00635    0.3825   -1383.9476  0.7577 
   00636    0.4025   -1381.9316  0.7596 
   00637    0.4375   -1382.1792  0.7638 
   00638    0.4200   -1382.0825  0.7655 
   00639    0.4175   -1381.8346  0.7628 
   00640    0.3500   -1377.9162  0.7605 
   00641    0.4075   -1378.0226  0.7636 
   00642    0.4125   -1385.9017  0.7591 
   00643    0.4600   -1386.9700  0.7576 
   00644    0.4275   -1384.7827  0.7600 
   00645    0.3975   -1382.6257  0.7581 
   00646    0.4700   -1377.7820  0.7583 
   00647    0.4300   -1371.0788  0.7599 
   00648    0.4300   -1365.6390  0.7586 
   00649    0.4250   -1373.9976  0.7619 
   00650    0.4150   -1375.6180  0.7596 
   00651    0.4100   -1379.6490  0.7638 
   00652    0.3975   -1379.5169  0.7618 
   00653    0.4600   -1374.9715  0.7693 
   00654    0.4500   -1374.7617  0.7713 
   00655    0.4550   -1374.0816  0.7676 
   00656    0.4750   -1378.4828  0.7704 
   00657    0.3850   -1390.8115  0.7719 
   00658    0.4000   -1387.1692  0.7742 
   00659    0.4025   -1383.9616  0.7783 
   00660    0.4325   -1381.3614  0.7798 
   00661    0.4000   -1381.3219  0.7786 
   00662    0.4125   -1381.6707  0.7791 
   00663    0.4025   -1387.7723  0.7832 
   00664    0.4175   -1388.0433  0.7840 
   00665    0.3975   -1387.5726  0.7874 
   00666    0.4100   -1387.2207  0.7821 
   00667    0.4100   -1380.9494  0.7761 
   00668    0.4675   -1384.1293  0.7719 
   00669    0.4050   -1383.6076  0.7722 
   00670    0.4175   -1384.2205  0.7735 
   00671    0.4475   -1381.7087  0.7794 
   00672    0.4325   -1382.3262  0.7744 
   00673    0.4500   -1381.6819  0.7742 
   00674    0.4425   -1366.6694  0.7642 
   00675    0.4225   -1369.6294  0.7601 
   00676    0.4400   -1372.8361  0.7619 
   00677    0.3850   -1369.0615  0.7616 
   00678    0.4375   -1370.8964  0.7621 
   00679    0.3925   -1371.1047  0.7586 
   00680    0.4525   -1363.1544  0.7600 
   00681    0.4275   -1369.2377  0.7575 
   00682    0.4250   -1372.1500  0.7625 
   00683    0.4450   -1372.2452  0.7590 
   00684    0.4550   -1377.4793  0.7623 
   00685    0.4425   -1371.0046  0.7573 
   00686    0.4350   -1369.0577  0.7569 
   00687    0.4225   -1361.2306  0.7542 
   00688    0.4150   -1366.5855  0.7553 
   00689    0.4075   -1360.4816  0.7523 
   00690    0.4125   -1364.4053  0.7541 
   00691    0.4100   -1373.8316  0.7601 
   00692    0.4375   -1377.3292  0.7681 
   00693    0.4350   -1383.7988  0.7692 
   00694    0.4375   -1393.7774  0.7704 
   00695    0.3875   -1389.1803  0.7715 
   00696    0.3875   -1386.7169  0.7718 
   00697    0.3725   -1380.1307  0.7700 
   00698    0.3875   -1381.9622  0.7718 
   00699    0.4625   -1373.6878  0.7679 
   00700    0.4025   -1370.7953  0.7659 
   00701    0.3825   -1373.9412  0.7621 
   00702    0.4325   -1369.0871  0.7622 
   00703    0.4075   -1377.5927  0.7646 
   00704    0.4025   -1374.9345  0.7625 
   00705    0.4300   -1367.9447  0.7566 
   00706    0.3975   -1364.5963  0.7545 
   00707    0.4150   -1365.3340  0.7511 
   00708    0.4200   -1367.3752  0.7489 
   00709    0.4200   -1359.6008  0.7469 
   00710    0.4275   -1359.3021  0.7440 
   00711    0.4075   -1352.8166  0.7421 
   00712    0.4325   -1357.4832  0.7474 
   00713    0.4350   -1362.1788  0.7422 
   00714    0.4375   -1366.9099  0.7414 
   00715    0.4025   -1371.2241  0.7448 
   00716    0.4325   -1368.0623  0.7468 
   00717    0.3950   -1368.5721  0.7445 
   00718    0.3875   -1375.8639  0.7523 
   00719    0.4000   -1362.0682  0.7446 
   00720    0.3800   -1362.9831  0.7444 
   00721    0.4000   -1366.2216  0.7440 
   00722    0.4475   -1365.6580  0.7444 
   00723    0.4325   -1362.9214  0.7388 
   00724    0.4125   -1365.8403  0.7420 
   00725    0.4175   -1366.0070  0.7451 
   00726    0.3850   -1355.9456  0.7412 
   00727    0.4550   -1360.4116  0.7441 
   00728    0.4275   -1363.8140  0.7483 
   00729    0.4275   -1366.0861  0.7512 
   00730    0.4450   -1375.7710  0.7572 
   00731    0.4475   -1372.7234  0.7604 
   00732    0.4000   -1372.8633  0.7570 
   00733    0.4200   -1368.3911  0.7586 
   00734    0.4375   -1370.9570  0.7590 
   00735    0.4200   -1372.9310  0.7622 
   00736    0.4500   -1369.0038  0.7652 
   00737    0.4200   -1371.9707  0.7671 
   00738    0.4450   -1367.9407  0.7689 
   00739    0.4325   -1364.6014  0.7669 
   00740    0.4025   -1362.0843  0.7674 
   00741    0.3600   -1366.1648  0.7682 
   00742    0.4425   -1367.7196  0.7668 
   00743    0.3950   -1367.9166  0.7684 
   00744    0.4475   -1377.9309  0.7688 
   00745    0.4425   -1374.3788  0.7692 
   00746    0.3750   -1377.3018  0.7669 
   00747    0.4100   -1379.4714  0.7663 
   00748    0.4100   -1378.6459  0.7693 
   00749    0.4275   -1377.1607  0.7676 
   00750    0.4125   -1373.3974  0.7718 
   00751    0.4250   -1370.8809  0.7677 
   00752    0.4600   -1376.7291  0.7733 
   00753    0.4400   -1377.1332  0.7722 
   00754    0.4050   -1374.5309  0.7705 
   00755    0.4300   -1372.6381  0.7696 
   00756    0.4550   -1367.3675  0.7698 
   00757    0.4475   -1372.2370  0.7689 
   00758    0.4050   -1377.0431  0.7682 
   00759    0.4350   -1373.5077  0.7671 
   00760    0.4225   -1371.2698  0.7614 
   00761    0.4300   -1376.4381  0.7634 
   00762    0.4300   -1374.3550  0.7650 
   00763    0.4300   -1371.9452  0.7591 
   00764    0.4075   -1375.8934  0.7661 
   00765    0.4775   -1374.7014  0.7692 
   00766    0.4025   -1372.3578  0.7738 
   00767    0.4450   -1373.9312  0.7701 
   00768    0.4325   -1368.0850  0.7691 
   00769    0.3675   -1368.4480  0.7710 
   00770    0.4300   -1367.5513  0.7740 
   00771    0.3775   -1371.4015  0.7725 
   00772    0.4400   -1365.0902  0.7705 
   00773    0.4275   -1369.5437  0.7706 
   00774    0.4300   -1366.0136  0.7698 
   00775    0.4300   -1364.5717  0.7697 
   00776    0.4275   -1369.7684  0.7710 
   00777    0.3975   -1366.2923  0.7714 
   00778    0.4225   -1361.2476  0.7729 
   00779    0.4025   -1362.8203  0.7736 
   00780    0.4450   -1347.1327  0.7707 
   00781    0.4250   -1358.4011  0.7749 
   00782    0.4350   -1355.5125  0.7776 
   00783    0.4050   -1360.9253  0.7802 
   00784    0.4200   -1360.9160  0.7789 
   00785    0.4225   -1369.6416  0.7845 
   00786    0.4425   -1366.8862  0.7873 
   00787    0.3875   -1364.3514  0.7822 
   00788    0.4225   -1370.8049  0.7828 
   00789    0.4300   -1365.8558  0.7778 
   00790    0.4425   -1368.8410  0.7784 
   00791    0.4850   -1375.6067  0.7839 
   00792    0.3975   -1377.4884  0.7813 
   00793    0.4550   -1371.7886  0.7815 
   00794    0.3800   -1366.0952  0.7759 
   00795    0.4025   -1364.5920  0.7790 
   00796    0.4325   -1366.0548  0.7767 
   00797    0.4075   -1364.5976  0.7774 
   00798    0.4000   -1349.4699  0.7739 
   00799    0.4175   -1355.4480  0.7747 
   00800    0.4575   -1362.9799  0.7798 
   00801    0.4375   -1366.2844  0.7812 
   00802    0.3900   -1361.6104  0.7816 
   00803    0.4075   -1354.9768  0.7817 
   00804    0.3700   -1353.9984  0.7800 
   00805    0.4400   -1352.4481  0.7892 
   00806    0.4350   -1349.0915  0.7859 
   00807    0.4475   -1350.8725  0.7897 
   00808    0.4000   -1353.8219  0.7864 
   00809    0.4025   -1352.6253  0.7826 
   00810    0.4000   -1347.8653  0.7808 
   00811    0.4550   -1354.7226  0.7863 
   00812    0.3575   -1355.8724  0.7867 
   00813    0.4350   -1356.3689  0.7890 
   00814    0.4150   -1361.1979  0.7916 
   00815    0.3825   -1369.9484  0.7915 
   00816    0.4400   -1367.6900  0.7885 
   00817    0.4350   -1375.4337  0.7840 
   00818    0.4675   -1384.5332  0.7867 
   00819    0.3775   -1387.4559  0.7913 
   00820    0.4625   -1375.9249  0.7874 
   00821    0.4225   -1376.0309  0.7867 
   00822    0.4025   -1375.5655  0.7874 
   00823    0.4525   -1379.1244  0.7928 
   00824    0.4400   -1378.2356  0.7963 
   00825    0.4175   -1366.7886  0.7957 
   00826    0.4475   -1367.5743  0.7964 
   00827    0.4000   -1370.6190  0.7980 
   00828    0.4450   -1366.1818  0.8001 
   00829    0.4375   -1365.4071  0.7955 
   00830    0.4250   -1361.4770  0.7957 
   00831    0.4150   -1360.1429  0.7926 
   00832    0.4425   -1367.3450  0.7933 
   00833    0.4200   -1369.3266  0.7921 
   00834    0.3925   -1364.0266  0.7942 
   00835    0.4200   -1366.8139  0.7962 
   00836    0.4200   -1368.5505  0.7965 
   00837    0.4600   -1374.1692  0.7963 
   00838    0.4250   -1371.7156  0.7966 
   00839    0.4300   -1371.2452  0.7944 
   00840    0.4100   -1373.6734  0.7969 
   00841    0.3800   -1371.0166  0.7939 
   00842    0.4075   -1375.4928  0.7920 
   00843    0.4125   -1370.9851  0.7999 
   00844    0.4275   -1377.8496  0.7982 
   00845    0.4075   -1377.2490  0.7995 
   00846    0.4600   -1374.7926  0.7952 
   00847    0.4675   -1370.7850  0.7941 
   00848    0.4250   -1373.7646  0.7898 
   00849    0.4075   -1374.1184  0.7873 
   00850    0.3525   -1367.2921  0.7850 
   00851    0.4725   -1362.6731  0.7829 
   00852    0.4250   -1359.9777  0.7856 
   00853    0.3875   -1361.2130  0.7795 
   00854    0.3725   -1360.4604  0.7805 
   00855    0.3825   -1367.3502  0.7814 
   00856    0.4325   -1363.2162  0.7791 
   00857    0.4175   -1377.0806  0.7895 
   00858    0.4075   -1379.5446  0.7899 
   00859    0.4150   -1386.8291  0.7909 
   00860    0.4125   -1390.0225  0.7898 
   00861    0.4400   -1381.7834  0.7918 
   00862    0.3975   -1380.8808  0.7941 
   00863    0.3950   -1376.3656  0.7916 
   00864    0.3675   -1374.4652  0.7910 
   00865    0.4475   -1376.4765  0.7914 
   00866    0.4250   -1369.2998  0.7904 
   00867    0.3825   -1367.3722  0.7880 
   00868    0.3800   -1371.1297  0.7900 
   00869    0.4325   -1369.4249  0.7970 
   00870    0.3900   -1374.5964  0.8007 
   00871    0.4325   -1374.9861  0.7971 
   00872    0.4325   -1377.7223  0.7993 
   00873    0.4225   -1378.7481  0.8048 
   00874    0.3700   -1379.4632  0.8041 
   00875    0.4400   -1377.0689  0.8026 
   00876    0.3850   -1379.6980  0.8030 
   00877    0.4250   -1385.5293  0.8022 
   00878    0.4575   -1381.4470  0.8017 
   00879    0.4475   -1382.8968  0.8049 
   00880    0.4175   -1378.5763  0.8066 
   00881    0.4175   -1386.3498  0.8104 
   00882    0.4250   -1395.5831  0.8117 
   00883    0.4400   -1387.4675  0.8104 
   00884    0.4125   -1379.6714  0.8083 
   00885    0.4175   -1384.5246  0.8075 
   00886    0.4175   -1381.2087  0.8102 
   00887    0.3925   -1381.8214  0.8070 
   00888    0.4500   -1380.1424  0.8100 
   00889    0.3975   -1382.8163  0.8138 
   00890    0.4100   -1374.2251  0.8176 
   00891    0.4200   -1374.0401  0.8166 
   00892    0.3975   -1373.0412  0.8143 
   00893    0.3775   -1372.8171  0.8137 
   00894    0.4125   -1367.8926  0.8131 
   00895    0.4000   -1368.8522  0.8154 
   00896    0.4150   -1373.2146  0.8137 
   00897    0.4225   -1372.6262  0.8140 
   00898    0.4100   -1378.4651  0.8142 
   00899    0.4525   -1369.2831  0.8119 
   00900    0.3925   -1373.7797  0.8141 
   00901    0.4125   -1376.6337  0.8194 
   00902    0.4475   -1377.7228  0.8201 
   00903    0.4300   -1385.1163  0.8273 
   00904    0.4000   -1376.4317  0.8276 
   00905    0.4575   -1365.2726  0.8328 
   00906    0.3875   -1363.8278  0.8296 
   00907    0.4200   -1367.7890  0.8278 
   00908    0.4100   -1380.6981  0.8342 
   00909    0.4050   -1379.4923  0.8326 
   00910    0.4700   -1376.8629  0.8292 
   00911    0.4200   -1375.2361  0.8307 
   00912    0.4450   -1379.8661  0.8383 
   00913    0.4100   -1377.8914  0.8425 
   00914    0.3700   -1377.5173  0.8394 
   00915    0.4450   -1376.0895  0.8400 
   00916    0.4250   -1372.3060  0.8355 
   00917    0.4225   -1368.8096  0.8356 
   00918    0.4400   -1369.0593  0.8342 
   00919    0.4700   -1364.5595  0.8348 
   00920    0.3950   -1363.1927  0.8307 
   00921    0.4025   -1364.8555  0.8331 
   00922    0.4325   -1363.7644  0.8361 
   00923    0.3825   -1358.5986  0.8355 
   00924    0.4250   -1352.3258  0.8263 
   00925    0.4500   -1354.7471  0.8262 
   00926    0.4450   -1359.0738  0.8273 
   00927    0.4625   -1356.9262  0.8271 
   00928    0.4325   -1361.8609  0.8299 
   00929    0.4400   -1359.9355  0.8295 
   00930    0.4175   -1363.8611  0.8339 
   00931    0.4200   -1371.8039  0.8359 
   00932    0.4250   -1376.0933  0.8332 
   00933    0.4325   -1374.9257  0.8365 
   00934    0.4100   -1377.9292  0.8379 
   00935    0.3825   -1385.2927  0.8423 
   00936    0.4050   -1385.3452  0.8396 
   00937    0.3950   -1388.7527  0.8412 
   00938    0.4025   -1390.6855  0.8408 
   00939    0.4150   -1390.1979  0.8420 
   00940    0.3875   -1394.1886  0.8431 
   00941    0.4025   -1389.6407  0.8406 
   00942    0.4775   -1385.4526  0.8380 
   00943    0.4425   -1385.5181  0.8384 
   00944    0.4200   -1379.1379  0.8323 
   00945    0.4500   -1380.0635  0.8309 
   00946    0.4175   -1384.3253  0.8372 
   00947    0.4050   -1381.5053  0.8345 
   00948    0.4300   -1378.9623  0.8325 
   00949    0.4625   -1380.2579  0.8290 
   00950    0.4075   -1380.9525  0.8334 
   00951    0.4525   -1378.9594  0.8289 
   00952    0.3925   -1378.6674  0.8325 
   00953    0.4325   -1376.8105  0.8338 
   00954    0.4050   -1378.8090  0.8296 
   00955    0.4125   -1374.0153  0.8241 
   00956    0.3975   -1377.2435  0.8272 
   00957    0.4575   -1375.4877  0.8252 
   00958    0.4075   -1377.0796  0.8249 
   00959    0.4300   -1379.8689  0.8263 
   00960    0.4400   -1379.5248  0.8266 
   00961    0.3850   -1373.6568  0.8259 
   00962    0.3725   -1370.6543  0.8257 
   00963    0.4175   -1384.6057  0.8304 
   00964    0.4300   -1384.0632  0.8304 
   00965    0.4750   -1385.8619  0.8303 
   00966    0.4375   -1386.0987  0.8311 
   00967    0.4325   -1376.9254  0.8269 
   00968    0.4225   -1379.2712  0.8289 
   00969    0.4025   -1378.0230  0.8289 
   00970    0.4350   -1378.9094  0.8309 
   00971    0.3900   -1380.6652  0.8337 
   00972    0.3975   -1369.8585  0.8326 
   00973    0.3800   -1375.6969  0.8296 
   00974    0.4100   -1373.0176  0.8255 
   00975    0.4075   -1362.3832  0.8216 
   00976    0.4550   -1363.9403  0.8250 
   00977    0.4150   -1368.9728  0.8259 
   00978    0.3675   -1372.7264  0.8283 
   00979    0.4350   -1375.0621  0.8320 
   00980    0.4125   -1377.9117  0.8296 
   00981    0.4175   -1374.9793  0.8298 
   00982    0.3900   -1380.4923  0.8317 
   00983    0.3975   -1375.0081  0.8331 
   00984    0.4350   -1371.4715  0.8331 
   00985    0.4250   -1367.2599  0.8332 
   00986    0.4300   -1360.5703  0.8269 
   00987    0.4275   -1366.8722  0.8257 
   00988    0.3925   -1375.2197  0.8297 
   00989    0.4275   -1376.8729  0.8288 
   00990    0.4050   -1380.7383  0.8299 
   00991    0.4050   -1380.9830  0.8312 
   00992    0.4575   -1381.8165  0.8315 
   00993    0.4475   -1386.2262  0.8377 
   00994    0.4525   -1383.4777  0.8417 
   00995    0.3700   -1380.8013  0.8418 
   00996    0.3875   -1383.5167  0.8394 
   00997    0.4025   -1378.3756  0.8392 
   00998    0.4100   -1382.8595  0.8411 
   00999    0.4275   -1382.4203  0.8420 
   01000    0.4050   -1383.8010  0.8465 
