#=====================================================
# File created:        Wed-05-Nov-2025-at-03-24-20AM
# Size of lattice:     20x20
# Number of MC steps:  1000
# Reduced temperature: 0.350
# Run time (s):        2.071403
#=====================================================
# MC step:  Ratio:     Energy:   Order:
#=====================================================
   00000    0.5000    -433.2189  0.2634 
   00001    0.4075    -487.5591  0.3545 
   00002    0.4650    -512.2969  0.3584 
   00003    0.4375    -546.9512  0.3641 
   00004    0.4600    -586.7148  0.3631 
   00005    0.4700    -609.3069  0.3623 
   00006    0.4950    -634.1087  0.3638 
   00007    0.5150    -666.2601  0.3693 
   00008    0.4500    -672.0714  0.3701 
   00009    0.4675    -704.4862  0.3766 
   00010    0.4500    -719.4638  0.3679 
   00011    0.4350    -731.1791  0.3772 
   00012    0.4650    -742.9680  0.3726 
   00013    0.4550    -751.9771  0.3780 
   00014    0.5075    -761.0370  0.3816 
   00015    0.4875    -782.9976  0.3809 
   00016    0.4925    -804.9599  0.3881 
   00017    0.4825    -818.2458  0.3846 
   00018    0.4675    -827.1490  0.3950 
   00019    0.4675    -838.3419  0.3960 
   00020    0.4675    -858.1697  0.4037 
   00021    0.4925    -867.0726  0.4052 
   00022    0.4475    -875.4875  0.4077 
   00023    0.4400    -885.2035  0.4153 
   00024    0.5000    -888.3964  0.4046 
   00025    0.4825    -901.3987  0.4086 
   00026    0.4550    -909.5630  0.4221 
   00027    0.4750    -926.6618  0.4242 
   00028    0.4725    -937.7648  0.4232 
   00029    0.4350    -940.3183  0.4159 
   00030    0.4825    -943.8960  0.4139 
   00031    0.4200    -946.8372  0.4142 
   00032    0.5125    -950.1903  0.4203 
   00033    0.4375    -961.7428  0.4223 
   00034    0.4425    -967.2934  0.4301 
   00035    0.4850    -969.0100  0.4391 
   00036    0.4700    -977.7762  0.4413 
   00037    0.4175    -980.2245  0.4484 
   00038    0.4175    -989.9850  0.4405 
   00039    0.4600    -997.6936  0.4376 
   00040    0.4600   -1007.4979  0.4431 
   00041    0.4375   -1016.9845  0.4441 
   00042    0.4800   -1023.0546  0.4513 
   00043    0.4500   -1028.6396  0.4606 
   00044    0.4725   -1037.6280  0.4718 
   00045    0.4300   -1050.8975  0.4718 
   00046    0.4400   -1049.0764  0.4698 
   00047    0.4675   -1055.7450  0.4693 
   00048    0.4700   -1062.7545  0.4738 
   00049    0.4425   -1067.6713  0.4767 
   00050    0.5150   -1072.8614  0.4827 
   00051    0.4650   -1070.5424  0.4862 
   00052    0.4300   -1083.3660  0.4890 
   00053    0.4725   -1085.0338  0.4925 
   00054    0.4325   -1085.3353  0.4948 
   00055    0.4625   -1091.9821  0.4948 
   00056    0.4750   -1108.4871  0.5007 
   00057    0.4575   -1109.5554  0.5092 
   00058    0.4475   -1116.3747  0.5110 
   00059    0.4925   -1122.4453  0.5102 
   00060    0.4450   -1127.5427  0.5111 
   00061    0.4500   -1127.4022  0.5095 
   00062    0.4850   -1136.7611  0.5146 
   00063    0.4950   -1155.2741  0.5214 
   00064    0.4225   -1160.5241  0.5159 
   00065    0.4625   -1172.0836  0.5189 
   00066    0.4900   -1182.6856  0.5333 
   00067    0.4350   -1175.3843  0.5297 
   00068    0.4475   -1166.1519  0.5276 
   00069    0.4950   -1167.3389  0.5254 
   00070    0.4750   -1171.7491  0.5299 
   00071    0.4375   -1176.5982  0.5301 
   00072    0.4600   -1180.0485  0.5334 
   00073    0.4225   -1185.9470  0.5461 
   00074    0.4675   -1183.1242  0.5449 
   00075    0.4725   -1187.6608  0.5473 
   00076    0.4225   -1186.7802  0.5451 
   00077    0.4425   -1198.3021  0.5490 
   00078    0.4650   -1200.5289  0.5498 
   00079    0.4050   -1201.4374  0.5528 
   00080    0.4200   -1207.0737  0.5618 
   00081    0.4625   -1210.1702  0.5630 
   00082    0.4600   -1208.2856  0.5629 
   00083    0.4100   -1207.4515  0.5658 
   00084    0.4375   -1205.9590  0.5636 
   00085    0.4650   -1217.0739  0.5721 
   00086    0.4625   -1228.5295  0.5705 
   00087    0.4525   -1234.9940  0.5777 
   00088    0.4375   -1239.7442  0.5815 
   00089    0.4550   -1239.8433  0.5819 
   00090    0.4200   -1239.7287  0.5831 
   00091    0.4100   -1241.7466  0.5892 
   00092    0.4400   -1246.5098  0.5941 
   00093    0.4525   -1243.4958  0.5885 
   00094    0.4150   -1241.4376  0.5852 
   00095    0.4975   -1249.2861  0.5839 
   00096    0.4175   -1251.7367  0.5824 
   00097    0.4350   -1259.5229  0.5838 
   00098    0.3825   -1263.0931  0.5810 
   00099    0.4250   -1264.3259  0.5828 
   00100    0.4125   -1267.6538  0.5797 
   00101    0.4325   -1269.9828  0.5825 
   00102    0.4725   -1268.3204  0.5742 
   00103    0.4950   -1268.3219  0.5776 
   00104    0.4600   -1269.1550  0.5746 
   00105    0.4750   -1271.3790  0.5723 
   00106    0.4600   -1271.6277  0.5808 
   00107    0.4350   -1269.9926  0.5867 
   00108    0.4375   -1273.3605  0.5861 
   00109    0.4050   -1278.4494  0.5858 
   00110    0.4675   -1281.3454  0.5893 
   00111    0.4225   -1282.0027  0.5907 
   00112    0.4200   -1281.6825  0.5903 
   00113    0.5000   -1284.3921  0.5943 
   00114    0.4150   -1285.8184  0.5929 
   00115    0.4650   -1287.0588  0.5944 
   00116    0.4600   -1284.3128  0.5971 
   00117    0.4650   -1286.3732  0.6001 
   00118    0.4275   -1285.7127  0.5989 
   00119    0.4925   -1287.8021  0.6014 
   00120    0.4575   -1293.8656  0.6044 
   00121    0.4775   -1294.6709  0.6024 
   00122    0.4625   -1292.6082  0.6003 
   00123    0.4525   -1298.6020  0.5974 
   00124    0.4950   -1293.9796  0.6031 
   00125    0.4525   -1294.9945  0.6040 
   00126    0.4425   -1306.5675  0.6112 
   00127    0.4475   -1306.7847  0.6163 
   00128    0.4875   -1305.8743  0.6134 
   00129    0.4175   -1307.2866  0.6204 
   00130    0.4475   -1306.7137  0.6197 
   00131    0.4175   -1305.1625  0.6247 
   00132    0.4250   -1307.5331  0.6240 
   00133    0.4500   -1308.6628  0.6303 
   00134    0.4550   -1313.6277  0.6299 
   00135    0.4300   -1315.0972  0.6317 
   00136    0.4800   -1320.4474  0.6383 
   00137    0.4525   -1322.0111  0.6429 
   00138    0.4525   -1320.4446  0.6439 
   00139    0.4700   -1319.3244  0.6431 
   00140    0.4175   -1320.4225  0.6465 
   00141    0.4675   -1317.6891  0.6516 
   00142    0.4025   -1318.0140  0.6531 
   00143    0.4750   -1318.6238  0.6561 
   00144    0.4725   -1324.1650  0.6578 
   00145    0.5400   -1323.3526  0.6608 
   00146    0.4625   -1325.1569  0.6610 
   00147    0.4075   -1325.4946  0.6652 
   00148    0.4425   -1326.8344  0.6662 
   00149    0.4700   -1334.1964  0.6698 
   00150    0.4375   -1339.4344  0.6731 
   00151    0.5150   -1342.7111  0.6706 
   00152    0.4750   -1336.6643  0.6665 
   00153    0.4325   -1341.7725  0.6689 
   00154    0.4275   -1337.7931  0.6673 
   00155    0.4025   -1339.8689  0.6682 
   00156    0.4275   -1341.4685  0.6687 
   00157    0.4025   -1342.3498  0.6656 
   00158    0.4300   -1340.3030  0.6622 
   00159    0.4625   -1341.5557  0.6614 
   00160    0.5000   -1338.6984  0.6558 
   00161    0.4425   -1336.2970  0.6593 
   00162    0.4300   -1336.8489  0.6601 
   00163    0.4475   -1333.1737  0.6558 
   00164    0.4450   -1338.7390  0.6537 
   00165    0.4200   -1331.9991  0.6521 
   00166    0.4450   -1334.0702  0.6517 
   00167    0.4075   -1331.7776  0.6469 
   00168    0.4325   -1331.7494  0.6424 
   00169    0.4325   -1332.0635  0.6440 
   00170    0.4550   -1334.8714  0.6452 
   00171    0.4375   -1331.8219  0.6479 
   00172    0.4475   -1328.5760  0.6440 
   00173    0.4400   -1334.0234  0.6448 
   00174    0.4075   -1335.0467  0.6464 
   00175    0.3875   -1335.7728  0.6441 
   00176    0.4325   -1334.8603  0.6445 
   00177    0.4650   -1336.9942  0.6468 
   00178    0.3975   -1335.8682  0.6467 
   00179    0.4475   -1329.9598  0.6426 
   00180    0.4350   -1326.8497  0.6402 
   00181    0.4875   -1328.8002  0.6436 
   00182    0.4450   -1331.4955  0.6438 
   00183    0.4775   -1325.8051  0.6428 
   00184    0.4550   -1328.7775  0.6468 
   00185    0.4675   -1325.6037  0.6489 
   00186    0.4775   -1329.9759  0.6472 
   00187    0.4550   -1329.5462  0.6404 
   00188    0.3925   -1329.4349  0.6450 
   00189    0.4675   -1326.2031  0.6494 
   00190    0.4450   -1333.2741  0.6502 
   00191    0.4275   -1333.5219  0.6530 
   00192    0.4650   -1334.1147  0.6548 
   00193    0.4800   -1326.8550  0.6539 
   00194    0.4825   -1328.8069  0.6589 
   00195    0.4375   -1328.9489  0.6670 
   00196    0.4825   -1327.3890  0.6682 
   00197    0.4900   -1327.7407  0.6721 
   00198    0.4475   -1329.6738  0.6729 
   00199    0.4550   -1328.3441  0.6782 
   00200    0.4950   -1327.2481  0.6808 
   00201    0.4325   -1334.1355  0.6813 
   00202    0.4225   -1337.0091  0.6844 
   00203    0.4775   -1338.5001  0.6799 
   00204    0.3925   -1340.7075  0.6830 
   00205    0.4625   -1338.3415  0.6859 
   00206    0.4325   -1329.8370  0.6864 
   00207    0.4325   -1329.1778  0.6811 
   00208    0.4775   -1320.8140  0.6791 
   00209    0.4400   -1316.7317  0.6810 
   00210    0.4775   -1326.3894  0.6819 
   00211    0.4675   -1325.8801  0.6824 
   00212    0.4225   -1324.5729  0.6840 
   00213    0.4450   -1327.2763  0.6815 
   00214    0.4175   -1318.6506  0.6817 
   00215    0.4225   -1319.5068  0.6796 
   00216    0.4775   -1318.4813  0.6797 
   00217    0.4475   -1316.2769  0.6824 
   00218    0.4750   -1315.7344  0.6814 
   00219    0.4675   -1314.4734  0.6837 
   00220    0.4400   -1313.3749  0.6781 
   00221    0.4250   -1322.0706  0.6794 
   00222    0.4275   -1318.6515  0.6781 
   00223    0.4425   -1322.7303  0.6786 
   00224    0.3925   -1320.0012  0.6767 
   00225    0.5000   -1318.7317  0.6765 
   00226    0.4575   -1322.5305  0.6787 
   00227    0.4725   -1319.5588  0.6795 
   00228    0.4175   -1320.9033  0.6768 
   00229    0.4525   -1328.0361  0.6765 
   00230    0.4325   -1321.9372  0.6778 
   00231    0.4275   -1326.5512  0.6803 
   00232    0.4475   -1323.5110  0.6796 
   00233    0.5050   -1322.4024  0.6817 
   00234    0.4600   -1320.1094  0.6799 
   00235    0.4800   -1320.1450  0.6791 
   00236    0.4300   -1323.2066  0.6898 
   00237    0.4400   -1324.3356  0.6902 
   00238    0.4425   -1322.0548  0.6847 
   00239    0.4825   -1321.8922  0.6845 
   00240    0.4175   -1334.1102  0.6873 
   00241    0.4700   -1337.3264  0.6859 
   00242    0.4350   -1333.7966  0.6860 
   00243    0.4700   -1335.6137  0.6842 
   00244    0.4625   -1342.2033  0.6771 
   00245    0.4625   -1342.0832  0.6783 
   00246    0.4500   -1346.0278  0.6799 
   00247    0.4300   -1346.4705  0.6862 
   00248    0.4525   -1344.1839  0.6873 
   00249    0.4575   -1347.1847  0.6859 
   00250    0.4775   -1346.4378  0.6908 
   00251    0.4875   -1348.2990  0.6922 
   00252    0.4650   -1345.9376  0.6967 
   00253    0.4450   -1342.8637  0.6914 
   00254    0.4875   -1337.5481  0.6932 
   00255    0.4075   -1337.7220  0.6922 
   00256    0.4250   -1336.4400  0.6952 
   00257    0.4075   -1339.7397  0.6997 
   00258    0.4625   -1341.2971  0.7009 
   00259    0.4850   -1344.8631  0.7034 
   00260    0.4475   -1350.2362  0.6973 
   00261    0.4725   -1352.7771  0.6980 
   00262    0.4325   -1351.8545  0.6965 
   00263    0.4000   -1350.7984  0.6956 
   00264    0.4575   -1352.8960  0.7045 
   00265    0.4450   -1348.8621  0.7052 
   00266    0.4525   -1348.5919  0.7025 
   00267    0.4600   -1344.7908  0.6904 
   00268    0.4375   -1343.4923  0.6868 
   00269    0.4650   -1340.9768  0.6863 
   00270    0.4050   -1338.8492  0.6843 
   00271    0.4250   -1333.4303  0.6785 
   00272    0.4675   -1337.7442  0.6817 
   00273    0.4200   -1338.9547  0.6781 
   00274    0.4325   -1342.2172  0.6779 
   00275    0.4125   -1352.1108  0.6811 
   00276    0.4450   -1363.5111  0.6819 
   00277    0.4500   -1362.4308  0.6818 
   00278    0.4400   -1361.5461  0.6848 
   00279    0.4200   -1360.4382  0.6899 
   00280    0.4475   -1354.3074  0.6876 
   00281    0.4500   -1354.0150  0.6884 
   00282    0.4550   -1355.4772  0.6874 
   00283    0.4375   -1352.9426  0.6866 
   00284    0.4275   -1349.5394  0.6814 
   00285    0.4575   -1347.5495  0.6761 
   00286    0.4500   -1355.9623  0.6820 
   00287    0.4400   -1353.1836  0.6815 
   00288    0.4550   -1351.3805  0.6760 
   00289    0.4725   -1354.0294  0.6770 
   00290    0.4250   -1349.2913  0.6838 
   00291    0.4775   -1349.3500  0.6849 
   00292    0.4550   -1353.6748  0.6855 
   00293    0.4400   -1351.9442  0.6832 
   00294    0.4400   -1351.2191  0.6845 
   00295    0.4525   -1353.0990  0.6877 
   00296    0.4475   -1352.9821  0.6930 
   00297    0.4250   -1345.3351  0.6920 
   00298    0.4925   -1344.4511  0.6956 
   00299    0.4375   -1346.2812  0.6961 
   00300    0.4025   -1345.3674  0.6972 
   00301    0.4450   -1349.7146  0.6990 
   00302    0.4700   -1348.6132  0.7030 
   00303    0.4300   -1351.5706  0.7028 
   00304    0.4575   -1356.3745  0.7072 
   00305    0.4300   -1349.0373  0.7056 
   00306    0.4425   -1349.3729  0.7076 
   00307    0.4075   -1349.9729  0.7046 
   00308    0.4550   -1349.4706  0.7064 
   00309    0.4575   -1359.4028  0.7136 
   00310    0.4400   -1362.9825  0.7152 
   00311    0.4475   -1354.7046  0.7168 
   00312    0.4550   -1357.9392  0.7114 
   00313    0.4600   -1358.5256  0.7118 
   00314    0.4325   -1359.1146  0.7146 
   00315    0.4225   -1360.7632  0.7166 
   00316    0.4450   -1372.0852  0.7209 
   00317    0.4575   -1370.8014  0.7314 
   00318    0.4750   -1362.6222  0.7281 
   00319    0.4050   -1358.2924  0.7316 
   00320    0.4325   -1353.7012  0.7325 
   00321    0.4225   -1353.2917  0.7322 
   00322    0.4550   -1354.2361  0.7357 
   00323    0.4150   -1349.0087  0.7328 
   00324    0.4775   -1355.0248  0.7329 
   00325    0.4250   -1353.3190  0.7287 
   00326    0.4525   -1357.4393  0.7314 
   00327    0.4500   -1363.6590  0.7336 
   00328    0.4375   -1361.5617  0.7343 
   00329    0.4875   -1359.9077  0.7335 
   00330    0.4625   -1362.4636  0.7309 
   00331    0.4450   -1361.3431  0.7324 
   00332    0.3975   -1362.9935  0.7411 
   00333    0.4475   -1358.0768  0.7354 
   00334    0.4175   -1360.9083  0.7347 
   00335    0.4875   -1363.0289  0.7324 
   00336    0.4625   -1367.2428  0.7317 
   00337    0.4625   -1364.9939  0.7313 
   00338    0.3800   -1368.6990  0.7297 
   00339    0.4250   -1369.5037  0.7264 
   00340    0.4825   -1365.6362  0.7265 
   00341    0.4225   -1366.2434  0.7243 
   00342    0.4550   -1369.5971  0.7251 
   00343    0.4200   -1366.6956  0.7231 
   00344    0.4525   -1372.8766  0.7279 
   00345    0.4450   -1374.4786  0.7244 
   00346    0.4350   -1380.5228  0.7268 
   00347    0.4125   -1381.4061  0.7296 
   00348    0.4600   -1385.9548  0.7356 
   00349    0.4950   -1381.5437  0.7385 
   00350    0.4650   -1379.7521  0.7344 
   00351    0.4425   -1381.5399  0.7347 
   00352    0.4625   -1379.8868  0.7332 
   00353    0.4525   -1379.2670  0.7352 
   00354    0.5025   -1379.4246  0.7420 
   00355    0.4025   -1376.6022  0.7407 
   00356    0.4275   -1374.3033  0.7402 
   00357    0.4800   -1369.6591  0.7333 
   00358    0.4625   -1381.1415  0.7364 
   00359    0.4550   -1383.4015  0.7391 
   00360    0.4875   -1386.1472  0.7427 
   00361    0.4950   -1379.0726  0.7437 
   00362    0.4525   -1379.2476  0.7420 
   00363    0.4125   -1377.5386  0.7373 
   00364    0.4050   -1381.2367  0.7425 
   00365    0.4800   -1379.4247  0.7418 
   00366    0.4500   -1379.3173  0.7406 
   00367    0.4500   -1383.4253  0.7416 
   00368    0.4325   -1379.6159  0.7432 
   00369    0.4350   -1375.2734  0.7405 
   00370    0.4650   -1375.7479  0.7337 
   00371    0.4450   -1373.6146  0.7375 
   00372    0.4550   -1373.7648  0.7375 
   00373    0.4100   -1373.5179  0.7371 
   00374    0.4500   -1375.9823  0.7328 
   00375    0.4550   -1381.1266  0.7301 
   00376    0.4350   -1378.5239  0.7346 
   00377    0.4650   -1380.1068  0.7356 
   00378    0.4375   -1381.9087  0.7371 
   00379    0.4475   -1388.3900  0.7320 
   00380    0.4475   -1388.0508  0.7335 
   00381    0.4575   -1382.9445  0.7366 
   00382    0.4500   -1393.0686  0.7316 
   00383    0.4175   -1394.8325  0.7311 
   00384    0.4175   -1398.8017  0.7331 
   00385    0.4375   -1397.1444  0.7303 
   00386    0.4375   -1400.4514  0.7343 
   00387    0.4400   -1398.4241  0.7322 
   00388    0.4725   -1397.1343  0.7293 
   00389    0.4500   -1397.1300  0.7249 
   00390    0.4600   -1399.8356  0.7227 
   00391    0.4850   -1403.9270  0.7227 
   00392    0.4200   -1405.4911  0.7254 
   00393    0.4200   -1409.1628  0.7248 
   00394    0.4425   -1406.9107  0.7260 
   00395    0.4325   -1402.9325  0.7219 
   00396    0.4150   -1400.2766  0.7153 
   00397    0.4600   -1401.8878  0.7142 
   00398    0.4075   -1398.6067  0.7129 
   00399    0.5075   -1393.7033  0.7150 
   00400    0.4050   -1406.1335  0.7153 
   00401    0.4500   -1404.9048  0.7129 
   00402    0.4325   -1403.6543  0.7210 
   00403    0.4125   -1406.4708  0.7188 
   00404    0.4400   -1406.3703  0.7162 
   00405    0.4225   -1403.1313  0.7159 
   00406    0.4125   -1400.7492  0.7189 
   00407    0.4750   -1402.5338  0.7193 
   00408    0.4200   -1397.1548  0.7184 
   00409    0.4425   -1393.4097  0.7157 
   00410    0.4675   -1392.7200  0.7154 
   00411    0.4950   -1391.7790  0.7189 
   00412    0.4400   -1392.5791  0.7177 
   00413    0.3900   -1391.0529  0.7204 
   00414    0.4150   -1390.6292  0.7186 
   00415    0.4425   -1393.7264  0.7202 
   00416    0.4500   -1394.0497  0.7240 
   00417    0.4375   -1395.7434  0.7274 
   00418    0.4375   -1399.5806  0.7245 
   00419    0.4675   -1399.6919  0.7271 
   00420    0.4550   -1405.1218  0.7255 
   00421    0.4500   -1404.9722  0.7296 
   00422    0.4475   -1400.5302  0.7221 
   00423    0.4100   -1398.0104  0.7250 
   00424    0.4125   -1398.6578  0.7235 
   00425    0.4600   -1391.9117  0.7185 
   00426    0.4325   -1392.8206  0.7195 
   00427    0.4300   -1396.3731  0.7199 
   00428    0.4025   -1388.2573  0.7151 
   00429    0.4325   -1386.3389  0.7199 
   00430    0.4150   -1384.2423  0.7226 
   00431    0.4275   -1385.0149  0.7240 
   00432    0.4075   -1381.2133  0.7182 
   00433    0.4375   -1381.9487  0.7187 
   00434    0.4200   -1381.4181  0.7194 
   00435    0.4350   -1385.6333  0.7207 
   00436    0.4175   -1386.1512  0.7206 
   00437    0.3725   -1386.7360  0.7217 
   00438    0.4725   -1385.2313  0.7247 
   00439    0.4250   -1384.4251  0.7234 
   00440    0.4375   -1386.4351  0.7267 
   00441    0.4225   -1389.6972  0.7288 
   00442    0.4400   -1390.3403  0.7352 
   00443    0.4450   -1391.5951  0.7325 
   00444    0.4350   -1391.2282  0.7295 
   00445    0.4550   -1393.0114  0.7291 
   00446    0.4100   -1395.1823  0.7311 
   00447    0.4100   -1394.9095  0.7333 
   00448    0.4775   -1393.5875  0.7386 
   00449    0.4300   -1390.0881  0.7388 
   00450    0.4750   -1385.5001  0.7344 
   00451    0.4150   -1384.6039  0.7349 
   00452    0.4175   -1384.1343  0.7385 
   00453    0.4275   -1386.4419  0.7366 
   00454    0.4425   -1387.4863  0.7364 
   00455    0.4475   -1397.2359  0.7437 
   00456    0.4275   -1396.2307  0.7467 
   00457    0.4425   -1401.2139  0.7511 
   00458    0.4275   -1406.5356  0.7547 
   00459    0.4150   -1404.2138  0.7533 
   00460    0.4325   -1404.9533  0.7517 
   00461    0.4125   -1406.0413  0.7558 
   00462    0.4275   -1397.1179  0.7493 
   00463    0.5075   -1399.8502  0.7497 
   00464    0.4475   -1400.3575  0.7512 
   00465    0.4200   -1402.0350  0.7518 
   00466    0.4550   -1402.9437  0.7457 
   00467    0.4525   -1402.4922  0.7461 
   00468    0.4575   -1399.8075  0.7496 
   00469    0.4450   -1399.8878  0.7489 
   00470    0.4675   -1405.5699  0.7509 
   00471    0.4775   -1410.5803  0.7509 
   00472    0.4350   -1409.9574  0.7561 
   00473    0.4325   -1409.6678  0.7532 
   00474    0.4850   -1412.3442  0.7583 
   00475    0.4575   -1408.6607  0.7627 
   00476    0.4550   -1412.7739  0.7624 
   00477    0.4000   -1415.3244  0.7622 
   00478    0.4550   -1408.7603  0.7571 
   00479    0.4375   -1410.5323  0.7597 
   00480    0.4475   -1407.0706  0.7582 
   00481    0.3925   -1400.9231  0.7561 
   00482    0.4700   -1405.9571  0.7564 
   00483    0.4675   -1401.3679  0.7616 
   00484    0.4700   -1397.7031  0.7628 
   00485    0.4425   -1400.9391  0.7601 
   00486    0.4475   -1400.3656  0.7570 
   00487    0.4225   -1401.6232  0.7604 
   00488    0.4275   -1404.1503  0.7640 
   00489    0.4425   -1406.7879  0.7684 
   00490    0.4350   -1405.0602  0.7686 
   00491    0.4900   -1413.2044  0.7710 
   00492    0.4175   -1411.6895  0.7722 
   00493    0.4625   -1409.0290  0.7725 
   00494    0.4025   -1405.4477  0.7703 
   00495    0.4325   -1406.5922  0.7691 
   00496    0.4125   -1406.7594  0.7688 
   00497    0.4650   -1404.6935  0.7655 
   00498    0.4300   -1405.4093  0.7698 
   00499    0.4525   -1405.0876  0.7681 
   00500    0.3975   -1404.3474  0.7673 
   00501    0.4250   -1403.4224  0.7625 
   00502    0.4400   -1408.6741  0.7649 
   00503    0.4550   -1404.4667  0.7680 
   00504    0.4275   -1407.0104  0.7668 
   00505    0.4225   -1407.4797  0.7674 
   00506    0.4475   -1401.1201  0.7641 
   00507    0.3975   -1397.7248  0.7596 
   00508    0.3950   -1390.2484  0.7587 
   00509    0.4325   -1391.5030  0.7613 
   00510    0.3975   -1393.7878  0.7629 
   00511    0.4675   -1392.7352  0.7602 
   00512    0.3850   -1400.0250  0.7633 
   00513    0.4725   -1408.6580  0.7632 
   00514    0.4350   -1405.5168  0.7620 
   00515    0.4825   -1400.6737  0.7705 
   00516    0.3975   -1405.3894  0.7719 
   00517    0.4300   -1407.2779  0.7720 
   00518    0.4475   -1405.4010  0.7743 
   00519    0.4525   -1410.3441  0.7809 
   00520    0.4625   -1410.9520  0.7762 
   00521    0.4100   -1410.8066  0.7730 
   00522    0.4050   -1406.2247  0.7715 
   00523    0.4075   -1403.7325  0.7697 
   00524    0.4300   -1404.7729  0.7695 
   00525    0.4850   -1403.5880  0.7703 
   00526    0.4525   -1399.7104  0.7651 
   00527    0.4500   -1402.5038  0.7695 
   00528    0.4150   -1401.6263  0.7713 
   00529    0.3900   -1400.6719  0.7667 
   00530    0.4175   -1404.1223  0.7696 
   00531    0.4075   -1406.0427  0.7705 
   00532    0.4850   -1408.0543  0.7740 
   00533    0.4175   -1410.0035  0.7732 
   00534    0.4775   -1410.5870  0.7729 
   00535    0.3850   -1405.4288  0.7724 
   00536    0.4325   -1400.0592  0.7681 
   00537    0.4375   -1404.5726  0.7685 
   00538    0.4075   -1404.9871  0.7696 
   00539    0.4675   -1405.4299  0.7697 
   00540    0.4100   -1399.9283  0.7702 
   00541    0.4625   -1396.5668  0.7634 
   00542    0.4225   -1391.0129  0.7643 
   00543    0.4200   -1382.9774  0.7646 
   00544    0.4275   -1384.2122  0.7612 
   00545    0.4900   -1385.0253  0.7560 
   00546    0.4750   -1382.7042  0.7581 
   00547    0.4325   -1388.2389  0.7640 
   00548    0.4500   -1387.6213  0.7684 
   00549    0.4725   -1384.1326  0.7713 
   00550    0.4450   -1388.2106  0.7737 
   00551    0.4175   -1389.0975  0.7724 
   00552    0.4275   -1393.1522  0.7744 
   00553    0.4500   -1387.8221  0.7661 
   00554    0.4700   -1390.9985  0.7669 
   00555    0.4200   -1393.0630  0.7708 
   00556    0.4500   -1397.7469  0.7720 
   00557    0.4475   -1397.7665  0.7717 
   00558    0.4325   -1393.8868  0.7685 
   00559    0.4125   -1395.2880  0.7663 
   00560    0.4850   -1402.7610  0.7675 
   00561    0.4950   -1400.8862  0.7658 
   00562    0.4375   -1395.8096  0.7648 
   00563    0.3800   -1387.9168  0.7601 
   00564    0.4100   -1386.9818  0.7621 
   00565    0.4325   -1395.3993  0.7664 
   00566    0.4250   -1390.8354  0.7644 
   00567    0.4325   -1392.7454  0.7661 
   00568    0.4025   -1391.7925  0.7655 
   00569    0.4700   -1391.6536  0.7618 
   00570    0.4750   -1393.2884  0.7646 
   00571    0.4600   -1393.0075  0.7693 
   00572    0.4425   -1399.0428  0.7687 
   00573    0.4650   -1402.2372  0.7699 
   00574    0.4200   -1407.4124  0.7701 
   00575    0.4550   -1404.7907  0.7709 
   00576    0.4450   -1403.8643  0.7736 
   00577    0.4425   -1402.2669  0.7760 
   00578    0.4375   -1401.7390  0.7767 
   00579    0.4500   -1396.0905  0.7766 
   00580    0.4775   -1398.7931  0.7747 
   00581    0.4800   -1401.7143  0.7705 
   00582    0.4125   -1404.4441  0.7682 
   00583    0.4550   -1406.7924  0.7717 
   00584    0.4275   -1405.7143  0.7659 
   00585    0.4500   -1404.5534  0.7650 
   00586    0.4575   -1402.6979  0.7645 
   00587    0.4675   -1403.2679  0.7655 
   00588    0.4425   -1407.7955  0.7673 
   00589    0.4550   -1411.0655  0.7719 
   00590    0.3975   -1406.9118  0.7779 
   00591    0.4500   -1409.2073  0.7782 
   00592    0.4600   -1407.2186  0.7811 
   00593    0.4400   -1411.1190  0.7818 
   00594    0.4625   -1413.9504  0.7854 
   00595    0.4550   -1412.4651  0.7847 
   00596    0.4300   -1407.1385  0.7821 
   00597    0.4200   -1408.8892  0.7800 
   00598    0.4575   -1414.0431  0.7808 
   00599    0.4300   -1409.5627  0.7840 
   00600    0.4900   -1407.7619  0.7815 
   00601    0.4175   -1406.4020  0.7810 
   00602    0.4325   -1409.1540  0.7842 
   00603    0.4750   -1409.3196  0.7844 
   00604    0.4425   -1396.9259  0.7823 
   00605    0.4200   -1394.3273  0.7797 
   00606    0.4175   -1398.0246  0.7783 
   00607    0.4525   -1398.5282  0.7813 
   00608    0.4550   -1403.0043  0.7807 
   00609    0.4550   -1404.4026  0.7813 
   00610    0.4500   -1409.9166  0.7832 
   00611    0.4300   -1410.8343  0.7776 
   00612    0.4450   -1414.9068  0.7818 
   00613    0.4700   -1414.3377  0.7833 
   00614    0.4150   -1412.1785  0.7852 
   00615    0.4325   -1418.3025  0.7840 
   00616    0.4225   -1421.2432  0.7838 
   00617    0.4300   -1425.8058  0.7861 
   00618    0.4350   -1428.2878  0.7834 
   00619    0.4475   -1428.0774  0.7822 
   00620    0.4325   -1427.0853  0.7782 
   00621    0.4250   -1427.6386  0.7706 
   00622    0.4500   -1434.4891  0.7721 
   00623    0.4575   -1440.4669  0.7731 
   00624    0.4550   -1435.3389  0.7718 
   00625    0.4925   -1439.1692  0.7726 
   00626    0.4450   -1441.3560  0.7717 
   00627    0.4525   -1439.9731  0.7640 
   00628    0.4650   -1447.7929  0.7689 
   00629    0.4125   -1445.7496  0.7671 
   00630    0.4175   -1445.9644  0.7679 
   00631    0.3925   -1442.9233  0.7675 
   00632    0.4125   -1439.7331  0.7663 
   00633    0.4400   -1437.0413  0.7646 
   00634    0.4175   -1439.2956  0.7620 
   00635    0.4325   -1437.0648  0.7603 
   00636    0.4400   -1432.8769  0.7609 
   00637    0.4625   -1430.1628  0.7592 
   00638    0.4250   -1431.7156  0.7637 
   00639    0.4575   -1432.0082  0.7622 
   00640    0.4425   -1426.3653  0.7599 
   00641    0.4550   -1425.2020  0.7560 
   00642    0.4975   -1430.9060  0.7586 
   00643    0.4500   -1433.3608  0.7576 
   00644    0.4575   -1432.2688  0.7558 
   00645    0.4750   -1431.9007  0.7528 
   00646    0.4350   -1437.1859  0.7495 
   00647    0.4000   -1434.1686  0.7476 
   00648    0.4400   -1434.9576  0.7490 
   00649    0.3975   -1437.0391  0.7473 
   00650    0.4650   -1441.0264  0.7460 
   00651    0.4550   -1439.0388  0.7488 
   00652    0.4175   -1442.5365  0.7530 
   00653    0.4575   -1435.9755  0.7505 
   00654    0.4400   -1439.2102  0.7487 
   00655    0.4325   -1437.5878  0.7494 
   00656    0.4425   -1431.5656  0.7476 
   00657    0.4550   -1428.0413  0.7495 
   00658    0.4175   -1426.2774  0.7511 
   00659    0.4075   -1426.5104  0.7493 
   00660    0.4200   -1428.3230  0.7474 
   00661    0.4725   -1432.2051  0.7521 
   00662    0.4150   -1431.1509  0.7482 
   00663    0.4150   -1429.5285  0.7513 
   00664    0.4025   -1430.9682  0.7505 
   00665    0.4475   -1427.1072  0.7477 
   00666    0.4225   -1426.0040  0.7489 
   00667    0.4300   -1420.0131  0.7491 
   00668    0.4575   -1418.9768  0.7454 
   00669    0.4250   -1415.4649  0.7439 
   00670    0.4525   -1411.2823  0.7461 
   00671    0.4350   -1404.3775  0.7435 
   00672    0.4800   -1405.9278  0.7422 
   00673    0.3750   -1402.0079  0.7388 
   00674    0.4800   -1404.5992  0.7402 
   00675    0.4325   -1404.5691  0.7392 
   00676    0.4300   -1404.0586  0.7426 
   00677    0.4225   -1398.9904  0.7400 
   00678    0.4700   -1407.6702  0.7460 
   00679    0.4825   -1403.5265  0.7449 
   00680    0.4425   -1399.7145  0.7430 
   00681    0.3925   -1399.8597  0.7446 
   00682    0.4675   -1404.9405  0.7369 
   00683    0.4200   -1402.8644  0.7405 
   00684    0.4275   -1405.3423  0.7405 
   00685    0.4475   -1406.3685  0.7408 
   00686    0.4675   -1406.9238  0.7387 
   00687    0.4350   -1401.6073  0.7356 
   00688    0.4325   -1405.7575  0.7342 
   00689    0.4000   -1407.4653  0.7314 
   00690    0.4375   -1408.7488  0.7315 
   00691    0.4400   -1409.0381  0.7318 
   00692    0.4175   -1410.2993  0.7335 
   00693    0.4325   -1410.5330  0.7329 
   00694    0.4725   -1409.2726  0.7307 
   00695    0.4150   -1416.0155  0.7329 
   00696    0.4425   -1417.2845  0.7315 
   00697    0.5000   -1417.1847  0.7326 
   00698    0.4600   -1415.6891  0.7342 
   00699    0.4225   -1411.6456  0.7395 
   00700    0.4500   -1413.8780  0.7387 
   00701    0.4475   -1415.1615  0.7400 
   00702    0.4300   -1412.7234  0.7400 
   00703    0.4475   -1411.2725  0.7392 
   00704    0.4875   -1416.8226  0.7452 
   00705    0.4350   -1415.8118  0.7461 
   00706    0.4400   -1411.9586  0.7510 
   00707    0.4300   -1419.0974  0.7572 
   00708    0.3975   -1422.6134  0.7607 
   00709    0.4450   -1421.0951  0.7582 
   00710    0.4700   -1420.3010  0.7628 
   00711    0.4825   -1412.0349  0.7590 
   00712    0.4825   -1417.7697  0.7581 
   00713    0.4175   -1413.3744  0.7585 
   00714    0.4275   -1413.8637  0.7650 
   00715    0.4625   -1413.8640  0.7631 
   00716    0.3800   -1410.6187  0.7617 
   00717    0.4450   -1412.5664  0.7612 
   00718    0.4100   -1415.6767  0.7650 
   00719    0.4500   -1416.9207  0.7666 
   00720    0.4700   -1413.9720  0.7619 
   00721    0.4300   -1418.2441  0.7617 
   00722    0.4525   -1419.5179  0.7632 
   00723    0.4000   -1421.6583  0.7657 
   00724    0.4375   -1418.6947  0.7624 
   00725    0.4350   -1418.5548  0.7632 
   00726    0.4100   -1417.9674  0.7609 
   00727    0.4300   -1419.1453  0.7681 
   00728    0.4100   -1421.2173  0.7663 
   00729    0.4825   -1424.8694  0.7683 
   00730    0.4450   -1421.0139  0.7652 
   00731    0.4500   -1425.2946  0.7641 
   00732    0.4275   -1419.6525  0.7583 
   00733    0.4950   -1420.0849  0.7607 
   00734    0.4125   -1420.0612  0.7610 
   00735    0.4350   -1421.7720  0.7672 
   00736    0.4925   -1419.1586  0.7617 
   00737    0.4475   -1414.7732  0.7647 
   00738    0.4625   -1415.6732  0.7685 
   00739    0.4450   -1416.3522  0.7685 
   00740    0.4650   -1411.8052  0.7714 
   00741    0.4550   -1413.6946  0.7754 
   00742    0.4050   -1416.0012  0.7733 
   00743    0.4275   -1420.8288  0.7748 
   00744    0.4600   -1419.5379  0.7734 
   00745    0.4350   -1422.6096  0.7703 
   00746    0.4200   -1421.6005  0.7729 
   00747    0.4075   -1423.3320  0.7740 
   00748    0.4350   -1424.0218  0.7764 
   00749    0.4400   -1422.9077  0.7745 
   00750    0.4275   -1419.9240  0.7703 
   00751    0.4725   -1420.2485  0.7699 
   00752    0.4675   -1426.7579  0.7674 
   00753    0.4450   -1428.5948  0.7674 
   00754    0.4075   -1428.3871  0.7688 
   00755    0.4750   -1429.9404  0.7693 
   00756    0.4325   -1428.0290  0.7720 
   00757    0.4200   -1427.0260  0.7736 
   00758    0.4575   -1421.4840  0.7694 
   00759    0.4375   -1422.5020  0.7691 
   00760    0.4300   -1422.5685  0.7688 
   00761    0.4575   -1420.9393  0.7690 
   00762    0.4550   -1421.8744  0.7715 
   00763    0.4200   -1421.1151  0.7718 
   00764    0.4325   -1422.5962  0.7700 
   00765    0.4275   -1419.1444  0.7680 
   00766    0.4050   -1420.1905  0.7669 
   00767    0.3900   -1422.5314  0.7668 
   00768    0.4125   -1425.4928  0.7632 
   00769    0.4000   -1423.1051  0.7656 
   00770    0.4025   -1416.1773  0.7599 
   00771    0.4475   -1416.8634  0.7606 
   00772    0.4375   -1416.6322  0.7599 
   00773    0.4200   -1414.6079  0.7582 
   00774    0.4250   -1408.7858  0.7578 
   00775    0.4575   -1404.2366  0.7562 
   00776    0.3650   -1400.3714  0.7527 
   00777    0.4550   -1395.1651  0.7478 
   00778    0.4150   -1400.0128  0.7480 
   00779    0.4575   -1405.7570  0.7518 
   00780    0.4250   -1405.4361  0.7533 
   00781    0.4400   -1402.5931  0.7534 
   00782    0.4625   -1410.2793  0.7557 
   00783    0.4000   -1411.3538  0.7598 
   00784    0.4225   -1411.3161  0.7575 
   00785    0.4275   -1413.0257  0.7579 
   00786    0.4000   -1411.1249  0.7569 
   00787    0.4150   -1408.8357  0.7562 
   00788    0.4200   -1408.7345  0.7538 
   00789    0.4800   -1409.8435  0.7538 
   00790    0.4525   -1411.3110  0.7548 
   00791    0.4475   -1410.7543  0.7503 
   00792    0.4525   -1411.3039  0.7533 
   00793    0.4225   -1414.3338  0.7517 
   00794    0.4875   -1413.8185  0.7548 
   00795    0.4550   -1418.3508  0.7583 
   00796    0.4350   -1416.6953  0.7608 
   00797    0.4700   -1418.0133  0.7611 
   00798    0.4775   -1418.4254  0.7600 
   00799    0.4350   -1419.1666  0.7591 
   00800    0.4375   -1421.7529  0.7590 
   00801    0.4600   -1424.6328  0.7601 
   00802    0.4150   -1426.8487  0.7604 
   00803    0.4000   -1426.2279  0.7608 
   00804    0.4300   -1428.5702  0.7670 
   00805    0.4650   -1427.7774  0.7727 
   00806    0.4250   -1423.7791  0.7726 
   00807    0.4175   -1419.8357  0.7712 
   00808    0.4175   -1418.6659  0.7672 
   00809    0.4675   -1419.5453  0.7683 
   00810    0.4525   -1423.1732  0.7730 
   00811    0.4400   -1419.9874  0.7690 
   00812    0.4575   -1418.8941  0.7666 
   00813    0.4600   -1415.0034  0.7665 
   00814    0.4750   -1421.2687  0.7662 
   00815    0.4550   -1417.4054  0.7662 
   00816    0.4525   -1415.7908  0.7635 
   00817    0.4425   -1412.3621  0.7634 
   00818    0.4625   -1415.2618  0.7654 
   00819    0.4500   -1421.5037  0.7674 
   00820    0.4300   -1424.0800  0.7647 
   00821    0.4150   -1422.6528  0.7643 
   00822    0.4650   -1418.3683  0.7621 
   00823    0.4525   -1412.0034  0.7604 
   00824    0.4400   -1410.2155  0.7608 
   00825    0.4100   -1405.6463  0.7602 
   00826    0.4250   -1404.1934  0.7579 
   00827    0.4325   -1405.1581  0.7567 
   00828    0.4600   -1405.4185  0.7532 
   00829    0.4800   -1407.2982  0.7563 
   00830    0.4325   -1410.5791  0.7582 
   00831    0.4325   -1411.0535  0.7553 
   00832    0.4250   -1411.0696  0.7536 
   00833    0.4525   -1419.7336  0.7524 
   00834    0.4200   -1421.7361  0.7538 
   00835    0.4625   -1424.9831  0.7534 
   00836    0.4100   -1421.4883  0.7526 
   00837    0.4300   -1422.7105  0.7528 
   00838    0.4150   -1418.3218  0.7505 
   00839    0.3975   -1424.8414  0.7565 
   00840    0.3925   -1423.0162  0.7553 
   00841    0.4100   -1428.4742  0.7620 
   00842    0.4600   -1426.1612  0.7623 
   00843    0.4050   -1426.0795  0.7683 
   00844    0.3600   -1424.7191  0.7691 
   00845    0.3975   -1427.9599  0.7711 
   00846    0.4300   -1429.5993  0.7737 
   00847    0.4675   -1423.9802  0.7736 
   00848    0.4225   -1422.6179  0.7740 
   00849    0.4450   -1419.2141  0.7685 
   00850    0.4550   -1421.6832  0.7701 
   00851    0.4775   -1422.7257  0.7716 
   00852    0.4025   -1419.1110  0.7688 
   00853    0.4675   -1416.2484  0.7652 
   00854    0.4750   -1418.2942  0.7621 
   00855    0.4525   -1417.5787  0.7636 
   00856    0.3975   -1420.9763  0.7633 
   00857    0.4050   -1422.8705  0.7631 
   00858    0.4275   -1416.8205  0.7627 
   00859    0.4250   -1414.3778  0.7607 
   00860    0.4275   -1415.9593  0.7618 
   00861    0.4625   -1406.8269  0.7619 
   00862    0.4550   -1405.9244  0.7584 
   00863    0.4650   -1418.7289  0.7636 
   00864    0.4175   -1416.1508  0.7652 
   00865    0.3650   -1419.9800  0.7666 
   00866    0.4800   -1414.7527  0.7688 
   00867    0.4700   -1416.2905  0.7707 
   00868    0.4275   -1415.2828  0.7703 
   00869    0.4100   -1416.5207  0.7690 
   00870    0.4625   -1418.0741  0.7696 
   00871    0.4025   -1418.2163  0.7670 
   00872    0.4125   -1412.2284  0.7690 
   00873    0.4375   -1411.1583  0.7683 
   00874    0.3950   -1412.7669  0.7670 
   00875    0.4300   -1401.8485  0.7669 
   00876    0.4100   -1399.9424  0.7646 
   00877    0.4450   -1403.3984  0.7642 
   00878    0.4200   -1404.8914  0.7639 
   00879    0.4200   -1403.3703  0.7612 
   00880    0.4275   -1401.2968  0.7599 
   00881    0.4325   -1401.5520  0.7620 
   00882    0.3925   -1401.6580  0.7561 
   00883    0.4625   -1395.5459  0.7553 
   00884    0.4400   -1397.6396  0.7547 
   00885    0.4100   -1394.9360  0.7554 
   00886    0.4350   -1393.8134  0.7545 
   00887    0.4350   -1398.0321  0.7540 
   00888    0.4150   -1395.8797  0.7567 
   00889    0.4675   -1386.1014  0.7606 
   00890    0.4525   -1386.3248  0.7622 
   00891    0.4300   -1388.4956  0.7617 
   00892    0.4650   -1393.6600  0.7633 
   00893    0.4225   -1394.0903  0.7696 
   00894    0.4250   -1390.6790  0.7642 
   00895    0.4700   -1403.1841  0.7664 
   00896    0.4225   -1402.9973  0.7680 
   00897    0.4250   -1404.1989  0.7681 
   00898    0.4200   -1401.4404  0.7679 
   00899    0.4425   -1406.8686  0.7693 
   00900    0.4025   -1409.6511  0.7676 
   00901    0.4775   -1412.5862  0.7706 
   00902    0.4550   -1408.6805  0.7655 
   00903    0.4000   -1412.1427  0.7626 
   00904    0.4725   -1416.4083  0.7648 
   00905    0.4725   -1416.0842  0.7649 
   00906    0.4300   -1414.1716  0.7595 
   00907    0.3925   -1412.2411  0.7627 
   00908    0.4675   -1412.6224  0.7672 
   00909    0.4400   -1412.9007  0.7661 
   00910    0.4000   -1414.4985  0.7681 
   00911    0.4550   -1414.6062  0.7688 
   00912    0.4350   -1410.6859  0.7661 
   00913    0.3900   -1413.6852  0.7653 
   00914    0.4500   -1415.8949  0.7686 
   00915    0.4525   -1413.6005  0.7728 
   00916    0.4375   -1416.4008  0.7707 
   00917    0.4200   -1413.9747  0.7691 
   00918    0.4375   -1406.0318  0.7680 
   00919    0.4550   -1406.7517  0.7659 
   00920    0.4750   -1416.2503  0.7743 
   00921    0.4550   -1415.3230  0.7719 
   00922    0.4725   -1417.2799  0.7686 
   00923    0.4250   -1414.4238  0.7706 
   00924    0.4500   -1414.8214  0.7689 
   00925    0.4700   -1414.8181  0.7663 
   00926    0.4125   -1414.6453  0.7677 
   00927    0.4575   -1411.6682  0.7685 
   00928    0.4500   -1405.1286  0.7660 
   00929    0.4650   -1407.3678  0.7657 
   00930    0.4550   -1410.4776  0.7655 
   00931    0.4100   -1409.9113  0.7684 
   00932    0.4550   -1408.0723  0.7696 
   00933    0.4375   -1417.2370  0.7695 
   00934    0.4625   -1413.2525  0.7653 
   00935    0.4500   -1407.5150  0.7683 
   00936    0.4550   -1405.0681  0.7700 
   00937    0.4300   -1404.6704  0.7728 
   00938    0.4975   -1409.4279  0.7708 
   00939    0.4325   -1405.4091  0.7742 
   00940    0.4175   -1412.6083  0.7778 
   00941    0.4475   -1411.3836  0.7799 
   00942    0.3950   -1411.5065  0.7807 
   00943    0.4175   -1411.7344  0.7827 
   00944    0.4850   -1414.8821  0.7827 
   00945    0.4600   -1415.0300  0.7846 
   00946    0.4575   -1415.2416  0.7835 
   00947    0.4775   -1416.5298  0.7862 
   00948    0.4525   -1412.0856  0.7897 
   00949    0.4225   -1410.5321  0.7900 
   00950    0.5075   -1411.4822  0.7884 
   00951    0.4375   -1413.6727  0.7867 
   00952    0.4200   -1419.4520  0.7870 
   00953    0.4400   -1426.0258  0.7859 
   00954    0.4575   -1420.2038  0.7853 
   00955    0.4250   -1417.0077  0.7856 
   00956    0.4425   -1418.1814  0.7859 
   00957    0.4450   -1418.9124  0.7849 
   00958    0.4150   -1418.2330  0.7857 
   00959    0.4525   -1410.0079  0.7857 
   00960    0.4250   -1410.7389  0.7856 
   00961    0.4400   -1406.5905  0.7826 
   00962    0.4600   -1412.6487  0.7857 
   00963    0.4125   -1418.8661  0.7842 
   00964    0.4525   -1421.3287  0.7809 
   00965    0.4625   -1417.3625  0.7780 
   00966    0.4425   -1418.6442  0.7754 
   00967    0.4000   -1418.1818  0.7764 
   00968    0.4425   -1415.4839  0.7773 
   00969    0.4525   -1413.8067  0.7771 
   00970    0.4450   -1411.4302  0.7774 
   00971    0.4500   -1411.1269  0.7756 
   00972    0.4500   -1415.0718  0.7824 
   00973    0.4500   -1410.6883  0.7838 
   00974    0.4425   -1416.5590  0.7845 
   00975    0.4325   -1419.1192  0.7849 
   00976    0.4375   -1416.7806  0.7848 
   00977    0.4000   -1416.5494  0.7829 
   00978    0.4325   -1417.2868  0.7880 
   00979    0.3950   -1419.0368  0.7885 
   00980    0.4425   -1413.7786  0.7844 
   00981    0.4000   -1416.2660  0.7860 
   00982    0.4475   -1419.0348  0.7843 
   00983    0.4425   -1420.8903  0.7863 
   00984    0.4025   -1419.5841  0.7870 
   00985    0.4900   -1416.3615  0.7876 
   00986    0.4275   -1418.8926  0.7886 
   00987    0.4275   -1417.4815  0.7858 
   00988    0.4200   -1411.7867  0.7894 
   00989    0.4300   -1409.2822  0.7875 
   00990    0.4550   -1408.6272  0.7878 
   00991    0.4450   -1408.4205  0.7873 
   00992    0.4150   -1409.4558  0.7867 
   00993    0.4750   -1412.4767  0.7858 
   00994    0.4650   -1415.0041  0.7849 
   00995    0.4800   -1422.5644  0.7919 
   00996    0.4400   -1417.0206  0.7905 
   00997    0.4500   -1416.2353  0.7926 
   00998    0.4525   -1415.3407  0.7912 
   00999    0.4300   -1411.6823  0.7916 
   01000    0.4275   -1415.1015  0.7916 
