#=====================================================
# File created:        Wed-05-Nov-2025-at-03-24-16AM
# Size of lattice:     20x20
# Number of MC steps:  1000
# Reduced temperature: 0.250
# Run time (s):        1.929926
#=====================================================
# MC step:  Ratio:     Energy:   Order:
#=====================================================
   00000    0.5000    -382.8828  0.2932 
   00001    0.4975    -420.0983  0.3497 
   00002    0.4550    -448.4423  0.3507 
   00003    0.4750    -474.6249  0.3569 
   00004    0.5100    -507.9803  0.3649 
   00005    0.5175    -532.1757  0.3790 
   00006    0.4900    -573.1865  0.3953 
   00007    0.5200    -608.1292  0.4158 
   00008    0.4875    -648.3254  0.4119 
   00009    0.5025    -656.1814  0.4167 
   00010    0.4550    -672.6243  0.4155 
   00011    0.5400    -693.1875  0.4189 
   00012    0.5100    -724.3382  0.4232 
   00013    0.4775    -742.9466  0.4302 
   00014    0.4925    -750.7137  0.4277 
   00015    0.5225    -765.3845  0.4292 
   00016    0.4625    -779.0581  0.4332 
   00017    0.4725    -798.2885  0.4355 
   00018    0.5175    -821.1623  0.4386 
   00019    0.5500    -838.6367  0.4401 
   00020    0.4725    -856.3646  0.4510 
   00021    0.4825    -873.8202  0.4495 
   00022    0.5025    -889.8909  0.4507 
   00023    0.4275    -896.5104  0.4522 
   00024    0.4650    -906.4811  0.4523 
   00025    0.5325    -925.3728  0.4562 
   00026    0.4525    -938.0761  0.4602 
   00027    0.4975    -952.5339  0.4590 
   00028    0.4850    -972.2552  0.4629 
   00029    0.4350    -982.6999  0.4650 
   00030    0.4250   -1000.4511  0.4737 
   00031    0.4625   -1002.9984  0.4739 
   00032    0.4950   -1027.5574  0.4778 
   00033    0.4900   -1048.1817  0.4870 
   00034    0.4600   -1050.5021  0.4842 
   00035    0.5025   -1057.2085  0.4937 
   00036    0.4725   -1060.4768  0.4954 
   00037    0.4750   -1068.3936  0.5013 
   00038    0.4700   -1080.2968  0.5046 
   00039    0.4775   -1090.1316  0.5054 
   00040    0.4875   -1086.2472  0.5030 
   00041    0.4600   -1090.9364  0.4965 
   00042    0.4975   -1105.6364  0.5042 
   00043    0.4775   -1112.2192  0.5027 
   00044    0.4900   -1127.1190  0.5055 
   00045    0.4400   -1135.5396  0.5107 
   00046    0.5050   -1142.0310  0.5146 
   00047    0.4500   -1148.2841  0.5151 
   00048    0.4875   -1156.6428  0.5160 
   00049    0.4850   -1163.0808  0.5231 
   00050    0.4700   -1164.9366  0.5262 
   00051    0.4725   -1164.5552  0.5235 
   00052    0.4600   -1174.8767  0.5227 
   00053    0.4625   -1182.1396  0.5255 
   00054    0.5300   -1188.2587  0.5245 
   00055    0.4825   -1192.4806  0.5280 
   00056    0.4575   -1199.7780  0.5291 
   00057    0.5075   -1213.6324  0.5277 
   00058    0.4825   -1216.8946  0.5271 
   00059    0.5175   -1221.4189  0.5251 
   00060    0.4175   -1227.2332  0.5245 
   00061    0.4650   -1225.7867  0.5246 
   00062    0.4650   -1231.8954  0.5230 
   00063    0.4675   -1235.2978  0.5315 
   00064    0.4450   -1238.0132  0.5363 
   00065    0.4675   -1237.2606  0.5391 
   00066    0.4775   -1239.9858  0.5411 
   00067    0.4275   -1239.9896  0.5401 
   00068    0.4475   -1247.1260  0.5405 
   00069    0.4900   -1245.2412  0.5377 
   00070    0.4500   -1244.0702  0.5314 
   00071    0.4650   -1247.0798  0.5331 
   00072    0.4375   -1248.4115  0.5360 
   00073    0.4700   -1250.7127  0.5366 
   00074    0.4500   -1252.5522  0.5400 
   00075    0.4725   -1257.7047  0.5406 
   00076    0.4675   -1260.3169  0.5444 
   00077    0.4950   -1268.7775  0.5494 
   00078    0.4150   -1273.3054  0.5507 
   00079    0.4800   -1273.8026  0.5470 
   00080    0.4850   -1285.1127  0.5457 
   00081    0.4950   -1284.8744  0.5539 
   00082    0.4650   -1289.3471  0.5595 
   00083    0.4700   -1295.3365  0.5617 
   00084    0.4375   -1296.3704  0.5675 
   00085    0.4850   -1297.1115  0.5650 
   00086    0.4675   -1293.9725  0.5668 
   00087    0.4550   -1300.7591  0.5654 
   00088    0.4700   -1304.4507  0.5618 
   00089    0.4825   -1311.5965  0.5634 
   00090    0.4475   -1311.3797  0.5586 
   00091    0.4675   -1313.3612  0.5529 
   00092    0.4525   -1318.8057  0.5540 
   00093    0.4875   -1322.1303  0.5553 
   00094    0.4500   -1323.4389  0.5572 
   00095    0.4250   -1328.2217  0.5602 
   00096    0.4425   -1324.7138  0.5595 
   00097    0.4725   -1322.7290  0.5613 
   00098    0.4700   -1322.6032  0.5632 
   00099    0.4975   -1326.4596  0.5660 
   00100    0.4400   -1329.9069  0.5683 
   00101    0.4875   -1322.7346  0.5674 
   00102    0.4500   -1327.5840  0.5687 
   00103    0.4575   -1328.8805  0.5685 
   00104    0.4500   -1325.8862  0.5651 
   00105    0.4525   -1323.2251  0.5655 
   00106    0.4425   -1321.4596  0.5648 
   00107    0.4525   -1317.1443  0.5636 
   00108    0.4850   -1317.5647  0.5632 
   00109    0.4975   -1316.4834  0.5604 
   00110    0.4875   -1326.5927  0.5634 
   00111    0.4400   -1327.0801  0.5665 
   00112    0.4975   -1326.1511  0.5665 
   00113    0.5125   -1328.6624  0.5638 
   00114    0.4525   -1328.2057  0.5607 
   00115    0.4850   -1324.2697  0.5603 
   00116    0.4900   -1324.5347  0.5653 
   00117    0.4725   -1331.0734  0.5721 
   00118    0.5100   -1328.6670  0.5727 
   00119    0.4750   -1331.0979  0.5764 
   00120    0.4925   -1329.6480  0.5834 
   00121    0.4875   -1326.9900  0.5788 
   00122    0.4700   -1331.1436  0.5839 
   00123    0.4800   -1328.6392  0.5791 
   00124    0.4950   -1336.2187  0.5863 
   00125    0.4400   -1332.6851  0.5850 
   00126    0.5000   -1337.3788  0.5882 
   00127    0.4525   -1334.8421  0.5891 
   00128    0.4850   -1337.3391  0.5878 
   00129    0.4575   -1344.0404  0.5902 
   00130    0.4675   -1348.1777  0.5943 
   00131    0.4625   -1348.8754  0.5917 
   00132    0.4675   -1343.7981  0.5871 
   00133    0.4650   -1341.1086  0.5931 
   00134    0.4175   -1338.7168  0.5899 
   00135    0.4675   -1340.4083  0.5978 
   00136    0.4450   -1341.7836  0.5983 
   00137    0.4700   -1346.3925  0.6010 
   00138    0.4600   -1347.6700  0.6013 
   00139    0.4150   -1345.6891  0.6040 
   00140    0.4800   -1350.4783  0.6096 
   00141    0.4650   -1348.9322  0.6076 
   00142    0.4950   -1353.5466  0.6121 
   00143    0.4850   -1351.3941  0.6121 
   00144    0.4625   -1348.6068  0.6095 
   00145    0.5025   -1352.0017  0.6131 
   00146    0.4775   -1356.6515  0.6191 
   00147    0.4325   -1358.0059  0.6142 
   00148    0.4275   -1358.1839  0.6159 
   00149    0.5200   -1354.2972  0.6204 
   00150    0.5075   -1355.8455  0.6169 
   00151    0.5225   -1362.6053  0.6146 
   00152    0.4500   -1364.5015  0.6172 
   00153    0.4850   -1363.9794  0.6213 
   00154    0.4700   -1369.1291  0.6244 
   00155    0.4900   -1371.0054  0.6264 
   00156    0.4350   -1372.7093  0.6296 
   00157    0.4375   -1377.3710  0.6338 
   00158    0.4600   -1378.2406  0.6370 
   00159    0.4500   -1377.5474  0.6422 
   00160    0.4250   -1373.8557  0.6426 
   00161    0.4850   -1379.5862  0.6464 
   00162    0.4625   -1379.4687  0.6515 
   00163    0.4525   -1381.6834  0.6496 
   00164    0.4400   -1381.9510  0.6477 
   00165    0.4975   -1383.9354  0.6510 
   00166    0.4950   -1388.9742  0.6526 
   00167    0.4875   -1386.4599  0.6494 
   00168    0.4600   -1384.8339  0.6485 
   00169    0.4800   -1387.3332  0.6596 
   00170    0.4725   -1385.8352  0.6637 
   00171    0.4600   -1393.9470  0.6694 
   00172    0.5050   -1396.4070  0.6723 
   00173    0.4700   -1393.7473  0.6774 
   00174    0.4425   -1394.1995  0.6796 
   00175    0.4525   -1393.6420  0.6791 
   00176    0.4525   -1395.4348  0.6812 
   00177    0.4650   -1392.7989  0.6821 
   00178    0.4400   -1393.1604  0.6822 
   00179    0.4775   -1395.5961  0.6807 
   00180    0.4450   -1395.4698  0.6801 
   00181    0.4325   -1395.3579  0.6817 
   00182    0.4800   -1394.6146  0.6823 
   00183    0.4450   -1393.4123  0.6824 
   00184    0.4675   -1397.0455  0.6764 
   00185    0.4775   -1399.8098  0.6799 
   00186    0.4350   -1401.8830  0.6817 
   00187    0.4925   -1401.0132  0.6842 
   00188    0.4650   -1402.2978  0.6863 
   00189    0.4900   -1401.2857  0.6856 
   00190    0.4225   -1401.7478  0.6859 
   00191    0.5050   -1400.7488  0.6873 
   00192    0.4600   -1404.7511  0.6867 
   00193    0.4650   -1405.7691  0.6894 
   00194    0.4450   -1408.4616  0.6885 
   00195    0.5200   -1409.7918  0.6918 
   00196    0.5100   -1408.6850  0.6960 
   00197    0.5200   -1408.5502  0.6976 
   00198    0.4800   -1413.1226  0.6952 
   00199    0.4975   -1412.6169  0.6942 
   00200    0.4375   -1417.6660  0.6957 
   00201    0.4600   -1418.1590  0.6970 
   00202    0.4125   -1415.4100  0.6994 
   00203    0.4200   -1415.6941  0.7007 
   00204    0.4425   -1413.1680  0.7000 
   00205    0.4300   -1414.8782  0.6998 
   00206    0.4825   -1413.1258  0.7024 
   00207    0.4600   -1413.6901  0.7000 
   00208    0.4825   -1409.1728  0.7040 
   00209    0.4425   -1411.1148  0.7069 
   00210    0.4650   -1410.7893  0.7112 
   00211    0.4325   -1414.8030  0.7200 
   00212    0.4475   -1413.9149  0.7229 
   00213    0.4375   -1413.9940  0.7288 
   00214    0.4825   -1415.3173  0.7283 
   00215    0.3975   -1418.5361  0.7301 
   00216    0.4750   -1418.2186  0.7338 
   00217    0.4650   -1416.5648  0.7256 
   00218    0.4550   -1419.8073  0.7309 
   00219    0.4650   -1419.4691  0.7343 
   00220    0.4200   -1423.1101  0.7352 
   00221    0.4450   -1419.6096  0.7329 
   00222    0.4800   -1422.7141  0.7304 
   00223    0.5075   -1426.8308  0.7290 
   00224    0.4525   -1427.8597  0.7338 
   00225    0.4125   -1430.2270  0.7338 
   00226    0.3950   -1426.1761  0.7328 
   00227    0.4425   -1423.6296  0.7352 
   00228    0.4225   -1424.6781  0.7375 
   00229    0.4525   -1423.2299  0.7355 
   00230    0.4825   -1423.0780  0.7329 
   00231    0.4975   -1421.5716  0.7371 
   00232    0.4925   -1419.9028  0.7387 
   00233    0.4450   -1418.3738  0.7384 
   00234    0.4650   -1419.2168  0.7357 
   00235    0.4775   -1421.1673  0.7378 
   00236    0.4200   -1424.2507  0.7410 
   00237    0.4575   -1425.0209  0.7388 
   00238    0.4725   -1430.4810  0.7377 
   00239    0.4600   -1432.9051  0.7341 
   00240    0.4650   -1428.6334  0.7353 
   00241    0.4425   -1427.1187  0.7367 
   00242    0.4925   -1429.1624  0.7409 
   00243    0.4500   -1426.0582  0.7412 
   00244    0.5250   -1430.7468  0.7449 
   00245    0.4600   -1425.6852  0.7438 
   00246    0.4150   -1427.5311  0.7448 
   00247    0.4825   -1429.0117  0.7472 
   00248    0.4150   -1429.0899  0.7486 
   00249    0.4700   -1431.6645  0.7495 
   00250    0.4475   -1433.2840  0.7488 
   00251    0.4500   -1427.7026  0.7552 
   00252    0.4775   -1429.6878  0.7607 
   00253    0.5075   -1433.1238  0.7657 
   00254    0.4600   -1431.9682  0.7709 
   00255    0.4525   -1437.9985  0.7748 
   00256    0.4425   -1440.4611  0.7726 
   00257    0.4750   -1434.7788  0.7729 
   00258    0.4475   -1435.6753  0.7790 
   00259    0.4625   -1438.0230  0.7838 
   00260    0.4350   -1448.8593  0.7890 
   00261    0.4600   -1447.2906  0.7896 
   00262    0.4775   -1445.3888  0.7900 
   00263    0.4650   -1445.8557  0.7958 
   00264    0.4575   -1442.2887  0.7962 
   00265    0.4275   -1442.4627  0.7961 
   00266    0.4250   -1449.1356  0.7992 
   00267    0.4650   -1448.6903  0.7968 
   00268    0.4525   -1449.8644  0.7967 
   00269    0.4825   -1451.5125  0.7958 
   00270    0.4350   -1450.1725  0.7934 
   00271    0.5350   -1450.6851  0.7930 
   00272    0.4250   -1450.1733  0.7933 
   00273    0.4700   -1450.3530  0.7937 
   00274    0.4175   -1450.7554  0.7961 
   00275    0.4475   -1453.8865  0.7951 
   00276    0.4850   -1454.0717  0.8009 
   00277    0.4500   -1447.6704  0.7991 
   00278    0.5125   -1449.2824  0.7967 
   00279    0.4750   -1454.3782  0.7961 
   00280    0.4700   -1458.5597  0.7925 
   00281    0.4375   -1459.1963  0.7966 
   00282    0.4600   -1460.9422  0.7913 
   00283    0.4250   -1460.9633  0.7956 
   00284    0.4875   -1465.1501  0.8003 
   00285    0.4250   -1462.4764  0.7972 
   00286    0.4125   -1459.4882  0.7966 
   00287    0.4475   -1459.7964  0.8000 
   00288    0.4975   -1459.4334  0.8001 
   00289    0.4500   -1457.2688  0.7998 
   00290    0.4600   -1454.0925  0.7974 
   00291    0.4425   -1460.7081  0.8015 
   00292    0.4050   -1460.2083  0.8015 
   00293    0.4150   -1460.0911  0.8008 
   00294    0.4425   -1458.7840  0.8017 
   00295    0.4325   -1454.9727  0.8020 
   00296    0.4575   -1456.9256  0.8041 
   00297    0.4450   -1458.4549  0.8051 
   00298    0.4450   -1458.4978  0.8035 
   00299    0.4375   -1455.5336  0.8074 
   00300    0.4550   -1451.4561  0.8090 
   00301    0.4750   -1449.7260  0.8069 
   00302    0.4250   -1454.7409  0.8057 
   00303    0.4550   -1453.2905  0.8063 
   00304    0.4725   -1452.8517  0.8058 
   00305    0.4475   -1449.2230  0.7992 
   00306    0.3950   -1450.8372  0.7974 
   00307    0.4975   -1452.4538  0.7920 
   00308    0.4450   -1452.9922  0.7933 
   00309    0.4775   -1455.3517  0.7974 
   00310    0.4625   -1458.0315  0.7946 
   00311    0.4875   -1457.1230  0.7930 
   00312    0.4400   -1457.3317  0.7913 
   00313    0.4725   -1457.2639  0.7933 
   00314    0.4650   -1455.8050  0.7977 
   00315    0.4700   -1455.5110  0.8008 
   00316    0.4400   -1456.2270  0.8030 
   00317    0.4900   -1455.0880  0.8044 
   00318    0.4300   -1453.8054  0.8056 
   00319    0.4125   -1457.2654  0.8054 
   00320    0.4525   -1452.7251  0.8026 
   00321    0.4425   -1458.9980  0.8081 
   00322    0.4550   -1456.0465  0.8102 
   00323    0.4525   -1453.7725  0.8120 
   00324    0.4600   -1452.0776  0.8119 
   00325    0.4650   -1451.2244  0.8114 
   00326    0.4600   -1447.9829  0.8115 
   00327    0.4650   -1445.0067  0.8113 
   00328    0.4550   -1452.1015  0.8147 
   00329    0.4475   -1451.1974  0.8139 
   00330    0.4425   -1456.3777  0.8183 
   00331    0.4725   -1457.6343  0.8205 
   00332    0.4525   -1456.3291  0.8207 
   00333    0.4750   -1455.9606  0.8146 
   00334    0.4850   -1453.3099  0.8166 
   00335    0.4400   -1452.2277  0.8202 
   00336    0.4775   -1456.4850  0.8214 
   00337    0.4925   -1458.9748  0.8240 
   00338    0.4350   -1459.4788  0.8235 
   00339    0.4575   -1454.8677  0.8178 
   00340    0.4800   -1456.6052  0.8207 
   00341    0.4475   -1456.2940  0.8230 
   00342    0.4575   -1458.2070  0.8219 
   00343    0.4575   -1459.1586  0.8220 
   00344    0.4825   -1466.4702  0.8261 
   00345    0.4725   -1465.2200  0.8244 
   00346    0.4575   -1462.9409  0.8210 
   00347    0.4700   -1464.2705  0.8248 
   00348    0.4750   -1465.8034  0.8247 
   00349    0.4525   -1468.2033  0.8282 
   00350    0.4550   -1466.6871  0.8285 
   00351    0.4675   -1467.1739  0.8276 
   00352    0.4875   -1469.1992  0.8259 
   00353    0.4300   -1468.3837  0.8210 
   00354    0.4700   -1473.7056  0.8248 
   00355    0.4475   -1466.4873  0.8246 
   00356    0.4500   -1460.8180  0.8225 
   00357    0.4725   -1466.6436  0.8282 
   00358    0.4550   -1468.2376  0.8277 
   00359    0.5125   -1470.7142  0.8263 
   00360    0.4700   -1471.9818  0.8270 
   00361    0.4950   -1472.4112  0.8244 
   00362    0.4375   -1470.1101  0.8236 
   00363    0.4700   -1465.2971  0.8237 
   00364    0.4475   -1465.9908  0.8227 
   00365    0.4400   -1460.6853  0.8179 
   00366    0.4450   -1462.3280  0.8208 
   00367    0.4475   -1460.0873  0.8207 
   00368    0.5075   -1459.3108  0.8203 
   00369    0.4450   -1458.9992  0.8215 
   00370    0.5025   -1463.8087  0.8280 
   00371    0.4800   -1458.9810  0.8272 
   00372    0.4150   -1466.8757  0.8306 
   00373    0.4425   -1466.3953  0.8292 
   00374    0.4100   -1467.1738  0.8312 
   00375    0.4850   -1465.4827  0.8308 
   00376    0.4700   -1464.4593  0.8318 
   00377    0.4675   -1468.9932  0.8340 
   00378    0.4400   -1467.8090  0.8353 
   00379    0.4250   -1468.8142  0.8363 
   00380    0.4500   -1469.8790  0.8364 
   00381    0.4625   -1474.4359  0.8414 
   00382    0.4250   -1474.2095  0.8379 
   00383    0.4350   -1473.8170  0.8382 
   00384    0.4550   -1477.1230  0.8357 
   00385    0.4400   -1477.4864  0.8353 
   00386    0.4450   -1477.5812  0.8374 
   00387    0.4250   -1475.3285  0.8363 
   00388    0.4775   -1474.2347  0.8346 
   00389    0.4625   -1476.3919  0.8365 
   00390    0.4625   -1473.7411  0.8378 
   00391    0.4450   -1465.7378  0.8375 
   00392    0.4575   -1468.7854  0.8374 
   00393    0.5000   -1473.1597  0.8426 
   00394    0.4675   -1471.8856  0.8417 
   00395    0.4450   -1471.3409  0.8394 
   00396    0.4550   -1470.6942  0.8367 
   00397    0.4225   -1471.6913  0.8357 
   00398    0.4600   -1469.1956  0.8325 
   00399    0.4700   -1467.2267  0.8346 
   00400    0.4600   -1474.0851  0.8419 
   00401    0.4150   -1473.8026  0.8446 
   00402    0.4475   -1477.0509  0.8463 
   00403    0.5275   -1478.5758  0.8452 
   00404    0.4875   -1479.5574  0.8442 
   00405    0.4700   -1476.2158  0.8448 
   00406    0.4200   -1471.5381  0.8419 
   00407    0.4625   -1469.9606  0.8443 
   00408    0.4150   -1473.4838  0.8446 
   00409    0.4225   -1470.8280  0.8457 
   00410    0.4750   -1468.6879  0.8443 
   00411    0.4550   -1468.3832  0.8422 
   00412    0.4400   -1466.9306  0.8425 
   00413    0.4675   -1463.4228  0.8418 
   00414    0.4600   -1459.1820  0.8405 
   00415    0.4650   -1459.6260  0.8438 
   00416    0.4525   -1461.2961  0.8449 
   00417    0.4350   -1464.1286  0.8463 
   00418    0.4350   -1460.3798  0.8439 
   00419    0.4025   -1455.4998  0.8470 
   00420    0.4850   -1457.9262  0.8482 
   00421    0.4500   -1461.0775  0.8516 
   00422    0.4525   -1461.0469  0.8496 
   00423    0.4550   -1462.6486  0.8508 
   00424    0.4700   -1463.4647  0.8497 
   00425    0.4675   -1462.7646  0.8501 
   00426    0.4550   -1462.1820  0.8490 
   00427    0.4625   -1462.5820  0.8447 
   00428    0.4525   -1463.1868  0.8457 
   00429    0.4300   -1462.6143  0.8462 
   00430    0.4100   -1464.8270  0.8462 
   00431    0.4200   -1467.8522  0.8476 
   00432    0.4175   -1470.9613  0.8443 
   00433    0.4275   -1471.3711  0.8429 
   00434    0.4675   -1468.4675  0.8440 
   00435    0.4200   -1468.9056  0.8470 
   00436    0.4450   -1467.2792  0.8461 
   00437    0.4225   -1470.8361  0.8495 
   00438    0.4700   -1469.7085  0.8486 
   00439    0.4500   -1469.3849  0.8445 
   00440    0.4725   -1470.9348  0.8445 
   00441    0.4300   -1470.2784  0.8435 
   00442    0.4575   -1473.6618  0.8486 
   00443    0.4525   -1473.1373  0.8467 
   00444    0.4650   -1473.7445  0.8495 
   00445    0.4375   -1472.1465  0.8517 
   00446    0.4700   -1476.8026  0.8541 
   00447    0.4575   -1474.6027  0.8579 
   00448    0.4675   -1473.3527  0.8549 
   00449    0.4225   -1471.1734  0.8553 
   00450    0.4550   -1469.4998  0.8561 
   00451    0.4375   -1468.1651  0.8538 
   00452    0.4200   -1467.8298  0.8550 
   00453    0.4475   -1470.6795  0.8568 
   00454    0.4700   -1470.8591  0.8559 
   00455    0.4225   -1471.0732  0.8590 
   00456    0.4275   -1473.1409  0.8568 
   00457    0.4200   -1473.2738  0.8566 
   00458    0.4450   -1471.1573  0.8553 
   00459    0.4650   -1476.4024  0.8557 
   00460    0.4450   -1474.9629  0.8548 
   00461    0.4650   -1478.3316  0.8577 
   00462    0.5000   -1477.5573  0.8591 
   00463    0.4500   -1478.6762  0.8612 
   00464    0.4700   -1474.9586  0.8601 
   00465    0.4600   -1473.3304  0.8610 
   00466    0.4550   -1472.4940  0.8597 
   00467    0.4400   -1470.8083  0.8610 
   00468    0.4550   -1471.1337  0.8630 
   00469    0.4825   -1471.7737  0.8611 
   00470    0.4550   -1469.2194  0.8607 
   00471    0.4225   -1466.0574  0.8601 
   00472    0.4475   -1468.6926  0.8591 
   00473    0.4275   -1470.2604  0.8606 
   00474    0.4650   -1468.8127  0.8649 
   00475    0.4650   -1463.1493  0.8644 
   00476    0.4475   -1463.3893  0.8619 
   00477    0.4025   -1465.6625  0.8613 
   00478    0.4475   -1465.5609  0.8611 
   00479    0.4800   -1465.3865  0.8640 
   00480    0.4400   -1466.7805  0.8634 
   00481    0.5100   -1464.4718  0.8653 
   00482    0.4575   -1463.5003  0.8689 
   00483    0.4550   -1462.5512  0.8691 
   00484    0.4350   -1466.8447  0.8680 
   00485    0.4275   -1468.7044  0.8705 
   00486    0.4925   -1466.3012  0.8693 
   00487    0.4275   -1471.0469  0.8668 
   00488    0.4650   -1472.1644  0.8649 
   00489    0.4550   -1471.1053  0.8657 
   00490    0.4400   -1471.1051  0.8661 
   00491    0.4825   -1475.4063  0.8704 
   00492    0.4800   -1478.3952  0.8704 
   00493    0.4325   -1480.5088  0.8706 
   00494    0.4600   -1481.9269  0.8708 
   00495    0.4550   -1477.4167  0.8687 
   00496    0.4875   -1479.0641  0.8676 
   00497    0.4875   -1478.4144  0.8677 
   00498    0.4450   -1479.0256  0.8681 
   00499    0.4325   -1483.5711  0.8701 
   00500    0.4625   -1484.7129  0.8711 
   00501    0.4425   -1486.8833  0.8738 
   00502    0.4200   -1486.5488  0.8744 
   00503    0.4525   -1484.8683  0.8742 
   00504    0.4850   -1483.7715  0.8753 
   00505    0.4250   -1485.6810  0.8776 
   00506    0.4650   -1487.6242  0.8753 
   00507    0.4475   -1481.6853  0.8720 
   00508    0.4200   -1480.5882  0.8718 
   00509    0.4750   -1479.1542  0.8726 
   00510    0.4250   -1481.6025  0.8698 
   00511    0.4050   -1485.2606  0.8734 
   00512    0.4500   -1481.5250  0.8703 
   00513    0.4625   -1479.5715  0.8713 
   00514    0.4800   -1478.4882  0.8732 
   00515    0.4350   -1478.1697  0.8724 
   00516    0.4500   -1475.3706  0.8714 
   00517    0.4875   -1476.5479  0.8720 
   00518    0.4775   -1476.2566  0.8691 
   00519    0.4975   -1475.4932  0.8671 
   00520    0.4800   -1476.1392  0.8640 
   00521    0.4625   -1473.4765  0.8633 
   00522    0.4100   -1474.1165  0.8683 
   00523    0.4350   -1474.8944  0.8695 
   00524    0.4650   -1481.5141  0.8690 
   00525    0.4500   -1481.0795  0.8688 
   00526    0.4875   -1481.7376  0.8682 
   00527    0.4500   -1481.5798  0.8660 
   00528    0.4175   -1482.9401  0.8659 
   00529    0.4200   -1482.0710  0.8652 
   00530    0.4600   -1480.3174  0.8655 
   00531    0.4475   -1479.8908  0.8672 
   00532    0.5050   -1477.3166  0.8659 
   00533    0.4000   -1477.2746  0.8641 
   00534    0.4650   -1476.4747  0.8636 
   00535    0.4650   -1477.5177  0.8695 
   00536    0.4450   -1478.8759  0.8694 
   00537    0.4100   -1474.5057  0.8670 
   00538    0.4500   -1470.9665  0.8673 
   00539    0.4800   -1472.8984  0.8667 
   00540    0.4300   -1471.9797  0.8673 
   00541    0.4375   -1475.6496  0.8671 
   00542    0.4350   -1477.4458  0.8645 
   00543    0.4150   -1477.0600  0.8655 
   00544    0.4250   -1481.9810  0.8673 
   00545    0.4225   -1479.5518  0.8661 
   00546    0.4500   -1476.9551  0.8668 
   00547    0.4475   -1475.2422  0.8665 
   00548    0.4400   -1474.2073  0.8628 
   00549    0.4275   -1475.1160  0.8656 
   00550    0.4700   -1472.8110  0.8657 
   00551    0.4350   -1472.6858  0.8638 
   00552    0.4400   -1474.0765  0.8617 
   00553    0.4650   -1471.9620  0.8622 
   00554    0.4650   -1469.7632  0.8613 
   00555    0.4850   -1472.1923  0.8619 
   00556    0.5150   -1477.4323  0.8651 
   00557    0.4825   -1477.9211  0.8654 
   00558    0.4700   -1472.9124  0.8640 
   00559    0.4525   -1471.5293  0.8629 
   00560    0.4950   -1472.7782  0.8639 
   00561    0.4500   -1468.9020  0.8643 
   00562    0.4300   -1471.5799  0.8652 
   00563    0.4200   -1470.9677  0.8673 
   00564    0.4675   -1465.0113  0.8673 
   00565    0.4750   -1467.4102  0.8676 
   00566    0.4625   -1461.1270  0.8665 
   00567    0.4550   -1463.7381  0.8683 
   00568    0.4750   -1465.8595  0.8668 
   00569    0.4675   -1468.4704  0.8670 
   00570    0.4650   -1465.9704  0.8652 
   00571    0.4500   -1461.2881  0.8642 
   00572    0.4600   -1463.2171  0.8654 
   00573    0.4800   -1460.6038  0.8608 
   00574    0.5025   -1459.1344  0.8610 
   00575    0.4275   -1458.4524  0.8627 
   00576    0.4150   -1457.6956  0.8658 
   00577    0.4600   -1455.9135  0.8651 
   00578    0.4400   -1455.5267  0.8645 
   00579    0.4125   -1453.2188  0.8629 
   00580    0.4525   -1460.4003  0.8612 
   00581    0.4800   -1458.7459  0.8633 
   00582    0.4500   -1460.5870  0.8669 
   00583    0.4575   -1462.4117  0.8700 
   00584    0.4900   -1463.7807  0.8727 
   00585    0.5025   -1466.4492  0.8730 
   00586    0.4500   -1467.4691  0.8726 
   00587    0.4850   -1468.1225  0.8740 
   00588    0.4750   -1470.4389  0.8785 
   00589    0.4250   -1468.7664  0.8784 
   00590    0.4025   -1472.8544  0.8794 
   00591    0.4625   -1475.7572  0.8824 
   00592    0.4400   -1475.9623  0.8837 
   00593    0.4450   -1477.0819  0.8862 
   00594    0.4300   -1475.8200  0.8831 
   00595    0.4275   -1477.7882  0.8840 
   00596    0.4575   -1478.4301  0.8844 
   00597    0.4425   -1475.9756  0.8854 
   00598    0.4775   -1467.2137  0.8835 
   00599    0.4375   -1461.3011  0.8829 
   00600    0.4650   -1462.4668  0.8801 
   00601    0.4925   -1458.9301  0.8806 
   00602    0.4775   -1463.6778  0.8817 
   00603    0.4575   -1461.4293  0.8808 
   00604    0.4975   -1456.1324  0.8762 
   00605    0.4325   -1458.6599  0.8764 
   00606    0.4375   -1458.4792  0.8762 
   00607    0.4525   -1458.0032  0.8774 
   00608    0.4250   -1459.2858  0.8777 
   00609    0.4250   -1463.9751  0.8787 
   00610    0.4700   -1463.0150  0.8767 
   00611    0.4250   -1467.2237  0.8779 
   00612    0.4475   -1464.3667  0.8783 
   00613    0.4025   -1469.6484  0.8791 
   00614    0.4525   -1468.8234  0.8776 
   00615    0.4625   -1468.3973  0.8776 
   00616    0.4100   -1469.9374  0.8810 
   00617    0.5225   -1468.1700  0.8781 
   00618    0.4275   -1469.1944  0.8756 
   00619    0.4875   -1467.0117  0.8759 
   00620    0.4200   -1464.0446  0.8763 
   00621    0.4550   -1464.1364  0.8714 
   00622    0.4550   -1465.4430  0.8758 
   00623    0.4475   -1464.7712  0.8794 
   00624    0.4775   -1466.1594  0.8774 
   00625    0.4250   -1467.4139  0.8794 
   00626    0.4850   -1466.5151  0.8813 
   00627    0.4750   -1467.9771  0.8819 
   00628    0.4525   -1468.2681  0.8831 
   00629    0.4700   -1471.3813  0.8845 
   00630    0.4350   -1469.7894  0.8839 
   00631    0.3925   -1471.3040  0.8827 
   00632    0.4700   -1475.3053  0.8827 
   00633    0.4650   -1468.7409  0.8797 
   00634    0.4575   -1470.0404  0.8812 
   00635    0.4800   -1473.2498  0.8822 
   00636    0.4600   -1472.5420  0.8807 
   00637    0.4525   -1473.6249  0.8826 
   00638    0.4950   -1467.6011  0.8784 
   00639    0.4200   -1469.0685  0.8784 
   00640    0.4675   -1466.8697  0.8778 
   00641    0.4750   -1468.8058  0.8811 
   00642    0.4600   -1469.1552  0.8815 
   00643    0.4725   -1464.4156  0.8806 
   00644    0.4975   -1469.4323  0.8817 
   00645    0.3950   -1469.9597  0.8832 
   00646    0.4525   -1469.9413  0.8807 
   00647    0.4450   -1473.6073  0.8810 
   00648    0.4625   -1472.2389  0.8818 
   00649    0.4875   -1476.2767  0.8820 
   00650    0.4775   -1478.6446  0.8833 
   00651    0.4225   -1477.2577  0.8838 
   00652    0.4900   -1476.4037  0.8829 
   00653    0.3750   -1476.7972  0.8800 
   00654    0.4175   -1480.0506  0.8814 
   00655    0.4425   -1481.6477  0.8796 
   00656    0.4700   -1482.8799  0.8800 
   00657    0.4150   -1479.5658  0.8803 
   00658    0.4575   -1477.8313  0.8811 
   00659    0.4375   -1477.3176  0.8790 
   00660    0.4550   -1475.3739  0.8815 
   00661    0.4525   -1474.8144  0.8849 
   00662    0.4550   -1473.3588  0.8826 
   00663    0.4550   -1473.7632  0.8841 
   00664    0.4250   -1473.3256  0.8834 
   00665    0.4975   -1476.2733  0.8854 
   00666    0.4500   -1476.5941  0.8850 
   00667    0.4325   -1473.9288  0.8884 
   00668    0.4650   -1475.7869  0.8855 
   00669    0.4900   -1477.3440  0.8878 
   00670    0.4450   -1475.7601  0.8883 
   00671    0.4275   -1478.7841  0.8890 
   00672    0.4275   -1478.8259  0.8848 
   00673    0.4950   -1481.7744  0.8877 
   00674    0.4450   -1481.1923  0.8867 
   00675    0.4525   -1480.0325  0.8874 
   00676    0.4400   -1480.1070  0.8868 
   00677    0.4325   -1480.1517  0.8873 
   00678    0.4350   -1482.0713  0.8874 
   00679    0.4575   -1482.3024  0.8873 
   00680    0.4250   -1482.0585  0.8892 
   00681    0.4100   -1482.3775  0.8866 
   00682    0.4400   -1480.8396  0.8844 
   00683    0.4500   -1481.5754  0.8849 
   00684    0.4375   -1480.5834  0.8846 
   00685    0.4800   -1475.9000  0.8830 
   00686    0.4650   -1474.9673  0.8829 
   00687    0.4575   -1474.8812  0.8866 
   00688    0.4375   -1475.6477  0.8855 
   00689    0.4150   -1472.3292  0.8857 
   00690    0.4700   -1470.9457  0.8855 
   00691    0.4225   -1474.5413  0.8885 
   00692    0.4600   -1476.1265  0.8868 
   00693    0.4850   -1479.1891  0.8898 
   00694    0.4525   -1479.8893  0.8893 
   00695    0.4275   -1477.4007  0.8909 
   00696    0.4400   -1476.1341  0.8909 
   00697    0.4350   -1473.5313  0.8894 
   00698    0.4600   -1472.9724  0.8903 
   00699    0.4050   -1470.8760  0.8898 
   00700    0.4600   -1472.7639  0.8945 
   00701    0.4625   -1472.2096  0.8935 
   00702    0.4700   -1469.9389  0.8916 
   00703    0.4550   -1471.8459  0.8951 
   00704    0.4925   -1473.2386  0.8959 
   00705    0.4375   -1463.9295  0.8952 
   00706    0.4800   -1461.9687  0.8931 
   00707    0.4475   -1460.7283  0.8944 
   00708    0.4675   -1464.2615  0.8983 
   00709    0.4800   -1461.1847  0.8997 
   00710    0.4950   -1461.5470  0.9009 
   00711    0.4050   -1466.8808  0.9033 
   00712    0.4650   -1467.8809  0.9042 
   00713    0.4725   -1469.4779  0.9044 
   00714    0.4800   -1473.5128  0.9035 
   00715    0.4475   -1473.0423  0.9048 
   00716    0.4150   -1476.4415  0.9071 
   00717    0.4400   -1474.6081  0.9091 
   00718    0.5025   -1475.1316  0.9122 
   00719    0.4500   -1473.5875  0.9118 
   00720    0.4975   -1474.5720  0.9104 
   00721    0.4375   -1474.5432  0.9087 
   00722    0.4500   -1478.0826  0.9108 
   00723    0.4425   -1477.5693  0.9109 
   00724    0.4125   -1480.5372  0.9139 
   00725    0.4450   -1480.9131  0.9137 
   00726    0.4375   -1477.9140  0.9146 
   00727    0.4500   -1481.0370  0.9172 
   00728    0.4425   -1481.5668  0.9182 
   00729    0.4625   -1483.5590  0.9210 
   00730    0.4475   -1481.4791  0.9219 
   00731    0.4425   -1477.1402  0.9211 
   00732    0.4600   -1475.6483  0.9209 
   00733    0.4625   -1481.7958  0.9220 
   00734    0.4575   -1487.9691  0.9241 
   00735    0.4700   -1487.6967  0.9231 
   00736    0.4350   -1485.2424  0.9199 
   00737    0.5050   -1483.3795  0.9188 
   00738    0.4725   -1484.5755  0.9186 
   00739    0.4975   -1483.4442  0.9195 
   00740    0.4425   -1481.6334  0.9179 
   00741    0.4500   -1480.4857  0.9175 
   00742    0.4250   -1480.5010  0.9182 
   00743    0.4675   -1479.9326  0.9190 
   00744    0.4275   -1481.7989  0.9192 
   00745    0.4400   -1486.7470  0.9225 
   00746    0.4425   -1487.6154  0.9219 
   00747    0.4075   -1486.9661  0.9211 
   00748    0.4575   -1489.6155  0.9223 
   00749    0.4375   -1491.1753  0.9241 
   00750    0.4450   -1489.0970  0.9218 
   00751    0.4275   -1490.3163  0.9230 
   00752    0.4925   -1492.8880  0.9242 
   00753    0.4600   -1496.9834  0.9254 
   00754    0.4825   -1501.4151  0.9278 
   00755    0.4400   -1504.0224  0.9300 
   00756    0.4725   -1502.0264  0.9287 
   00757    0.4425   -1499.1190  0.9279 
   00758    0.4775   -1503.4385  0.9313 
   00759    0.4100   -1504.2788  0.9289 
   00760    0.4700   -1506.5269  0.9298 
   00761    0.4775   -1505.5146  0.9302 
   00762    0.4325   -1505.4076  0.9323 
   00763    0.4400   -1503.6684  0.9304 
   00764    0.4150   -1503.0914  0.9310 
   00765    0.4725   -1503.0226  0.9310 
   00766    0.4700   -1502.0688  0.9320 
   00767    0.4450   -1497.8418  0.9313 
   00768    0.4775   -1491.4226  0.9283 
   00769    0.4300   -1491.1141  0.9291 
   00770    0.4325   -1492.3898  0.9288 
   00771    0.4475   -1494.3172  0.9300 
   00772    0.4375   -1490.4624  0.9265 
   00773    0.4625   -1490.7400  0.9238 
   00774    0.4250   -1491.5467  0.9252 
   00775    0.4800   -1490.6436  0.9262 
   00776    0.4875   -1488.2754  0.9239 
   00777    0.4475   -1483.5872  0.9232 
   00778    0.4875   -1483.8950  0.9231 
   00779    0.4375   -1483.3523  0.9225 
   00780    0.4675   -1486.3811  0.9230 
   00781    0.4825   -1485.8081  0.9215 
   00782    0.4525   -1486.8706  0.9194 
   00783    0.4025   -1484.9850  0.9195 
   00784    0.4550   -1483.5934  0.9190 
   00785    0.4625   -1486.2483  0.9198 
   00786    0.4375   -1486.8123  0.9203 
   00787    0.4650   -1488.8966  0.9206 
   00788    0.4450   -1484.1004  0.9184 
   00789    0.4425   -1482.1803  0.9191 
   00790    0.4600   -1480.5651  0.9175 
   00791    0.4750   -1486.3112  0.9208 
   00792    0.4575   -1489.8597  0.9225 
   00793    0.4400   -1489.4368  0.9237 
   00794    0.4725   -1491.0381  0.9266 
   00795    0.4600   -1491.4633  0.9274 
   00796    0.4200   -1489.8042  0.9276 
   00797    0.4450   -1491.8653  0.9281 
   00798    0.4200   -1490.8553  0.9270 
   00799    0.4375   -1497.1532  0.9291 
   00800    0.4400   -1499.2888  0.9288 
   00801    0.4700   -1498.2449  0.9262 
   00802    0.4325   -1501.0489  0.9267 
   00803    0.3950   -1500.3836  0.9270 
   00804    0.4500   -1497.2907  0.9277 
   00805    0.4325   -1497.7172  0.9270 
   00806    0.4450   -1493.5898  0.9252 
   00807    0.4400   -1493.9255  0.9254 
   00808    0.4125   -1493.3671  0.9271 
   00809    0.4225   -1494.4990  0.9285 
   00810    0.4650   -1491.0480  0.9246 
   00811    0.4375   -1493.7819  0.9272 
   00812    0.4450   -1491.6087  0.9261 
   00813    0.4600   -1494.7841  0.9253 
   00814    0.4225   -1494.3515  0.9248 
   00815    0.4750   -1494.5612  0.9253 
   00816    0.4950   -1495.8234  0.9268 
   00817    0.4975   -1497.9591  0.9286 
   00818    0.4375   -1501.5467  0.9273 
   00819    0.4475   -1497.3440  0.9249 
   00820    0.4300   -1492.8340  0.9220 
   00821    0.4550   -1490.2414  0.9219 
   00822    0.4425   -1490.5402  0.9226 
   00823    0.4500   -1488.9369  0.9233 
   00824    0.4600   -1491.9264  0.9269 
   00825    0.4775   -1490.2930  0.9274 
   00826    0.5000   -1490.6772  0.9275 
   00827    0.4550   -1488.2204  0.9278 
   00828    0.4600   -1483.5693  0.9279 
   00829    0.4525   -1486.8073  0.9290 
   00830    0.4800   -1489.5124  0.9321 
   00831    0.4625   -1486.4270  0.9300 
   00832    0.4250   -1486.9459  0.9311 
   00833    0.3850   -1488.4550  0.9302 
   00834    0.4775   -1484.7644  0.9284 
   00835    0.4500   -1486.3344  0.9297 
   00836    0.4650   -1482.7752  0.9284 
   00837    0.4500   -1483.9863  0.9278 
   00838    0.5300   -1486.3583  0.9268 
   00839    0.4525   -1486.2743  0.9246 
   00840    0.4675   -1489.4110  0.9262 
   00841    0.4575   -1489.6655  0.9274 
   00842    0.4975   -1490.1723  0.9265 
   00843    0.5175   -1489.0349  0.9268 
   00844    0.4875   -1487.1316  0.9281 
   00845    0.4850   -1486.8938  0.9288 
   00846    0.4825   -1493.6945  0.9313 
   00847    0.4650   -1493.1612  0.9325 
   00848    0.4700   -1490.9471  0.9309 
   00849    0.4550   -1487.9040  0.9315 
   00850    0.4775   -1485.0518  0.9308 
   00851    0.5175   -1483.8569  0.9297 
   00852    0.4350   -1488.5828  0.9301 
   00853    0.4625   -1487.7022  0.9299 
   00854    0.4425   -1487.3720  0.9292 
   00855    0.4350   -1490.1601  0.9277 
   00856    0.4575   -1489.9698  0.9288 
   00857    0.4425   -1486.6169  0.9282 
   00858    0.4200   -1486.2910  0.9281 
   00859    0.4250   -1486.3267  0.9279 
   00860    0.4800   -1489.5014  0.9304 
   00861    0.4600   -1486.7166  0.9289 
   00862    0.4725   -1474.3767  0.9246 
   00863    0.4550   -1478.0852  0.9258 
   00864    0.4425   -1480.9548  0.9261 
   00865    0.4800   -1479.8459  0.9245 
   00866    0.4400   -1481.4857  0.9257 
   00867    0.4200   -1484.5339  0.9253 
   00868    0.4175   -1481.6875  0.9247 
   00869    0.4900   -1480.1829  0.9255 
   00870    0.4600   -1485.0674  0.9261 
   00871    0.4650   -1488.5412  0.9274 
   00872    0.4300   -1489.4097  0.9277 
   00873    0.4725   -1489.4183  0.9279 
   00874    0.5000   -1485.1817  0.9259 
   00875    0.4575   -1486.2239  0.9265 
   00876    0.4550   -1483.3947  0.9238 
   00877    0.4575   -1480.7706  0.9232 
   00878    0.4850   -1476.9016  0.9228 
   00879    0.4550   -1480.7268  0.9221 
   00880    0.4650   -1476.6581  0.9210 
   00881    0.4625   -1473.9211  0.9219 
   00882    0.4675   -1477.1087  0.9203 
   00883    0.4800   -1477.7361  0.9220 
   00884    0.5100   -1478.7945  0.9229 
   00885    0.4700   -1484.9308  0.9260 
   00886    0.4375   -1486.1535  0.9284 
   00887    0.4725   -1484.2761  0.9299 
   00888    0.4350   -1484.8946  0.9309 
   00889    0.4275   -1483.8206  0.9272 
   00890    0.4825   -1482.5502  0.9263 
   00891    0.4550   -1486.7317  0.9275 
   00892    0.4425   -1485.8466  0.9293 
   00893    0.4700   -1483.1583  0.9290 
   00894    0.4800   -1484.8733  0.9314 
   00895    0.4100   -1489.1191  0.9316 
   00896    0.4375   -1492.3467  0.9333 
   00897    0.4800   -1491.5387  0.9316 
   00898    0.4650   -1489.4181  0.9292 
   00899    0.4800   -1487.2626  0.9276 
   00900    0.4375   -1489.5658  0.9276 
   00901    0.4700   -1490.0405  0.9251 
   00902    0.4475   -1485.5676  0.9242 
   00903    0.4400   -1486.8134  0.9243 
   00904    0.4550   -1492.2532  0.9251 
   00905    0.4250   -1492.3667  0.9249 
   00906    0.4250   -1492.5506  0.9260 
   00907    0.4500   -1493.1482  0.9262 
   00908    0.4525   -1496.6609  0.9291 
   00909    0.4225   -1497.1347  0.9298 
   00910    0.4500   -1494.0497  0.9307 
   00911    0.4250   -1492.7594  0.9318 
   00912    0.4175   -1495.5311  0.9338 
   00913    0.4500   -1494.4170  0.9343 
   00914    0.4400   -1500.3780  0.9357 
   00915    0.4675   -1501.3140  0.9376 
   00916    0.4375   -1500.0965  0.9377 
   00917    0.4800   -1501.6129  0.9382 
   00918    0.4875   -1498.8659  0.9390 
   00919    0.4600   -1497.3931  0.9394 
   00920    0.4850   -1497.8691  0.9399 
   00921    0.4525   -1498.6847  0.9402 
   00922    0.4575   -1496.5729  0.9388 
   00923    0.4050   -1495.2493  0.9377 
   00924    0.4225   -1497.7850  0.9368 
   00925    0.4000   -1493.8716  0.9349 
   00926    0.4150   -1496.2124  0.9367 
   00927    0.4850   -1496.3966  0.9369 
   00928    0.4975   -1494.6213  0.9367 
   00929    0.4800   -1491.2769  0.9369 
   00930    0.4225   -1488.1244  0.9356 
   00931    0.4575   -1484.8633  0.9337 
   00932    0.4600   -1488.3441  0.9354 
   00933    0.4600   -1487.3000  0.9360 
   00934    0.4575   -1486.3730  0.9355 
   00935    0.4475   -1488.3653  0.9336 
   00936    0.4800   -1484.9601  0.9328 
   00937    0.4425   -1489.4942  0.9348 
   00938    0.4225   -1485.7042  0.9345 
   00939    0.4975   -1482.8944  0.9334 
   00940    0.5125   -1482.5334  0.9320 
   00941    0.4650   -1484.8848  0.9319 
   00942    0.4725   -1486.5645  0.9320 
   00943    0.4475   -1487.0755  0.9317 
   00944    0.4500   -1490.2753  0.9340 
   00945    0.4475   -1487.8566  0.9331 
   00946    0.4500   -1486.9844  0.9308 
   00947    0.4300   -1485.1805  0.9300 
   00948    0.4375   -1483.5738  0.9309 
   00949    0.4575   -1484.1656  0.9290 
   00950    0.4875   -1480.6153  0.9273 
   00951    0.5175   -1479.0904  0.9279 
   00952    0.4900   -1478.6141  0.9278 
   00953    0.4525   -1474.6302  0.9263 
   00954    0.4375   -1475.1158  0.9256 
   00955    0.4600   -1469.0432  0.9250 
   00956    0.4725   -1471.3153  0.9257 
   00957    0.4550   -1476.7786  0.9282 
   00958    0.4125   -1475.1458  0.9277 
   00959    0.4300   -1474.3295  0.9280 
   00960    0.4775   -1478.3660  0.9256 
   00961    0.4500   -1484.2451  0.9267 
   00962    0.4875   -1481.1274  0.9266 
   00963    0.4525   -1482.3638  0.9280 
   00964    0.4325   -1485.0379  0.9302 
   00965    0.4325   -1484.8270  0.9299 
   00966    0.4775   -1482.0741  0.9272 
   00967    0.4800   -1486.0890  0.9297 
   00968    0.3975   -1489.0940  0.9302 
   00969    0.4275   -1488.4358  0.9303 
   00970    0.4425   -1485.8752  0.9299 
   00971    0.4500   -1488.1276  0.9300 
   00972    0.4725   -1489.7882  0.9300 
   00973    0.4050   -1483.2962  0.9284 
   00974    0.4300   -1482.9243  0.9297 
   00975    0.4700   -1485.9172  0.9308 
   00976    0.4175   -1490.3646  0.9338 
   00977    0.4425   -1490.5500  0.9323 
   00978    0.4625   -1489.9987  0.9307 
   00979    0.4875   -1491.1062  0.9335 
   00980    0.4600   -1492.9906  0.9326 
   00981    0.4200   -1491.6785  0.9318 
   00982    0.4400   -1494.5690  0.9312 
   00983    0.4475   -1493.0223  0.9299 
   00984    0.4500   -1490.5077  0.9310 
   00985    0.4650   -1492.3463  0.9320 
   00986    0.4875   -1493.6421  0.9321 
   00987    0.4925   -1494.9288  0.9336 
   00988    0.4525   -1494.9242  0.9337 
   00989    0.4500   -1494.3586  0.9336 
   00990    0.4800   -1494.7092  0.9338 
   00991    0.4625   -1493.3986  0.9334 
   00992    0.4650   -1491.1692  0.9320 
   00993    0.4350   -1489.8275  0.9314 
   00994    0.4300   -1490.9184  0.9319 
   00995    0.4550   -1488.9009  0.9303 
   00996    0.4250   -1490.3072  0.9343 
   00997    0.4800   -1485.0330  0.9362 
   00998    0.4550   -1483.9457  0.9357 
   00999    0.4450   -1480.3411  0.9338 
   01000    0.4750   -1477.7402  0.9336 
