#=====================================================
# File created:        Wed-05-Nov-2025-at-03-24-15AM
# Size of lattice:     20x20
# Number of MC steps:  1000
# Reduced temperature: 0.200
# Run time (s):        1.825884
#=====================================================
# MC step:  Ratio:     Energy:   Order:
#=====================================================
   00000    0.5000    -391.2825  0.3460 
   00001    0.4850    -409.8681  0.3538 
   00002    0.4650    -440.7319  0.3583 
   00003    0.5275    -464.6765  0.3570 
   00004    0.4675    -488.2950  0.3559 
   00005    0.4700    -514.6470  0.3604 
   00006    0.5000    -543.9334  0.3685 
   00007    0.5075    -568.0256  0.3717 
   00008    0.5325    -600.4717  0.3691 
   00009    0.4950    -627.7572  0.3767 
   00010    0.5200    -665.3657  0.3859 
   00011    0.5025    -694.3796  0.3878 
   00012    0.4675    -705.0328  0.4004 
   00013    0.4500    -726.7044  0.4033 
   00014    0.4750    -738.4861  0.3997 
   00015    0.5250    -757.6447  0.4087 
   00016    0.4825    -793.8051  0.4167 
   00017    0.4800    -807.7705  0.4148 
   00018    0.5300    -823.5216  0.4170 
   00019    0.5150    -839.5782  0.4239 
   00020    0.5225    -859.5755  0.4401 
   00021    0.5075    -874.0712  0.4415 
   00022    0.5250    -893.2188  0.4481 
   00023    0.4950    -901.5587  0.4477 
   00024    0.5000    -912.3415  0.4507 
   00025    0.4975    -930.8159  0.4558 
   00026    0.5000    -950.3006  0.4637 
   00027    0.5450    -957.7442  0.4637 
   00028    0.5275    -962.3730  0.4681 
   00029    0.4825    -967.7345  0.4705 
   00030    0.4600    -972.3542  0.4715 
   00031    0.5000    -986.6382  0.4835 
   00032    0.5325   -1001.3424  0.4846 
   00033    0.4975   -1009.7927  0.4933 
   00034    0.4675   -1016.2959  0.4961 
   00035    0.5200   -1032.4733  0.5062 
   00036    0.5250   -1038.3732  0.5111 
   00037    0.4725   -1044.6787  0.5129 
   00038    0.5250   -1054.9236  0.5125 
   00039    0.4925   -1060.3876  0.5157 
   00040    0.4750   -1072.1663  0.5176 
   00041    0.4750   -1081.8144  0.5281 
   00042    0.4700   -1091.7899  0.5297 
   00043    0.4600   -1103.3228  0.5332 
   00044    0.5025   -1109.1668  0.5310 
   00045    0.4900   -1112.5440  0.5345 
   00046    0.5175   -1118.6700  0.5421 
   00047    0.5075   -1121.0988  0.5438 
   00048    0.4750   -1127.1607  0.5504 
   00049    0.4750   -1134.3597  0.5567 
   00050    0.5000   -1146.5500  0.5659 
   00051    0.4950   -1155.9949  0.5764 
   00052    0.4850   -1157.9535  0.5769 
   00053    0.4725   -1163.5659  0.5825 
   00054    0.5050   -1169.7874  0.5803 
   00055    0.4975   -1185.7895  0.5832 
   00056    0.4600   -1188.9342  0.5846 
   00057    0.4850   -1195.4716  0.5891 
   00058    0.5275   -1207.7185  0.5951 
   00059    0.4775   -1210.8532  0.5927 
   00060    0.4725   -1213.6489  0.5949 
   00061    0.5125   -1219.5330  0.5970 
   00062    0.4975   -1217.9484  0.5986 
   00063    0.4825   -1228.3757  0.6039 
   00064    0.4700   -1230.6122  0.6021 
   00065    0.5325   -1235.2742  0.6068 
   00066    0.4825   -1232.4061  0.6065 
   00067    0.5250   -1240.0039  0.6121 
   00068    0.5325   -1247.4000  0.6127 
   00069    0.5025   -1252.2103  0.6188 
   00070    0.4975   -1252.9298  0.6216 
   00071    0.5300   -1257.4911  0.6277 
   00072    0.5275   -1266.6966  0.6319 
   00073    0.4700   -1268.1062  0.6284 
   00074    0.4600   -1271.1514  0.6309 
   00075    0.4500   -1277.1876  0.6311 
   00076    0.5175   -1276.5610  0.6309 
   00077    0.5200   -1276.4254  0.6354 
   00078    0.5175   -1281.2056  0.6376 
   00079    0.5150   -1285.3359  0.6392 
   00080    0.4875   -1284.8435  0.6338 
   00081    0.4275   -1288.8494  0.6378 
   00082    0.4900   -1290.8710  0.6406 
   00083    0.4775   -1291.7155  0.6405 
   00084    0.4850   -1293.6172  0.6462 
   00085    0.5100   -1299.5352  0.6479 
   00086    0.4900   -1296.6066  0.6503 
   00087    0.5050   -1300.1098  0.6470 
   00088    0.4750   -1300.0054  0.6457 
   00089    0.4750   -1296.9896  0.6438 
   00090    0.4825   -1303.4054  0.6453 
   00091    0.5225   -1309.0892  0.6454 
   00092    0.4625   -1311.4841  0.6442 
   00093    0.4775   -1310.6585  0.6460 
   00094    0.4450   -1315.9898  0.6499 
   00095    0.4600   -1317.6916  0.6491 
   00096    0.4975   -1319.6690  0.6477 
   00097    0.4950   -1321.7255  0.6485 
   00098    0.4675   -1323.7324  0.6502 
   00099    0.4925   -1322.3096  0.6478 
   00100    0.4850   -1327.0647  0.6484 
   00101    0.4725   -1331.7976  0.6468 
   00102    0.4475   -1339.9187  0.6497 
   00103    0.4875   -1345.0616  0.6533 
   00104    0.4400   -1346.6670  0.6558 
   00105    0.4400   -1345.2361  0.6582 
   00106    0.4850   -1346.0814  0.6561 
   00107    0.5250   -1349.7384  0.6528 
   00108    0.4700   -1351.7106  0.6518 
   00109    0.4675   -1356.4707  0.6551 
   00110    0.4650   -1357.2492  0.6596 
   00111    0.4625   -1358.0051  0.6638 
   00112    0.4675   -1358.4584  0.6637 
   00113    0.4550   -1357.1330  0.6605 
   00114    0.4950   -1360.7485  0.6620 
   00115    0.5050   -1361.8247  0.6649 
   00116    0.4850   -1363.9836  0.6659 
   00117    0.4775   -1362.9066  0.6661 
   00118    0.4350   -1365.6070  0.6691 
   00119    0.4875   -1368.1647  0.6732 
   00120    0.4825   -1368.0673  0.6723 
   00121    0.4475   -1371.1077  0.6684 
   00122    0.4875   -1372.0291  0.6677 
   00123    0.5225   -1377.4550  0.6700 
   00124    0.4725   -1377.8987  0.6738 
   00125    0.4500   -1379.3074  0.6735 
   00126    0.4475   -1375.7426  0.6714 
   00127    0.4825   -1374.9947  0.6757 
   00128    0.4725   -1378.5835  0.6744 
   00129    0.4825   -1377.2981  0.6745 
   00130    0.4800   -1375.6848  0.6746 
   00131    0.4275   -1374.8989  0.6723 
   00132    0.4775   -1381.1589  0.6736 
   00133    0.5475   -1382.0021  0.6777 
   00134    0.4475   -1383.7766  0.6783 
   00135    0.5100   -1386.7216  0.6806 
   00136    0.4550   -1383.6300  0.6793 
   00137    0.4275   -1380.8128  0.6756 
   00138    0.4825   -1381.6238  0.6764 
   00139    0.4650   -1381.6886  0.6783 
   00140    0.4800   -1382.5494  0.6780 
   00141    0.4450   -1387.9193  0.6782 
   00142    0.4900   -1384.9518  0.6791 
   00143    0.4625   -1388.8428  0.6821 
   00144    0.4600   -1387.8019  0.6814 
   00145    0.4700   -1391.1247  0.6809 
   00146    0.5100   -1391.8764  0.6821 
   00147    0.4500   -1392.2905  0.6873 
   00148    0.4975   -1396.9607  0.6876 
   00149    0.5025   -1400.9083  0.6872 
   00150    0.4575   -1404.9605  0.6912 
   00151    0.4850   -1407.6654  0.6931 
   00152    0.5250   -1407.1654  0.6937 
   00153    0.4850   -1408.3170  0.6906 
   00154    0.5050   -1410.0879  0.6902 
   00155    0.4325   -1410.2528  0.6904 
   00156    0.4575   -1412.7607  0.6935 
   00157    0.4975   -1410.2667  0.6934 
   00158    0.4675   -1414.8968  0.6926 
   00159    0.4650   -1413.3094  0.6933 
   00160    0.4650   -1416.1100  0.6934 
   00161    0.4450   -1419.2888  0.6966 
   00162    0.4475   -1421.8801  0.6911 
   00163    0.5025   -1420.5802  0.6905 
   00164    0.4550   -1421.3695  0.6948 
   00165    0.4750   -1419.4112  0.6946 
   00166    0.4200   -1417.8522  0.6924 
   00167    0.4775   -1422.4181  0.6929 
   00168    0.4725   -1423.4345  0.6936 
   00169    0.4275   -1424.3093  0.6954 
   00170    0.4600   -1420.7129  0.6948 
   00171    0.4900   -1419.8644  0.6979 
   00172    0.4550   -1424.3868  0.7012 
   00173    0.4675   -1425.4429  0.7000 
   00174    0.4300   -1424.3395  0.7001 
   00175    0.4925   -1427.5929  0.7006 
   00176    0.5000   -1424.3436  0.7000 
   00177    0.4700   -1427.7040  0.7008 
   00178    0.4475   -1428.9681  0.7003 
   00179    0.4500   -1429.4336  0.7026 
   00180    0.4650   -1423.9719  0.7004 
   00181    0.4975   -1422.5534  0.7002 
   00182    0.5000   -1423.5498  0.7024 
   00183    0.4850   -1421.4510  0.7026 
   00184    0.4975   -1425.2249  0.7062 
   00185    0.4900   -1421.5971  0.7035 
   00186    0.4800   -1422.5432  0.7003 
   00187    0.5200   -1427.8638  0.7027 
   00188    0.4700   -1430.6382  0.7047 
   00189    0.4800   -1427.6221  0.7055 
   00190    0.4450   -1426.1795  0.7082 
   00191    0.4700   -1423.3747  0.7072 
   00192    0.4475   -1424.4187  0.7087 
   00193    0.4850   -1427.4491  0.7087 
   00194    0.5100   -1430.3602  0.7076 
   00195    0.4350   -1427.3569  0.7013 
   00196    0.4625   -1431.6113  0.7018 
   00197    0.4900   -1430.1892  0.7055 
   00198    0.4725   -1428.2693  0.7088 
   00199    0.4700   -1431.0921  0.7069 
   00200    0.4675   -1435.1003  0.7100 
   00201    0.4875   -1436.0432  0.7105 
   00202    0.4775   -1432.1723  0.7115 
   00203    0.5125   -1432.7737  0.7154 
   00204    0.5025   -1433.3469  0.7147 
   00205    0.5025   -1435.6012  0.7168 
   00206    0.4725   -1434.1404  0.7195 
   00207    0.5150   -1433.3347  0.7195 
   00208    0.5000   -1432.7108  0.7188 
   00209    0.4725   -1431.2263  0.7191 
   00210    0.4700   -1436.4561  0.7231 
   00211    0.4700   -1438.9443  0.7236 
   00212    0.4750   -1443.4050  0.7258 
   00213    0.4800   -1441.7097  0.7266 
   00214    0.5200   -1438.3227  0.7251 
   00215    0.4925   -1435.9055  0.7216 
   00216    0.5050   -1438.9842  0.7194 
   00217    0.4575   -1442.7908  0.7212 
   00218    0.5250   -1441.9690  0.7216 
   00219    0.4825   -1442.6660  0.7239 
   00220    0.4875   -1443.6050  0.7234 
   00221    0.4875   -1443.8508  0.7239 
   00222    0.4300   -1439.7886  0.7256 
   00223    0.4450   -1444.0320  0.7258 
   00224    0.5200   -1441.3336  0.7256 
   00225    0.4550   -1437.8267  0.7243 
   00226    0.4425   -1439.2251  0.7270 
   00227    0.4750   -1439.3403  0.7261 
   00228    0.4350   -1442.2916  0.7292 
   00229    0.5200   -1448.2409  0.7315 
   00230    0.4450   -1449.4262  0.7315 
   00231    0.4700   -1449.2821  0.7307 
   00232    0.4600   -1448.1489  0.7286 
   00233    0.4925   -1447.9441  0.7293 
   00234    0.4700   -1445.6359  0.7286 
   00235    0.4475   -1440.9099  0.7291 
   00236    0.4525   -1440.4276  0.7292 
   00237    0.4400   -1438.8437  0.7286 
   00238    0.4750   -1440.9691  0.7308 
   00239    0.4700   -1439.9117  0.7314 
   00240    0.4900   -1441.2615  0.7310 
   00241    0.4750   -1438.0216  0.7290 
   00242    0.4900   -1440.1728  0.7308 
   00243    0.4700   -1442.1683  0.7298 
   00244    0.3975   -1441.4844  0.7314 
   00245    0.4575   -1445.4684  0.7354 
   00246    0.5050   -1443.1847  0.7350 
   00247    0.4575   -1441.7838  0.7379 
   00248    0.4950   -1448.6895  0.7396 
   00249    0.5500   -1453.6601  0.7411 
   00250    0.4550   -1454.6887  0.7409 
   00251    0.4425   -1456.5932  0.7401 
   00252    0.4700   -1461.5433  0.7438 
   00253    0.4750   -1460.3576  0.7445 
   00254    0.4875   -1459.8901  0.7460 
   00255    0.4700   -1458.0182  0.7448 
   00256    0.4600   -1457.7327  0.7464 
   00257    0.4875   -1454.6329  0.7480 
   00258    0.4850   -1451.8179  0.7492 
   00259    0.4650   -1447.4350  0.7481 
   00260    0.5000   -1445.1415  0.7454 
   00261    0.4650   -1451.5472  0.7466 
   00262    0.4600   -1448.3822  0.7462 
   00263    0.4525   -1447.8484  0.7482 
   00264    0.4700   -1448.7873  0.7483 
   00265    0.4600   -1447.8129  0.7460 
   00266    0.4575   -1447.8154  0.7464 
   00267    0.4725   -1451.8249  0.7501 
   00268    0.4600   -1452.5792  0.7516 
   00269    0.5175   -1454.3139  0.7546 
   00270    0.5250   -1457.5132  0.7565 
   00271    0.4550   -1459.3514  0.7581 
   00272    0.4300   -1458.5910  0.7581 
   00273    0.4350   -1464.3183  0.7565 
   00274    0.4575   -1465.0102  0.7550 
   00275    0.4600   -1467.0056  0.7567 
   00276    0.4625   -1466.0098  0.7578 
   00277    0.5000   -1465.3122  0.7625 
   00278    0.4950   -1467.7836  0.7626 
   00279    0.4550   -1469.6552  0.7626 
   00280    0.5150   -1465.5316  0.7634 
   00281    0.5075   -1462.8198  0.7615 
   00282    0.3875   -1463.1973  0.7632 
   00283    0.4800   -1465.2015  0.7661 
   00284    0.4550   -1466.3863  0.7646 
   00285    0.4825   -1466.4563  0.7663 
   00286    0.4600   -1467.0845  0.7679 
   00287    0.4800   -1467.4444  0.7694 
   00288    0.4550   -1471.9599  0.7680 
   00289    0.4750   -1473.0735  0.7697 
   00290    0.4900   -1471.5833  0.7686 
   00291    0.4900   -1471.2952  0.7685 
   00292    0.4700   -1469.7259  0.7725 
   00293    0.4700   -1469.0499  0.7735 
   00294    0.4700   -1471.9300  0.7753 
   00295    0.4850   -1468.1642  0.7743 
   00296    0.4625   -1469.6869  0.7771 
   00297    0.4700   -1468.9959  0.7760 
   00298    0.4950   -1466.5747  0.7762 
   00299    0.4725   -1466.7515  0.7748 
   00300    0.4700   -1470.8384  0.7779 
   00301    0.4850   -1466.7454  0.7761 
   00302    0.4275   -1466.2518  0.7744 
   00303    0.4825   -1468.7623  0.7762 
   00304    0.4875   -1467.1700  0.7798 
   00305    0.4875   -1467.1600  0.7779 
   00306    0.4375   -1466.9557  0.7821 
   00307    0.4725   -1471.7667  0.7836 
   00308    0.4525   -1470.0840  0.7790 
   00309    0.4575   -1471.1879  0.7797 
   00310    0.4375   -1473.9449  0.7801 
   00311    0.4600   -1471.0014  0.7797 
   00312    0.4725   -1471.2924  0.7812 
   00313    0.5150   -1470.1386  0.7824 
   00314    0.4800   -1475.1916  0.7816 
   00315    0.4650   -1470.7716  0.7833 
   00316    0.4700   -1471.4462  0.7848 
   00317    0.4500   -1473.5495  0.7856 
   00318    0.4350   -1473.4744  0.7871 
   00319    0.4575   -1479.2452  0.7901 
   00320    0.4425   -1477.4369  0.7857 
   00321    0.4875   -1479.7705  0.7807 
   00322    0.5100   -1477.6595  0.7828 
   00323    0.4650   -1477.1476  0.7832 
   00324    0.4700   -1475.0834  0.7815 
   00325    0.4950   -1478.0896  0.7833 
   00326    0.4250   -1478.5207  0.7903 
   00327    0.4725   -1477.5123  0.7890 
   00328    0.4550   -1476.7347  0.7870 
   00329    0.4675   -1475.8806  0.7855 
   00330    0.4375   -1476.8494  0.7837 
   00331    0.4500   -1476.1609  0.7848 
   00332    0.4825   -1474.0624  0.7811 
   00333    0.4500   -1476.0871  0.7836 
   00334    0.4425   -1476.0445  0.7842 
   00335    0.4850   -1475.2236  0.7853 
   00336    0.4725   -1472.3369  0.7868 
   00337    0.4575   -1473.6568  0.7896 
   00338    0.4850   -1473.1015  0.7937 
   00339    0.4375   -1473.6865  0.7929 
   00340    0.4675   -1471.0897  0.7931 
   00341    0.4825   -1471.5209  0.7944 
   00342    0.4675   -1470.2147  0.7934 
   00343    0.4225   -1469.5793  0.7914 
   00344    0.4775   -1469.7751  0.7936 
   00345    0.4700   -1466.8206  0.7926 
   00346    0.4600   -1466.3462  0.7924 
   00347    0.4550   -1464.3733  0.7890 
   00348    0.4450   -1465.4736  0.7920 
   00349    0.4550   -1469.2115  0.7928 
   00350    0.4825   -1472.0720  0.7932 
   00351    0.4500   -1472.9015  0.7940 
   00352    0.4550   -1472.1325  0.7957 
   00353    0.4425   -1472.1770  0.7993 
   00354    0.4700   -1470.8863  0.8028 
   00355    0.4300   -1471.8679  0.8030 
   00356    0.5000   -1471.8715  0.8019 
   00357    0.4775   -1472.5676  0.8008 
   00358    0.4875   -1472.5289  0.7996 
   00359    0.4475   -1476.1404  0.8035 
   00360    0.4925   -1479.2578  0.8029 
   00361    0.4575   -1479.0413  0.8051 
   00362    0.4275   -1477.9442  0.8055 
   00363    0.5050   -1479.5727  0.8054 
   00364    0.5025   -1484.3443  0.8086 
   00365    0.4700   -1484.9468  0.8080 
   00366    0.4725   -1482.8916  0.8086 
   00367    0.4700   -1479.6101  0.8082 
   00368    0.4675   -1478.3176  0.8075 
   00369    0.4750   -1478.5401  0.8095 
   00370    0.4775   -1482.6716  0.8104 
   00371    0.4500   -1482.0418  0.8097 
   00372    0.4400   -1480.4614  0.8114 
   00373    0.4900   -1480.3594  0.8092 
   00374    0.4575   -1479.9955  0.8096 
   00375    0.4300   -1479.2683  0.8121 
   00376    0.4625   -1481.6418  0.8138 
   00377    0.4800   -1479.7383  0.8099 
   00378    0.4550   -1482.3178  0.8122 
   00379    0.4825   -1482.3212  0.8122 
   00380    0.4675   -1483.2085  0.8141 
   00381    0.4925   -1484.2683  0.8143 
   00382    0.4825   -1485.3275  0.8153 
   00383    0.4200   -1482.2514  0.8159 
   00384    0.4425   -1483.9745  0.8165 
   00385    0.4550   -1487.0322  0.8159 
   00386    0.4625   -1487.2196  0.8172 
   00387    0.4575   -1486.8462  0.8178 
   00388    0.4525   -1486.5232  0.8178 
   00389    0.4925   -1485.8270  0.8152 
   00390    0.5000   -1482.3475  0.8168 
   00391    0.4225   -1482.3359  0.8170 
   00392    0.4775   -1483.4594  0.8176 
   00393    0.4775   -1484.3973  0.8168 
   00394    0.4950   -1486.0678  0.8204 
   00395    0.5150   -1489.6861  0.8227 
   00396    0.4275   -1488.2567  0.8242 
   00397    0.4450   -1488.2337  0.8255 
   00398    0.4625   -1489.3027  0.8281 
   00399    0.4675   -1488.4744  0.8301 
   00400    0.4625   -1480.9249  0.8262 
   00401    0.4725   -1483.6011  0.8268 
   00402    0.4700   -1483.5105  0.8243 
   00403    0.4600   -1483.4300  0.8232 
   00404    0.4725   -1482.2010  0.8227 
   00405    0.4275   -1481.6057  0.8222 
   00406    0.4950   -1480.7247  0.8226 
   00407    0.5025   -1481.4370  0.8243 
   00408    0.4400   -1481.4086  0.8242 
   00409    0.4475   -1481.3277  0.8232 
   00410    0.4525   -1477.9775  0.8213 
   00411    0.4300   -1477.0791  0.8236 
   00412    0.4500   -1478.8796  0.8244 
   00413    0.4400   -1481.8754  0.8266 
   00414    0.5300   -1482.4592  0.8273 
   00415    0.4300   -1482.6913  0.8284 
   00416    0.4875   -1484.0640  0.8297 
   00417    0.4550   -1481.8657  0.8308 
   00418    0.4625   -1478.8882  0.8332 
   00419    0.4875   -1480.7096  0.8355 
   00420    0.4550   -1478.1512  0.8336 
   00421    0.5125   -1479.4736  0.8339 
   00422    0.4775   -1484.2538  0.8333 
   00423    0.4450   -1481.9100  0.8324 
   00424    0.4525   -1483.3027  0.8304 
   00425    0.4000   -1481.6226  0.8294 
   00426    0.4550   -1486.6037  0.8279 
   00427    0.4800   -1485.2096  0.8265 
   00428    0.4925   -1487.7864  0.8291 
   00429    0.4775   -1488.7411  0.8330 
   00430    0.4775   -1486.6745  0.8326 
   00431    0.4475   -1486.5078  0.8320 
   00432    0.4800   -1486.7986  0.8353 
   00433    0.4350   -1490.8435  0.8342 
   00434    0.5100   -1492.9007  0.8335 
   00435    0.5375   -1491.6273  0.8325 
   00436    0.4925   -1493.8018  0.8347 
   00437    0.4025   -1492.1337  0.8317 
   00438    0.4875   -1490.6312  0.8320 
   00439    0.4825   -1488.8281  0.8307 
   00440    0.4500   -1490.0482  0.8304 
   00441    0.4450   -1493.2393  0.8349 
   00442    0.4975   -1490.2200  0.8352 
   00443    0.4850   -1490.5639  0.8332 
   00444    0.5075   -1491.2527  0.8348 
   00445    0.4950   -1486.1074  0.8370 
   00446    0.4625   -1483.2306  0.8382 
   00447    0.4700   -1478.7286  0.8353 
   00448    0.4500   -1477.7127  0.8350 
   00449    0.4950   -1480.3013  0.8367 
   00450    0.4575   -1480.9742  0.8382 
   00451    0.4575   -1484.4194  0.8379 
   00452    0.4750   -1484.2991  0.8406 
   00453    0.4675   -1485.4987  0.8391 
   00454    0.5300   -1486.6985  0.8384 
   00455    0.4975   -1482.4772  0.8382 
   00456    0.4925   -1482.4541  0.8389 
   00457    0.4600   -1483.7081  0.8392 
   00458    0.4775   -1484.5561  0.8403 
   00459    0.4175   -1489.1452  0.8448 
   00460    0.4450   -1488.1529  0.8432 
   00461    0.4625   -1486.3951  0.8432 
   00462    0.4850   -1481.8216  0.8412 
   00463    0.4850   -1479.3323  0.8418 
   00464    0.4825   -1477.7137  0.8422 
   00465    0.5175   -1476.0273  0.8425 
   00466    0.4675   -1479.0273  0.8430 
   00467    0.4650   -1480.9473  0.8456 
   00468    0.4375   -1478.2063  0.8453 
   00469    0.4700   -1474.0660  0.8439 
   00470    0.4500   -1472.3911  0.8460 
   00471    0.4675   -1471.0915  0.8444 
   00472    0.4950   -1473.1714  0.8457 
   00473    0.4575   -1470.6350  0.8500 
   00474    0.4700   -1474.3183  0.8490 
   00475    0.4925   -1478.1534  0.8517 
   00476    0.4475   -1480.7321  0.8539 
   00477    0.4400   -1479.8836  0.8480 
   00478    0.4575   -1478.7313  0.8487 
   00479    0.4950   -1478.9411  0.8473 
   00480    0.4725   -1479.1359  0.8463 
   00481    0.4375   -1481.7985  0.8475 
   00482    0.4825   -1478.1300  0.8471 
   00483    0.4475   -1476.8796  0.8462 
   00484    0.4875   -1478.3636  0.8454 
   00485    0.5375   -1474.5708  0.8420 
   00486    0.4875   -1475.0057  0.8445 
   00487    0.4475   -1476.7429  0.8452 
   00488    0.4400   -1476.6756  0.8477 
   00489    0.4675   -1475.2340  0.8484 
   00490    0.4600   -1477.6957  0.8486 
   00491    0.4500   -1479.5184  0.8490 
   00492    0.4625   -1483.1135  0.8486 
   00493    0.4600   -1483.1529  0.8479 
   00494    0.5075   -1484.3597  0.8458 
   00495    0.5150   -1484.1945  0.8498 
   00496    0.4700   -1486.8387  0.8506 
   00497    0.4875   -1485.9369  0.8481 
   00498    0.4925   -1483.2450  0.8474 
   00499    0.4125   -1485.5790  0.8475 
   00500    0.4700   -1484.1678  0.8480 
   00501    0.4775   -1483.1014  0.8471 
   00502    0.4500   -1482.9252  0.8471 
   00503    0.4975   -1480.8623  0.8466 
   00504    0.4450   -1480.0469  0.8451 
   00505    0.4300   -1482.7618  0.8426 
   00506    0.4300   -1483.4748  0.8473 
   00507    0.4850   -1484.4812  0.8483 
   00508    0.4900   -1483.9659  0.8468 
   00509    0.4250   -1481.9563  0.8457 
   00510    0.4600   -1482.8602  0.8481 
   00511    0.4350   -1482.4224  0.8488 
   00512    0.4650   -1485.5651  0.8494 
   00513    0.4450   -1485.4507  0.8509 
   00514    0.4775   -1488.3206  0.8519 
   00515    0.4450   -1490.7969  0.8588 
   00516    0.4450   -1492.5157  0.8610 
   00517    0.4550   -1491.5466  0.8596 
   00518    0.4525   -1494.0739  0.8629 
   00519    0.5000   -1491.8465  0.8604 
   00520    0.4200   -1491.2886  0.8611 
   00521    0.4750   -1491.9861  0.8621 
   00522    0.4725   -1491.6857  0.8656 
   00523    0.4525   -1491.6198  0.8668 
   00524    0.5225   -1490.2128  0.8683 
   00525    0.4400   -1488.0699  0.8703 
   00526    0.5175   -1487.1793  0.8708 
   00527    0.4525   -1486.3718  0.8699 
   00528    0.4575   -1489.0161  0.8726 
   00529    0.4225   -1490.8653  0.8740 
   00530    0.4875   -1492.6039  0.8759 
   00531    0.5000   -1495.9943  0.8769 
   00532    0.4625   -1498.9927  0.8784 
   00533    0.4650   -1498.2502  0.8764 
   00534    0.5250   -1500.9856  0.8781 
   00535    0.4375   -1500.5799  0.8785 
   00536    0.4800   -1497.6752  0.8786 
   00537    0.4925   -1497.2466  0.8786 
   00538    0.4150   -1497.6734  0.8791 
   00539    0.5200   -1501.3841  0.8796 
   00540    0.4725   -1501.3863  0.8789 
   00541    0.4450   -1503.1933  0.8785 
   00542    0.4950   -1498.4126  0.8800 
   00543    0.4600   -1499.2443  0.8804 
   00544    0.4600   -1500.4843  0.8798 
   00545    0.4375   -1498.6412  0.8810 
   00546    0.4475   -1497.4420  0.8823 
   00547    0.4350   -1498.6747  0.8828 
   00548    0.4725   -1495.9573  0.8802 
   00549    0.4375   -1496.4860  0.8800 
   00550    0.4825   -1495.8360  0.8807 
   00551    0.4475   -1496.1114  0.8802 
   00552    0.4850   -1493.8783  0.8794 
   00553    0.4575   -1492.8475  0.8810 
   00554    0.4925   -1493.1780  0.8824 
   00555    0.5250   -1492.2051  0.8824 
   00556    0.5075   -1491.3212  0.8830 
   00557    0.4525   -1493.3836  0.8840 
   00558    0.4400   -1493.5716  0.8846 
   00559    0.4850   -1493.1284  0.8848 
   00560    0.4725   -1490.5774  0.8865 
   00561    0.5350   -1491.4721  0.8844 
   00562    0.4400   -1490.5961  0.8842 
   00563    0.4600   -1492.4896  0.8812 
   00564    0.5000   -1493.3829  0.8808 
   00565    0.4500   -1494.9975  0.8798 
   00566    0.4800   -1496.8623  0.8799 
   00567    0.4525   -1499.1572  0.8763 
   00568    0.4250   -1500.2335  0.8781 
   00569    0.4750   -1501.0864  0.8799 
   00570    0.4650   -1499.7661  0.8790 
   00571    0.4725   -1497.7198  0.8800 
   00572    0.5050   -1499.1987  0.8791 
   00573    0.4475   -1497.6583  0.8781 
   00574    0.4550   -1495.4541  0.8765 
   00575    0.4200   -1495.7714  0.8774 
   00576    0.4525   -1496.8972  0.8738 
   00577    0.5025   -1495.0514  0.8730 
   00578    0.4575   -1493.4762  0.8717 
   00579    0.4850   -1492.8883  0.8727 
   00580    0.5125   -1491.2485  0.8715 
   00581    0.4875   -1491.5069  0.8718 
   00582    0.5150   -1493.9529  0.8709 
   00583    0.4725   -1495.3999  0.8695 
   00584    0.4650   -1496.5235  0.8697 
   00585    0.4675   -1496.8869  0.8718 
   00586    0.4150   -1494.8030  0.8684 
   00587    0.5150   -1496.1861  0.8695 
   00588    0.4825   -1496.2981  0.8700 
   00589    0.4925   -1496.5509  0.8679 
   00590    0.4850   -1494.1935  0.8689 
   00591    0.4400   -1488.7645  0.8686 
   00592    0.4825   -1486.2045  0.8693 
   00593    0.4425   -1488.6863  0.8694 
   00594    0.4725   -1487.1098  0.8712 
   00595    0.4500   -1489.9271  0.8722 
   00596    0.4275   -1489.8368  0.8731 
   00597    0.4725   -1489.7619  0.8740 
   00598    0.4200   -1492.0026  0.8728 
   00599    0.4800   -1490.0343  0.8735 
   00600    0.4525   -1487.8357  0.8696 
   00601    0.4450   -1486.5022  0.8678 
   00602    0.4700   -1485.4735  0.8665 
   00603    0.4975   -1483.9130  0.8667 
   00604    0.4625   -1486.0058  0.8674 
   00605    0.5225   -1487.5194  0.8670 
   00606    0.4950   -1486.6945  0.8693 
   00607    0.4800   -1489.4976  0.8723 
   00608    0.4775   -1491.8852  0.8721 
   00609    0.4550   -1493.1921  0.8740 
   00610    0.4250   -1494.6760  0.8724 
   00611    0.4550   -1492.5261  0.8743 
   00612    0.4800   -1492.9580  0.8753 
   00613    0.4675   -1496.2109  0.8773 
   00614    0.4675   -1496.2678  0.8775 
   00615    0.4825   -1492.5390  0.8769 
   00616    0.4675   -1494.1949  0.8758 
   00617    0.4875   -1490.0906  0.8753 
   00618    0.4700   -1489.1158  0.8762 
   00619    0.4175   -1490.8237  0.8766 
   00620    0.4800   -1491.0099  0.8785 
   00621    0.4650   -1488.2622  0.8761 
   00622    0.4525   -1489.4959  0.8753 
   00623    0.4825   -1491.4179  0.8739 
   00624    0.4700   -1497.0024  0.8773 
   00625    0.4675   -1499.6976  0.8786 
   00626    0.4350   -1498.2431  0.8786 
   00627    0.4625   -1498.3047  0.8810 
   00628    0.4550   -1495.7249  0.8818 
   00629    0.4500   -1495.6524  0.8768 
   00630    0.4625   -1496.5458  0.8801 
   00631    0.5400   -1493.2716  0.8798 
   00632    0.4250   -1493.9500  0.8791 
   00633    0.4900   -1496.1820  0.8801 
   00634    0.4975   -1498.5135  0.8821 
   00635    0.5150   -1494.4261  0.8810 
   00636    0.4525   -1494.6792  0.8781 
   00637    0.4475   -1496.6460  0.8789 
   00638    0.4725   -1493.7054  0.8781 
   00639    0.4550   -1493.8005  0.8781 
   00640    0.5025   -1491.7758  0.8781 
   00641    0.4600   -1492.9847  0.8787 
   00642    0.5100   -1495.4861  0.8775 
   00643    0.4700   -1494.0886  0.8752 
   00644    0.4500   -1491.0845  0.8729 
   00645    0.4800   -1491.9781  0.8728 
   00646    0.4750   -1491.0234  0.8704 
   00647    0.4800   -1492.8094  0.8681 
   00648    0.4600   -1492.2204  0.8678 
   00649    0.4575   -1493.8246  0.8684 
   00650    0.4375   -1493.2503  0.8694 
   00651    0.4475   -1491.7528  0.8681 
   00652    0.4525   -1493.1610  0.8719 
   00653    0.4875   -1493.3640  0.8746 
   00654    0.4625   -1493.9731  0.8760 
   00655    0.4700   -1493.5799  0.8760 
   00656    0.4700   -1492.4958  0.8754 
   00657    0.4750   -1496.4916  0.8796 
   00658    0.4400   -1499.1963  0.8814 
   00659    0.4725   -1496.7720  0.8821 
   00660    0.4550   -1493.3540  0.8803 
   00661    0.4800   -1490.4227  0.8801 
   00662    0.4800   -1488.6721  0.8782 
   00663    0.4550   -1486.9460  0.8782 
   00664    0.4500   -1487.2082  0.8792 
   00665    0.4800   -1488.0710  0.8780 
   00666    0.4600   -1490.2008  0.8802 
   00667    0.4775   -1489.0925  0.8802 
   00668    0.4625   -1488.9394  0.8806 
   00669    0.4975   -1491.8340  0.8820 
   00670    0.4475   -1494.6919  0.8829 
   00671    0.4725   -1496.0848  0.8823 
   00672    0.4450   -1496.0389  0.8826 
   00673    0.4375   -1498.2847  0.8822 
   00674    0.4525   -1496.4238  0.8826 
   00675    0.4300   -1495.4523  0.8826 
   00676    0.5125   -1494.3820  0.8824 
   00677    0.4700   -1497.5116  0.8831 
   00678    0.4950   -1497.3458  0.8857 
   00679    0.4875   -1496.8989  0.8859 
   00680    0.4725   -1495.2235  0.8844 
   00681    0.4950   -1499.3390  0.8854 
   00682    0.4875   -1501.8018  0.8872 
   00683    0.4550   -1497.6454  0.8860 
   00684    0.4850   -1494.2046  0.8863 
   00685    0.4325   -1495.3746  0.8890 
   00686    0.4475   -1496.2311  0.8880 
   00687    0.4150   -1494.5257  0.8881 
   00688    0.4650   -1495.8733  0.8890 
   00689    0.4575   -1497.8487  0.8909 
   00690    0.4575   -1495.3512  0.8908 
   00691    0.4525   -1496.1228  0.8916 
   00692    0.4550   -1494.4158  0.8918 
   00693    0.4550   -1498.0145  0.8954 
   00694    0.4700   -1500.4365  0.8985 
   00695    0.4825   -1499.7735  0.8993 
   00696    0.4700   -1499.8631  0.8960 
   00697    0.4775   -1496.6761  0.8954 
   00698    0.4475   -1493.1701  0.8958 
   00699    0.4800   -1491.9014  0.8945 
   00700    0.4550   -1494.4009  0.8960 
   00701    0.4225   -1495.6995  0.8975 
   00702    0.4675   -1495.6665  0.8987 
   00703    0.4900   -1494.6757  0.8950 
   00704    0.4250   -1495.1866  0.8953 
   00705    0.4975   -1495.5995  0.8959 
   00706    0.5275   -1492.7405  0.8930 
   00707    0.4550   -1494.0783  0.8934 
   00708    0.4650   -1495.8722  0.8954 
   00709    0.4175   -1496.0763  0.8943 
   00710    0.4475   -1496.6273  0.8945 
   00711    0.5175   -1497.3542  0.8944 
   00712    0.4850   -1495.7046  0.8971 
   00713    0.5000   -1495.3946  0.8976 
   00714    0.4550   -1494.3269  0.8969 
   00715    0.4825   -1493.7562  0.8939 
   00716    0.4800   -1495.5520  0.8976 
   00717    0.4825   -1494.3736  0.8990 
   00718    0.4675   -1498.7682  0.9022 
   00719    0.5000   -1497.1639  0.9007 
   00720    0.4525   -1499.5835  0.9034 
   00721    0.4575   -1499.4251  0.9026 
   00722    0.5000   -1499.4363  0.9031 
   00723    0.4700   -1498.6355  0.9051 
   00724    0.5200   -1498.9803  0.9054 
   00725    0.4900   -1498.7075  0.9051 
   00726    0.4275   -1498.6633  0.9038 
   00727    0.4500   -1500.7273  0.9050 
   00728    0.4350   -1501.9830  0.9060 
   00729    0.4725   -1501.7510  0.9074 
   00730    0.4600   -1503.8004  0.9077 
   00731    0.4575   -1505.4911  0.9077 
   00732    0.4725   -1508.5168  0.9103 
   00733    0.4500   -1508.2168  0.9099 
   00734    0.4900   -1509.2759  0.9113 
   00735    0.4950   -1510.2146  0.9130 
   00736    0.4400   -1509.3253  0.9110 
   00737    0.4350   -1505.9903  0.9103 
   00738    0.4650   -1504.7332  0.9094 
   00739    0.4700   -1504.3426  0.9082 
   00740    0.4450   -1504.2265  0.9086 
   00741    0.4575   -1504.2023  0.9103 
   00742    0.4625   -1504.0501  0.9108 
   00743    0.4775   -1503.3232  0.9094 
   00744    0.4650   -1502.9323  0.9096 
   00745    0.4650   -1502.0250  0.9087 
   00746    0.4900   -1502.8527  0.9092 
   00747    0.4800   -1504.4294  0.9098 
   00748    0.4650   -1503.0670  0.9102 
   00749    0.4475   -1503.7041  0.9110 
   00750    0.4350   -1504.8409  0.9110 
   00751    0.4275   -1504.8869  0.9097 
   00752    0.4600   -1505.2655  0.9106 
   00753    0.4400   -1508.3950  0.9138 
   00754    0.4450   -1507.7008  0.9129 
   00755    0.4525   -1508.8488  0.9155 
   00756    0.4800   -1506.8465  0.9144 
   00757    0.4550   -1506.0233  0.9152 
   00758    0.4575   -1503.4799  0.9153 
   00759    0.4600   -1499.9430  0.9130 
   00760    0.4625   -1496.8570  0.9123 
   00761    0.4500   -1496.4927  0.9122 
   00762    0.4675   -1493.4432  0.9106 
   00763    0.5050   -1490.3789  0.9073 
   00764    0.4550   -1488.4646  0.9059 
   00765    0.4475   -1491.9216  0.9057 
   00766    0.4675   -1494.5228  0.9069 
   00767    0.4700   -1496.0110  0.9078 
   00768    0.5025   -1500.0705  0.9115 
   00769    0.4650   -1499.0772  0.9114 
   00770    0.4400   -1503.7421  0.9126 
   00771    0.4850   -1508.1601  0.9160 
   00772    0.4725   -1507.4702  0.9167 
   00773    0.4600   -1507.0020  0.9160 
   00774    0.4825   -1506.8497  0.9158 
   00775    0.4325   -1509.2526  0.9186 
   00776    0.4800   -1508.2522  0.9171 
   00777    0.4675   -1509.6169  0.9184 
   00778    0.4250   -1510.0344  0.9198 
   00779    0.4875   -1505.8662  0.9186 
   00780    0.4925   -1506.3292  0.9171 
   00781    0.4550   -1509.2840  0.9178 
   00782    0.4675   -1507.5730  0.9162 
   00783    0.4725   -1509.3816  0.9191 
   00784    0.5025   -1508.8328  0.9200 
   00785    0.4725   -1507.9636  0.9190 
   00786    0.4475   -1506.3111  0.9182 
   00787    0.4775   -1508.4812  0.9202 
   00788    0.4350   -1512.0518  0.9224 
   00789    0.4100   -1513.2800  0.9225 
   00790    0.4600   -1513.2557  0.9254 
   00791    0.4150   -1515.2703  0.9267 
   00792    0.4875   -1514.5386  0.9256 
   00793    0.4550   -1514.3787  0.9267 
   00794    0.4125   -1515.1767  0.9279 
   00795    0.4450   -1512.8423  0.9287 
   00796    0.5050   -1515.1058  0.9271 
   00797    0.4650   -1512.3603  0.9264 
   00798    0.5050   -1509.1388  0.9272 
   00799    0.4375   -1512.6368  0.9291 
   00800    0.4575   -1514.4162  0.9301 
   00801    0.4625   -1515.8397  0.9295 
   00802    0.4325   -1513.9100  0.9301 
   00803    0.4575   -1514.3260  0.9283 
   00804    0.4525   -1511.8524  0.9286 
   00805    0.4500   -1513.4670  0.9287 
   00806    0.4700   -1515.0196  0.9278 
   00807    0.4500   -1512.6092  0.9282 
   00808    0.4425   -1509.9587  0.9292 
   00809    0.4400   -1509.5836  0.9304 
   00810    0.5025   -1507.3299  0.9276 
   00811    0.4475   -1504.9631  0.9284 
   00812    0.4525   -1507.4188  0.9277 
   00813    0.4375   -1506.8371  0.9263 
   00814    0.4500   -1505.0157  0.9248 
   00815    0.4225   -1506.5192  0.9263 
   00816    0.4525   -1506.3368  0.9269 
   00817    0.4850   -1511.9523  0.9293 
   00818    0.4550   -1515.3166  0.9304 
   00819    0.4650   -1517.9370  0.9302 
   00820    0.4825   -1515.5520  0.9325 
   00821    0.4425   -1514.9689  0.9323 
   00822    0.4625   -1514.3831  0.9324 
   00823    0.4325   -1514.1352  0.9314 
   00824    0.4075   -1514.6833  0.9305 
   00825    0.4550   -1511.4782  0.9298 
   00826    0.4875   -1510.7379  0.9291 
   00827    0.4425   -1511.5121  0.9293 
   00828    0.4450   -1510.5553  0.9298 
   00829    0.4825   -1510.5616  0.9298 
   00830    0.4375   -1512.1279  0.9287 
   00831    0.4325   -1511.8276  0.9285 
   00832    0.4850   -1512.7832  0.9272 
   00833    0.4675   -1512.9469  0.9279 
   00834    0.4300   -1516.0501  0.9279 
   00835    0.4325   -1516.9565  0.9278 
   00836    0.4825   -1521.4344  0.9306 
   00837    0.4900   -1519.8474  0.9307 
   00838    0.5175   -1519.1226  0.9315 
   00839    0.4600   -1520.1304  0.9328 
   00840    0.4700   -1516.5332  0.9336 
   00841    0.4450   -1516.1532  0.9342 
   00842    0.4750   -1518.3747  0.9357 
   00843    0.4400   -1523.0875  0.9380 
   00844    0.4450   -1522.3932  0.9390 
   00845    0.4825   -1522.0870  0.9401 
   00846    0.4425   -1522.0138  0.9404 
   00847    0.5000   -1519.2162  0.9404 
   00848    0.4675   -1517.5207  0.9386 
   00849    0.5250   -1513.8048  0.9379 
   00850    0.4450   -1517.4216  0.9379 
   00851    0.4900   -1515.5837  0.9371 
   00852    0.4550   -1516.4641  0.9363 
   00853    0.4250   -1517.7349  0.9364 
   00854    0.4700   -1518.3332  0.9352 
   00855    0.4550   -1513.6320  0.9339 
   00856    0.4625   -1513.7850  0.9332 
   00857    0.4300   -1514.1757  0.9354 
   00858    0.4575   -1514.1403  0.9335 
   00859    0.4775   -1515.6481  0.9346 
   00860    0.4375   -1515.7045  0.9354 
   00861    0.5050   -1517.7029  0.9357 
   00862    0.4900   -1520.7999  0.9381 
   00863    0.4775   -1520.0416  0.9369 
   00864    0.5000   -1517.1430  0.9361 
   00865    0.4500   -1518.4933  0.9358 
   00866    0.4200   -1518.3889  0.9347 
   00867    0.4475   -1516.3457  0.9356 
   00868    0.4475   -1517.7938  0.9347 
   00869    0.4300   -1517.6939  0.9356 
   00870    0.4550   -1517.5018  0.9348 
   00871    0.4925   -1518.1846  0.9349 
   00872    0.5075   -1522.7046  0.9372 
   00873    0.4700   -1523.7812  0.9359 
   00874    0.4350   -1524.6097  0.9360 
   00875    0.4575   -1523.6895  0.9368 
   00876    0.4475   -1522.4076  0.9368 
   00877    0.4775   -1525.9535  0.9398 
   00878    0.4725   -1522.6363  0.9378 
   00879    0.4575   -1519.7047  0.9370 
   00880    0.4725   -1518.0585  0.9353 
   00881    0.4550   -1517.3704  0.9340 
   00882    0.4900   -1519.5118  0.9359 
   00883    0.4900   -1518.2533  0.9379 
   00884    0.4825   -1514.9288  0.9388 
   00885    0.4450   -1513.0709  0.9387 
   00886    0.4750   -1516.1089  0.9389 
   00887    0.4825   -1518.8620  0.9379 
   00888    0.4275   -1518.4357  0.9377 
   00889    0.4475   -1515.6750  0.9368 
   00890    0.4150   -1514.7789  0.9368 
   00891    0.4175   -1516.0185  0.9355 
   00892    0.4150   -1514.6919  0.9361 
   00893    0.4675   -1517.3519  0.9383 
   00894    0.4625   -1517.4060  0.9406 
   00895    0.4700   -1516.3321  0.9390 
   00896    0.4275   -1515.7132  0.9385 
   00897    0.4850   -1511.7702  0.9386 
   00898    0.4625   -1513.2535  0.9390 
   00899    0.4850   -1516.4294  0.9389 
   00900    0.4275   -1515.4948  0.9387 
   00901    0.4675   -1514.2232  0.9358 
   00902    0.4775   -1513.0742  0.9373 
   00903    0.4400   -1511.8616  0.9374 
   00904    0.4625   -1511.8005  0.9370 
   00905    0.4750   -1509.9858  0.9357 
   00906    0.4925   -1510.8047  0.9344 
   00907    0.4925   -1513.5719  0.9352 
   00908    0.4325   -1512.6038  0.9349 
   00909    0.5150   -1512.9125  0.9347 
   00910    0.4700   -1513.5498  0.9350 
   00911    0.4475   -1512.7333  0.9332 
   00912    0.4550   -1514.7896  0.9333 
   00913    0.4875   -1512.5965  0.9342 
   00914    0.4325   -1510.1499  0.9336 
   00915    0.4500   -1510.4146  0.9355 
   00916    0.4775   -1509.8796  0.9353 
   00917    0.4475   -1509.2887  0.9358 
   00918    0.4550   -1512.2550  0.9386 
   00919    0.4775   -1508.9077  0.9381 
   00920    0.4500   -1511.1997  0.9378 
   00921    0.4625   -1511.6678  0.9376 
   00922    0.5000   -1516.4244  0.9372 
   00923    0.4875   -1516.0416  0.9384 
   00924    0.5075   -1518.5585  0.9371 
   00925    0.4675   -1517.8185  0.9375 
   00926    0.4900   -1517.7098  0.9383 
   00927    0.4550   -1519.2247  0.9377 
   00928    0.4400   -1516.9321  0.9360 
   00929    0.4675   -1516.7637  0.9373 
   00930    0.4625   -1515.3789  0.9371 
   00931    0.4450   -1513.4091  0.9362 
   00932    0.4800   -1514.1972  0.9365 
   00933    0.4325   -1513.5423  0.9383 
   00934    0.4550   -1515.9986  0.9379 
   00935    0.4525   -1518.3811  0.9383 
   00936    0.4875   -1516.5576  0.9398 
   00937    0.4900   -1512.6450  0.9365 
   00938    0.4600   -1516.0479  0.9385 
   00939    0.4475   -1515.4853  0.9410 
   00940    0.5175   -1512.3904  0.9410 
   00941    0.4850   -1514.3634  0.9410 
   00942    0.4475   -1510.8713  0.9410 
   00943    0.4650   -1511.9158  0.9416 
   00944    0.4650   -1513.4111  0.9412 
   00945    0.4700   -1514.1324  0.9413 
   00946    0.4425   -1513.6160  0.9418 
   00947    0.4650   -1511.9166  0.9410 
   00948    0.4750   -1513.1516  0.9389 
   00949    0.4650   -1513.6886  0.9380 
   00950    0.4350   -1510.1875  0.9382 
   00951    0.4400   -1509.5780  0.9391 
   00952    0.4800   -1510.6771  0.9384 
   00953    0.4875   -1508.5991  0.9365 
   00954    0.4175   -1509.9573  0.9373 
   00955    0.4675   -1510.2865  0.9373 
   00956    0.4900   -1510.8110  0.9389 
   00957    0.4350   -1512.6966  0.9393 
   00958    0.4675   -1508.0869  0.9372 
   00959    0.5125   -1507.6885  0.9364 
   00960    0.4425   -1510.4236  0.9373 
   00961    0.5050   -1510.6761  0.9356 
   00962    0.4825   -1512.2992  0.9371 
   00963    0.4575   -1515.0965  0.9366 
   00964    0.5125   -1516.8473  0.9368 
   00965    0.4625   -1517.8483  0.9371 
   00966    0.4375   -1519.9787  0.9376 
   00967    0.4550   -1524.4703  0.9392 
   00968    0.4625   -1521.7827  0.9392 
   00969    0.4500   -1523.2790  0.9396 
   00970    0.4375   -1521.4957  0.9374 
   00971    0.4650   -1520.9034  0.9387 
   00972    0.4675   -1521.6024  0.9396 
   00973    0.4875   -1519.7853  0.9395 
   00974    0.4925   -1517.7213  0.9394 
   00975    0.4775   -1520.3781  0.9397 
   00976    0.4850   -1518.8496  0.9387 
   00977    0.5125   -1520.2248  0.9385 
   00978    0.4700   -1520.8582  0.9367 
   00979    0.4900   -1520.0682  0.9362 
   00980    0.4950   -1520.2433  0.9368 
   00981    0.4575   -1515.2319  0.9367 
   00982    0.4775   -1515.6357  0.9358 
   00983    0.4650   -1518.0024  0.9383 
   00984    0.4625   -1518.1394  0.9385 
   00985    0.4525   -1520.2479  0.9417 
   00986    0.4750   -1521.0740  0.9417 
   00987    0.4450   -1520.9423  0.9418 
   00988    0.4675   -1520.5355  0.9407 
   00989    0.4250   -1517.5310  0.9396 
   00990    0.4375   -1517.8760  0.9400 
   00991    0.4475   -1517.6524  0.9398 
   00992    0.4900   -1519.8097  0.9410 
   00993    0.4625   -1518.7660  0.9383 
   00994    0.4800   -1519.7959  0.9405 
   00995    0.4950   -1519.9309  0.9399 
   00996    0.4450   -1517.3877  0.9394 
   00997    0.4575   -1520.8993  0.9396 
   00998    0.4850   -1519.4253  0.9404 
   00999    0.4700   -1518.9066  0.9392 
   01000    0.5125   -1521.6928  0.9409 
