#=====================================================
# File created:        Wed-05-Nov-2025-at-03-24-22AM
# Size of lattice:     20x20
# Number of MC steps:  1000
# Reduced temperature: 0.400
# Run time (s):        1.959062
#=====================================================
# MC step:  Ratio:     Energy:   Order:
#=====================================================
   00000    0.5000    -443.7325  0.3133 
   00001    0.4225    -468.6158  0.3236 
   00002    0.4550    -487.5548  0.3123 
   00003    0.4225    -516.3469  0.3202 
   00004    0.4900    -551.6760  0.3046 
   00005    0.5000    -589.5641  0.3114 
   00006    0.4900    -621.3144  0.3152 
   00007    0.4875    -634.4031  0.3270 
   00008    0.4425    -649.9752  0.3369 
   00009    0.4550    -671.7710  0.3490 
   00010    0.5325    -692.9358  0.3561 
   00011    0.4375    -709.9225  0.3601 
   00012    0.4900    -754.2083  0.3685 
   00013    0.4950    -762.8655  0.3734 
   00014    0.4225    -788.8591  0.3761 
   00015    0.4450    -814.6190  0.3723 
   00016    0.4175    -833.4312  0.3877 
   00017    0.4500    -845.8252  0.3966 
   00018    0.4425    -851.8665  0.3928 
   00019    0.4825    -878.0219  0.3952 
   00020    0.4450    -882.6432  0.4009 
   00021    0.4400    -889.8412  0.4026 
   00022    0.4125    -889.5857  0.3954 
   00023    0.4700    -899.2936  0.3926 
   00024    0.4675    -915.5920  0.3910 
   00025    0.4600    -925.1416  0.3923 
   00026    0.4650    -928.2577  0.3886 
   00027    0.4150    -935.1516  0.3931 
   00028    0.5150    -937.2778  0.3953 
   00029    0.4175    -950.6108  0.3947 
   00030    0.4825    -962.6658  0.3934 
   00031    0.4425    -972.3033  0.3995 
   00032    0.4325    -980.7383  0.4011 
   00033    0.4325    -987.1462  0.4053 
   00034    0.4650    -995.6676  0.4045 
   00035    0.4675    -999.1029  0.4125 
   00036    0.4425   -1014.9810  0.4163 
   00037    0.4425   -1022.8340  0.4248 
   00038    0.4750   -1027.2588  0.4243 
   00039    0.4325   -1035.4463  0.4256 
   00040    0.5075   -1041.2951  0.4212 
   00041    0.4400   -1048.1524  0.4268 
   00042    0.4550   -1053.4772  0.4304 
   00043    0.4350   -1049.6538  0.4290 
   00044    0.4450   -1048.9512  0.4445 
   00045    0.4575   -1055.9710  0.4473 
   00046    0.4875   -1059.0289  0.4571 
   00047    0.4775   -1073.5351  0.4698 
   00048    0.4550   -1077.5227  0.4674 
   00049    0.3875   -1089.3640  0.4665 
   00050    0.4750   -1092.0355  0.4642 
   00051    0.4175   -1097.9021  0.4729 
   00052    0.4725   -1104.6365  0.4799 
   00053    0.4525   -1118.0464  0.4920 
   00054    0.4600   -1117.9865  0.4960 
   00055    0.4550   -1126.8302  0.5037 
   00056    0.4400   -1132.6100  0.5084 
   00057    0.4425   -1150.2834  0.5154 
   00058    0.4375   -1150.3829  0.5127 
   00059    0.4900   -1152.0932  0.5140 
   00060    0.4750   -1162.9856  0.5146 
   00061    0.4625   -1160.0146  0.5150 
   00062    0.4525   -1159.5121  0.5155 
   00063    0.4350   -1156.1789  0.5140 
   00064    0.4675   -1154.6101  0.5209 
   00065    0.4675   -1156.4056  0.5247 
   00066    0.4600   -1161.2487  0.5301 
   00067    0.4725   -1167.5022  0.5321 
   00068    0.4425   -1173.7368  0.5439 
   00069    0.4900   -1181.4328  0.5514 
   00070    0.4325   -1188.3316  0.5455 
   00071    0.4600   -1187.1962  0.5460 
   00072    0.4450   -1182.6635  0.5485 
   00073    0.4325   -1194.4279  0.5467 
   00074    0.4375   -1196.8823  0.5526 
   00075    0.4475   -1194.1576  0.5508 
   00076    0.4200   -1186.0756  0.5483 
   00077    0.4250   -1194.7120  0.5507 
   00078    0.4975   -1199.7659  0.5557 
   00079    0.4450   -1209.7140  0.5598 
   00080    0.4450   -1211.1874  0.5601 
   00081    0.4975   -1224.6112  0.5629 
   00082    0.4525   -1226.8933  0.5688 
   00083    0.4525   -1226.2148  0.5775 
   00084    0.4250   -1223.1677  0.5792 
   00085    0.4300   -1229.0258  0.5832 
   00086    0.4100   -1232.3673  0.5803 
   00087    0.4550   -1236.0253  0.5794 
   00088    0.4250   -1236.1287  0.5820 
   00089    0.4025   -1234.2355  0.5778 
   00090    0.5075   -1226.2353  0.5682 
   00091    0.4850   -1227.8160  0.5669 
   00092    0.4375   -1230.9348  0.5753 
   00093    0.4425   -1237.4203  0.5816 
   00094    0.4250   -1239.2460  0.5870 
   00095    0.4575   -1236.3452  0.5849 
   00096    0.4525   -1241.3356  0.5915 
   00097    0.4525   -1243.4132  0.5963 
   00098    0.4050   -1241.1162  0.5980 
   00099    0.5050   -1252.0811  0.6077 
   00100    0.4450   -1251.7034  0.6072 
   00101    0.4500   -1250.3667  0.6030 
   00102    0.4425   -1252.7762  0.5978 
   00103    0.4250   -1260.4866  0.6004 
   00104    0.4150   -1264.6109  0.5997 
   00105    0.3975   -1256.6327  0.5995 
   00106    0.4625   -1264.8126  0.6035 
   00107    0.4750   -1273.4667  0.6049 
   00108    0.4400   -1276.8463  0.6055 
   00109    0.4175   -1276.4560  0.5998 
   00110    0.4475   -1276.2134  0.5970 
   00111    0.4275   -1277.7186  0.5958 
   00112    0.4725   -1275.8735  0.5902 
   00113    0.4050   -1286.3109  0.6003 
   00114    0.4800   -1280.8884  0.6054 
   00115    0.4550   -1281.9580  0.6124 
   00116    0.4150   -1290.2545  0.6119 
   00117    0.4350   -1297.3736  0.6174 
   00118    0.4350   -1292.4803  0.6155 
   00119    0.4300   -1294.5808  0.6161 
   00120    0.4400   -1296.7665  0.6209 
   00121    0.4350   -1298.0741  0.6214 
   00122    0.4550   -1300.1926  0.6260 
   00123    0.4325   -1297.8106  0.6286 
   00124    0.4525   -1297.7942  0.6265 
   00125    0.3950   -1299.8069  0.6296 
   00126    0.4175   -1298.4188  0.6322 
   00127    0.4425   -1294.9637  0.6335 
   00128    0.4150   -1294.6515  0.6373 
   00129    0.4200   -1290.0382  0.6423 
   00130    0.4425   -1296.3467  0.6489 
   00131    0.4325   -1292.8165  0.6438 
   00132    0.4450   -1297.8662  0.6464 
   00133    0.4200   -1295.3739  0.6520 
   00134    0.3875   -1297.7477  0.6484 
   00135    0.4325   -1299.1125  0.6532 
   00136    0.4775   -1294.3711  0.6485 
   00137    0.4025   -1298.1132  0.6480 
   00138    0.4450   -1303.4090  0.6528 
   00139    0.4100   -1304.1526  0.6583 
   00140    0.4650   -1310.3849  0.6631 
   00141    0.4575   -1307.0421  0.6647 
   00142    0.4200   -1311.0728  0.6693 
   00143    0.4425   -1311.0415  0.6672 
   00144    0.4400   -1317.0632  0.6738 
   00145    0.4325   -1322.5255  0.6777 
   00146    0.3975   -1320.6977  0.6796 
   00147    0.4325   -1325.5124  0.6817 
   00148    0.4775   -1318.4772  0.6740 
   00149    0.4325   -1324.1900  0.6725 
   00150    0.4375   -1325.8029  0.6757 
   00151    0.4250   -1332.0629  0.6751 
   00152    0.4675   -1340.3788  0.6810 
   00153    0.4475   -1335.1509  0.6757 
   00154    0.4475   -1326.6449  0.6684 
   00155    0.4075   -1331.6129  0.6682 
   00156    0.4000   -1337.6046  0.6675 
   00157    0.4300   -1338.3855  0.6606 
   00158    0.5150   -1336.1077  0.6581 
   00159    0.4400   -1338.1207  0.6607 
   00160    0.4775   -1341.6063  0.6642 
   00161    0.3775   -1334.6843  0.6615 
   00162    0.4350   -1337.2695  0.6659 
   00163    0.4150   -1339.0969  0.6667 
   00164    0.4450   -1336.5692  0.6597 
   00165    0.4600   -1337.4438  0.6668 
   00166    0.4250   -1346.9859  0.6641 
   00167    0.4075   -1348.9835  0.6602 
   00168    0.4550   -1343.0553  0.6547 
   00169    0.3875   -1341.4247  0.6537 
   00170    0.4300   -1343.8359  0.6553 
   00171    0.4275   -1350.8088  0.6577 
   00172    0.4725   -1350.5561  0.6598 
   00173    0.4225   -1351.7989  0.6600 
   00174    0.4325   -1357.7219  0.6642 
   00175    0.4475   -1359.6572  0.6724 
   00176    0.4275   -1360.2342  0.6728 
   00177    0.4150   -1361.0613  0.6772 
   00178    0.4050   -1367.3826  0.6776 
   00179    0.4200   -1363.1424  0.6779 
   00180    0.4600   -1358.4185  0.6778 
   00181    0.4250   -1357.6590  0.6786 
   00182    0.4300   -1355.1477  0.6816 
   00183    0.4175   -1349.3766  0.6810 
   00184    0.4075   -1347.6918  0.6771 
   00185    0.4275   -1340.6958  0.6714 
   00186    0.4225   -1345.3268  0.6736 
   00187    0.4500   -1341.6966  0.6774 
   00188    0.3775   -1347.7440  0.6780 
   00189    0.4350   -1348.6476  0.6735 
   00190    0.4675   -1344.4845  0.6779 
   00191    0.4550   -1334.7857  0.6745 
   00192    0.4700   -1334.2560  0.6703 
   00193    0.4475   -1341.2351  0.6755 
   00194    0.4250   -1341.5083  0.6743 
   00195    0.4350   -1341.5864  0.6722 
   00196    0.4125   -1341.4908  0.6677 
   00197    0.4125   -1344.8448  0.6686 
   00198    0.4100   -1347.9791  0.6735 
   00199    0.4725   -1341.3440  0.6763 
   00200    0.4200   -1342.2861  0.6817 
   00201    0.4325   -1353.0300  0.6897 
   00202    0.4375   -1347.3400  0.6889 
   00203    0.4200   -1349.9056  0.6940 
   00204    0.3950   -1353.0778  0.7001 
   00205    0.4025   -1352.0772  0.7029 
   00206    0.4600   -1357.6087  0.7096 
   00207    0.4525   -1349.3512  0.7045 
   00208    0.3975   -1348.0678  0.7043 
   00209    0.4050   -1361.5839  0.7118 
   00210    0.4525   -1367.0812  0.7080 
   00211    0.3650   -1368.4368  0.7087 
   00212    0.4150   -1367.5439  0.7022 
   00213    0.4125   -1367.3589  0.7042 
   00214    0.4375   -1363.9843  0.7021 
   00215    0.3950   -1363.2493  0.7089 
   00216    0.4000   -1369.8789  0.7140 
   00217    0.4200   -1371.8834  0.7128 
   00218    0.4550   -1381.9705  0.7160 
   00219    0.4525   -1377.6688  0.7162 
   00220    0.4325   -1386.0744  0.7176 
   00221    0.4300   -1377.7197  0.7151 
   00222    0.4600   -1379.2770  0.7176 
   00223    0.4125   -1384.8883  0.7185 
   00224    0.4225   -1385.4687  0.7185 
   00225    0.4400   -1387.9949  0.7214 
   00226    0.4650   -1388.0097  0.7236 
   00227    0.4325   -1390.5199  0.7229 
   00228    0.4675   -1386.2031  0.7200 
   00229    0.4275   -1385.5988  0.7212 
   00230    0.4350   -1382.8136  0.7193 
   00231    0.4250   -1381.4596  0.7210 
   00232    0.4150   -1385.5328  0.7209 
   00233    0.4600   -1390.1073  0.7200 
   00234    0.4775   -1397.6946  0.7251 
   00235    0.4825   -1395.6205  0.7280 
   00236    0.4075   -1389.7583  0.7287 
   00237    0.4600   -1389.8334  0.7269 
   00238    0.4425   -1385.9587  0.7228 
   00239    0.4200   -1387.4540  0.7237 
   00240    0.4225   -1392.4932  0.7270 
   00241    0.4700   -1386.2051  0.7270 
   00242    0.4400   -1383.0507  0.7246 
   00243    0.4275   -1383.0687  0.7262 
   00244    0.4350   -1384.1440  0.7293 
   00245    0.4275   -1389.5592  0.7283 
   00246    0.4625   -1393.6064  0.7322 
   00247    0.4500   -1387.3386  0.7296 
   00248    0.4425   -1383.9974  0.7280 
   00249    0.4500   -1381.6986  0.7242 
   00250    0.4450   -1377.1615  0.7205 
   00251    0.4450   -1376.4757  0.7233 
   00252    0.4200   -1373.6426  0.7230 
   00253    0.4500   -1374.1021  0.7156 
   00254    0.4075   -1376.0065  0.7189 
   00255    0.4275   -1375.9449  0.7195 
   00256    0.4150   -1378.9326  0.7218 
   00257    0.4675   -1378.5374  0.7258 
   00258    0.4325   -1378.5037  0.7260 
   00259    0.4475   -1380.5012  0.7317 
   00260    0.4200   -1378.9830  0.7246 
   00261    0.4525   -1375.1799  0.7270 
   00262    0.4350   -1372.6486  0.7303 
   00263    0.4350   -1371.5688  0.7275 
   00264    0.4500   -1366.1560  0.7245 
   00265    0.4300   -1361.2019  0.7214 
   00266    0.4175   -1358.9726  0.7236 
   00267    0.4500   -1362.7460  0.7203 
   00268    0.4000   -1367.7222  0.7213 
   00269    0.4000   -1373.7059  0.7281 
   00270    0.4425   -1367.6242  0.7290 
   00271    0.4200   -1371.9326  0.7281 
   00272    0.4200   -1370.6944  0.7288 
   00273    0.4300   -1372.3521  0.7277 
   00274    0.4400   -1372.6287  0.7281 
   00275    0.4100   -1366.9387  0.7294 
   00276    0.4525   -1369.9138  0.7294 
   00277    0.4500   -1370.3208  0.7295 
   00278    0.4175   -1375.1424  0.7344 
   00279    0.4525   -1375.4178  0.7294 
   00280    0.4200   -1371.1729  0.7278 
   00281    0.4875   -1376.0784  0.7320 
   00282    0.4125   -1378.4848  0.7329 
   00283    0.3950   -1380.2850  0.7320 
   00284    0.3975   -1374.0331  0.7314 
   00285    0.4475   -1376.6932  0.7326 
   00286    0.3975   -1374.4905  0.7328 
   00287    0.4200   -1377.1425  0.7438 
   00288    0.4575   -1375.9988  0.7424 
   00289    0.4275   -1372.7493  0.7449 
   00290    0.3925   -1371.8430  0.7469 
   00291    0.4175   -1368.4303  0.7456 
   00292    0.4625   -1369.9688  0.7410 
   00293    0.4250   -1372.0253  0.7390 
   00294    0.4525   -1376.2532  0.7408 
   00295    0.4300   -1372.0771  0.7447 
   00296    0.4175   -1369.6577  0.7387 
   00297    0.4675   -1373.9950  0.7434 
   00298    0.4200   -1374.8729  0.7420 
   00299    0.4625   -1370.7859  0.7407 
   00300    0.4250   -1362.4404  0.7384 
   00301    0.4500   -1358.5933  0.7342 
   00302    0.4625   -1362.5121  0.7347 
   00303    0.4100   -1360.1858  0.7348 
   00304    0.4350   -1361.0416  0.7373 
   00305    0.4525   -1355.6959  0.7345 
   00306    0.4300   -1362.8669  0.7290 
   00307    0.4575   -1367.4969  0.7296 
   00308    0.3975   -1370.6958  0.7331 
   00309    0.4225   -1363.0164  0.7349 
   00310    0.4125   -1358.0742  0.7307 
   00311    0.4500   -1360.3411  0.7331 
   00312    0.4575   -1363.8296  0.7354 
   00313    0.4800   -1362.9050  0.7348 
   00314    0.4225   -1360.0330  0.7404 
   00315    0.4425   -1358.6428  0.7373 
   00316    0.4225   -1357.8960  0.7349 
   00317    0.4450   -1361.0551  0.7387 
   00318    0.4350   -1360.8580  0.7380 
   00319    0.4725   -1370.9379  0.7384 
   00320    0.3950   -1373.8253  0.7391 
   00321    0.4250   -1381.3511  0.7382 
   00322    0.4125   -1379.5969  0.7379 
   00323    0.4650   -1381.8237  0.7423 
   00324    0.4375   -1384.1971  0.7451 
   00325    0.4100   -1388.9146  0.7417 
   00326    0.4100   -1387.7936  0.7417 
   00327    0.4275   -1387.0995  0.7392 
   00328    0.4250   -1379.7743  0.7342 
   00329    0.4525   -1375.2467  0.7325 
   00330    0.4800   -1377.7688  0.7328 
   00331    0.3875   -1375.6187  0.7310 
   00332    0.4350   -1372.6770  0.7304 
   00333    0.4325   -1373.8039  0.7310 
   00334    0.4175   -1368.8150  0.7331 
   00335    0.4075   -1364.2800  0.7301 
   00336    0.4425   -1361.7887  0.7251 
   00337    0.4325   -1358.7832  0.7271 
   00338    0.4675   -1364.8658  0.7285 
   00339    0.4125   -1364.1205  0.7270 
   00340    0.4175   -1366.8771  0.7232 
   00341    0.4225   -1366.2667  0.7226 
   00342    0.4325   -1368.4334  0.7231 
   00343    0.4075   -1365.9348  0.7269 
   00344    0.4200   -1363.7061  0.7277 
   00345    0.4275   -1365.7108  0.7268 
   00346    0.3875   -1371.5241  0.7211 
   00347    0.3975   -1366.7604  0.7255 
   00348    0.3900   -1367.7793  0.7286 
   00349    0.4125   -1377.2004  0.7285 
   00350    0.4150   -1375.4260  0.7256 
   00351    0.4175   -1379.4984  0.7315 
   00352    0.4700   -1379.9320  0.7356 
   00353    0.4100   -1383.3418  0.7374 
   00354    0.3950   -1380.6323  0.7368 
   00355    0.4425   -1385.8423  0.7324 
   00356    0.3925   -1387.0634  0.7247 
   00357    0.4225   -1388.1558  0.7256 
   00358    0.4525   -1384.4666  0.7237 
   00359    0.4175   -1384.6535  0.7217 
   00360    0.3850   -1379.8160  0.7199 
   00361    0.3900   -1377.5526  0.7207 
   00362    0.4175   -1377.0590  0.7204 
   00363    0.4275   -1378.4142  0.7237 
   00364    0.4000   -1384.4280  0.7289 
   00365    0.3975   -1380.6039  0.7287 
   00366    0.4100   -1384.4563  0.7247 
   00367    0.4450   -1382.0362  0.7279 
   00368    0.4800   -1381.0253  0.7249 
   00369    0.4650   -1375.7583  0.7261 
   00370    0.4100   -1373.1244  0.7240 
   00371    0.4225   -1372.0739  0.7317 
   00372    0.4050   -1371.5031  0.7298 
   00373    0.4575   -1374.4706  0.7282 
   00374    0.4025   -1376.4302  0.7285 
   00375    0.4500   -1373.3603  0.7278 
   00376    0.4450   -1370.4601  0.7255 
   00377    0.4225   -1375.9341  0.7317 
   00378    0.4375   -1373.2876  0.7322 
   00379    0.4000   -1375.3168  0.7287 
   00380    0.4575   -1378.1616  0.7318 
   00381    0.4625   -1385.1906  0.7376 
   00382    0.4225   -1380.3069  0.7340 
   00383    0.4750   -1381.7260  0.7347 
   00384    0.4250   -1386.9645  0.7355 
   00385    0.3850   -1388.0254  0.7356 
   00386    0.4275   -1384.2609  0.7369 
   00387    0.4400   -1394.3422  0.7407 
   00388    0.4550   -1392.6707  0.7453 
   00389    0.4275   -1388.2983  0.7461 
   00390    0.4225   -1390.8965  0.7434 
   00391    0.4625   -1395.5221  0.7445 
   00392    0.4275   -1393.7501  0.7429 
   00393    0.4125   -1388.9630  0.7415 
   00394    0.4100   -1387.1201  0.7375 
   00395    0.4025   -1388.5874  0.7329 
   00396    0.4175   -1392.4080  0.7321 
   00397    0.4475   -1390.9004  0.7325 
   00398    0.3900   -1390.0398  0.7284 
   00399    0.3975   -1393.3542  0.7428 
   00400    0.4275   -1382.7878  0.7470 
   00401    0.4100   -1380.3747  0.7468 
   00402    0.4400   -1382.3543  0.7473 
   00403    0.4425   -1381.2115  0.7468 
   00404    0.4050   -1380.1236  0.7442 
   00405    0.4175   -1378.7813  0.7467 
   00406    0.4175   -1374.0511  0.7419 
   00407    0.4325   -1386.1428  0.7467 
   00408    0.3900   -1384.0262  0.7476 
   00409    0.4075   -1381.7908  0.7449 
   00410    0.4250   -1379.5807  0.7451 
   00411    0.4200   -1379.4928  0.7452 
   00412    0.4350   -1376.6170  0.7382 
   00413    0.4050   -1367.9056  0.7380 
   00414    0.4700   -1370.1174  0.7360 
   00415    0.4425   -1371.9648  0.7352 
   00416    0.4275   -1373.0896  0.7374 
   00417    0.4075   -1376.9613  0.7360 
   00418    0.4375   -1380.5204  0.7322 
   00419    0.4675   -1379.6214  0.7281 
   00420    0.4425   -1378.5122  0.7249 
   00421    0.3950   -1378.7090  0.7260 
   00422    0.4100   -1373.7818  0.7289 
   00423    0.4175   -1371.4754  0.7297 
   00424    0.4175   -1375.5904  0.7352 
   00425    0.4550   -1374.7669  0.7350 
   00426    0.4475   -1369.0850  0.7382 
   00427    0.4975   -1360.3456  0.7317 
   00428    0.4450   -1358.1268  0.7314 
   00429    0.4225   -1356.0662  0.7304 
   00430    0.4225   -1359.5390  0.7301 
   00431    0.4525   -1362.7546  0.7327 
   00432    0.4275   -1371.3485  0.7362 
   00433    0.4400   -1379.3996  0.7359 
   00434    0.4375   -1382.8010  0.7382 
   00435    0.4125   -1382.3403  0.7440 
   00436    0.4475   -1381.4714  0.7415 
   00437    0.4300   -1373.7965  0.7404 
   00438    0.4125   -1377.9506  0.7455 
   00439    0.4500   -1376.2815  0.7430 
   00440    0.4500   -1376.6288  0.7483 
   00441    0.3850   -1379.3996  0.7486 
   00442    0.4350   -1377.6567  0.7520 
   00443    0.4325   -1374.6520  0.7535 
   00444    0.4525   -1372.8616  0.7545 
   00445    0.4350   -1364.7804  0.7527 
   00446    0.4100   -1362.6540  0.7529 
   00447    0.4400   -1364.3748  0.7487 
   00448    0.4075   -1367.0986  0.7466 
   00449    0.4250   -1366.3173  0.7452 
   00450    0.4200   -1369.9633  0.7449 
   00451    0.4500   -1376.6039  0.7490 
   00452    0.4600   -1378.4231  0.7509 
   00453    0.4275   -1378.4364  0.7528 
   00454    0.4475   -1370.6001  0.7515 
   00455    0.4675   -1370.8891  0.7525 
   00456    0.4250   -1377.5475  0.7550 
   00457    0.4675   -1385.2586  0.7537 
   00458    0.4525   -1383.8102  0.7508 
   00459    0.4375   -1388.3537  0.7466 
   00460    0.4075   -1387.2886  0.7480 
   00461    0.4200   -1387.9121  0.7525 
   00462    0.4200   -1389.6462  0.7530 
   00463    0.4425   -1389.3958  0.7500 
   00464    0.3850   -1389.5624  0.7430 
   00465    0.4600   -1386.5552  0.7477 
   00466    0.4775   -1389.3166  0.7503 
   00467    0.4625   -1387.2489  0.7487 
   00468    0.4575   -1387.1792  0.7448 
   00469    0.4375   -1388.6793  0.7447 
   00470    0.4525   -1389.8090  0.7478 
   00471    0.4475   -1384.5438  0.7475 
   00472    0.4325   -1385.3015  0.7466 
   00473    0.4675   -1383.8881  0.7443 
   00474    0.3950   -1386.0969  0.7470 
   00475    0.4700   -1383.8371  0.7462 
   00476    0.4125   -1391.5106  0.7438 
   00477    0.3950   -1389.5946  0.7418 
   00478    0.4300   -1383.4411  0.7435 
   00479    0.4275   -1379.6003  0.7450 
   00480    0.4575   -1375.9224  0.7443 
   00481    0.4375   -1370.0780  0.7447 
   00482    0.4075   -1370.6651  0.7436 
   00483    0.4050   -1375.6339  0.7464 
   00484    0.4275   -1378.2879  0.7450 
   00485    0.4125   -1379.2095  0.7425 
   00486    0.4250   -1376.5554  0.7398 
   00487    0.4425   -1375.2858  0.7371 
   00488    0.4500   -1369.6539  0.7325 
   00489    0.4400   -1372.4955  0.7348 
   00490    0.3950   -1375.2205  0.7325 
   00491    0.4275   -1373.4953  0.7277 
   00492    0.3925   -1377.7550  0.7271 
   00493    0.4225   -1376.5233  0.7251 
   00494    0.4150   -1371.8988  0.7244 
   00495    0.4200   -1367.0953  0.7218 
   00496    0.3825   -1366.5720  0.7181 
   00497    0.4275   -1372.1786  0.7195 
   00498    0.4700   -1375.2455  0.7246 
   00499    0.4425   -1375.9454  0.7288 
   00500    0.4000   -1372.6417  0.7252 
   00501    0.3900   -1370.0422  0.7248 
   00502    0.4800   -1359.7991  0.7153 
   00503    0.4350   -1367.1207  0.7207 
   00504    0.4125   -1373.4608  0.7239 
   00505    0.3625   -1376.1827  0.7303 
   00506    0.4325   -1376.2971  0.7308 
   00507    0.4250   -1379.9433  0.7323 
   00508    0.4775   -1381.2642  0.7311 
   00509    0.4000   -1377.5350  0.7292 
   00510    0.4250   -1381.1635  0.7313 
   00511    0.4375   -1385.2143  0.7348 
   00512    0.4325   -1382.2144  0.7293 
   00513    0.3950   -1385.0392  0.7330 
   00514    0.4775   -1386.2971  0.7398 
   00515    0.3725   -1387.6268  0.7375 
   00516    0.4175   -1388.8355  0.7421 
   00517    0.4450   -1392.3097  0.7434 
   00518    0.3975   -1396.1963  0.7488 
   00519    0.3700   -1387.8808  0.7440 
   00520    0.4375   -1389.1908  0.7461 
   00521    0.4300   -1388.7441  0.7503 
   00522    0.4075   -1390.0497  0.7475 
   00523    0.4550   -1386.3441  0.7433 
   00524    0.4475   -1386.0476  0.7408 
   00525    0.4425   -1386.7953  0.7407 
   00526    0.4300   -1385.4892  0.7412 
   00527    0.4500   -1382.3333  0.7348 
   00528    0.4300   -1380.7749  0.7348 
   00529    0.4475   -1382.2615  0.7362 
   00530    0.4400   -1384.1972  0.7372 
   00531    0.4425   -1388.1346  0.7329 
   00532    0.4100   -1395.7290  0.7307 
   00533    0.4650   -1390.0835  0.7251 
   00534    0.4425   -1394.1050  0.7269 
   00535    0.4400   -1394.3729  0.7288 
   00536    0.4400   -1385.5587  0.7298 
   00537    0.4500   -1380.5962  0.7283 
   00538    0.4375   -1385.6105  0.7322 
   00539    0.4250   -1388.8279  0.7336 
   00540    0.4100   -1389.2701  0.7334 
   00541    0.4150   -1398.5378  0.7373 
   00542    0.4700   -1402.5288  0.7366 
   00543    0.4550   -1407.9257  0.7371 
   00544    0.4125   -1400.3434  0.7384 
   00545    0.4450   -1405.3210  0.7368 
   00546    0.4475   -1404.3060  0.7367 
   00547    0.4150   -1398.6233  0.7338 
   00548    0.4300   -1391.0756  0.7321 
   00549    0.4125   -1390.0330  0.7345 
   00550    0.4275   -1389.8792  0.7366 
   00551    0.4125   -1381.0350  0.7360 
   00552    0.4500   -1376.8835  0.7357 
   00553    0.4100   -1386.2373  0.7387 
   00554    0.3850   -1385.1150  0.7391 
   00555    0.4325   -1383.5328  0.7400 
   00556    0.3900   -1385.2764  0.7386 
   00557    0.4450   -1389.5415  0.7388 
   00558    0.4275   -1381.4728  0.7325 
   00559    0.4350   -1377.1497  0.7275 
   00560    0.4075   -1381.1984  0.7265 
   00561    0.4700   -1378.6334  0.7254 
   00562    0.4275   -1377.4065  0.7264 
   00563    0.4175   -1377.1519  0.7256 
   00564    0.4175   -1381.1498  0.7224 
   00565    0.4175   -1374.9845  0.7210 
   00566    0.4350   -1376.1976  0.7245 
   00567    0.4300   -1370.5185  0.7245 
   00568    0.4725   -1365.5960  0.7229 
   00569    0.4350   -1368.2981  0.7230 
   00570    0.4400   -1368.2626  0.7229 
   00571    0.4200   -1363.2537  0.7244 
   00572    0.4325   -1362.0658  0.7165 
   00573    0.4450   -1359.7078  0.7163 
   00574    0.4650   -1355.8928  0.7124 
   00575    0.4250   -1354.5920  0.7137 
   00576    0.4175   -1353.1289  0.7134 
   00577    0.4400   -1355.2985  0.7137 
   00578    0.4225   -1360.7579  0.7150 
   00579    0.4050   -1369.6152  0.7171 
   00580    0.4325   -1372.2845  0.7196 
   00581    0.4550   -1376.8404  0.7258 
   00582    0.4700   -1385.1310  0.7314 
   00583    0.4175   -1383.4858  0.7321 
   00584    0.4675   -1388.0880  0.7359 
   00585    0.4350   -1391.3106  0.7386 
   00586    0.4600   -1391.8223  0.7416 
   00587    0.4775   -1387.7799  0.7418 
   00588    0.4175   -1397.1270  0.7469 
   00589    0.4600   -1395.7777  0.7406 
   00590    0.4500   -1399.2657  0.7363 
   00591    0.4650   -1397.2980  0.7377 
   00592    0.4150   -1397.3668  0.7402 
   00593    0.4650   -1398.5653  0.7445 
   00594    0.4350   -1406.0066  0.7485 
   00595    0.4800   -1408.6313  0.7437 
   00596    0.4600   -1408.8128  0.7434 
   00597    0.4250   -1411.8585  0.7428 
   00598    0.4300   -1409.7790  0.7363 
   00599    0.3875   -1406.8100  0.7353 
   00600    0.4075   -1405.4147  0.7361 
   00601    0.4050   -1408.0488  0.7389 
   00602    0.4600   -1405.7499  0.7404 
   00603    0.4275   -1404.7359  0.7408 
   00604    0.4750   -1398.4391  0.7326 
   00605    0.4375   -1391.1371  0.7297 
   00606    0.4450   -1389.3960  0.7295 
   00607    0.4300   -1394.3419  0.7325 
   00608    0.4350   -1390.2974  0.7270 
   00609    0.4175   -1389.8840  0.7211 
   00610    0.4525   -1390.6217  0.7166 
   00611    0.4200   -1385.9110  0.7133 
   00612    0.4675   -1390.6026  0.7109 
   00613    0.4100   -1383.1996  0.7075 
   00614    0.4850   -1387.7100  0.7042 
   00615    0.4500   -1384.1803  0.7012 
   00616    0.4100   -1389.4208  0.7060 
   00617    0.4225   -1396.4651  0.7073 
   00618    0.4425   -1394.4402  0.7101 
   00619    0.4350   -1398.0205  0.7170 
   00620    0.4300   -1401.5378  0.7171 
   00621    0.4225   -1405.1006  0.7180 
   00622    0.4225   -1402.7439  0.7209 
   00623    0.4275   -1404.0867  0.7217 
   00624    0.4350   -1400.9231  0.7144 
   00625    0.4625   -1398.8390  0.7147 
   00626    0.4175   -1400.2248  0.7158 
   00627    0.4125   -1398.1061  0.7173 
   00628    0.4275   -1399.6649  0.7164 
   00629    0.4050   -1399.0389  0.7117 
   00630    0.4175   -1390.5278  0.7076 
   00631    0.4325   -1388.7940  0.7050 
   00632    0.4550   -1386.8073  0.7050 
   00633    0.3925   -1383.1607  0.7049 
   00634    0.4175   -1377.5892  0.7041 
   00635    0.4150   -1384.3182  0.7090 
   00636    0.4375   -1387.5372  0.7087 
   00637    0.4050   -1397.4675  0.7101 
   00638    0.4350   -1389.3721  0.7115 
   00639    0.4600   -1388.9153  0.7180 
   00640    0.4350   -1391.2804  0.7241 
   00641    0.4450   -1393.1428  0.7241 
   00642    0.4075   -1391.7964  0.7214 
   00643    0.4375   -1399.5181  0.7239 
   00644    0.4700   -1398.0933  0.7256 
   00645    0.4025   -1400.3085  0.7257 
   00646    0.4325   -1399.1565  0.7274 
   00647    0.4300   -1402.1068  0.7260 
   00648    0.4325   -1402.9693  0.7271 
   00649    0.4250   -1398.9328  0.7306 
   00650    0.4200   -1403.4689  0.7314 
   00651    0.4400   -1396.5754  0.7282 
   00652    0.4600   -1392.5437  0.7295 
   00653    0.4000   -1388.9445  0.7255 
   00654    0.4150   -1393.3438  0.7287 
   00655    0.4325   -1393.6413  0.7284 
   00656    0.4225   -1396.1565  0.7369 
   00657    0.4300   -1395.4796  0.7353 
   00658    0.4150   -1382.2397  0.7301 
   00659    0.3850   -1374.8053  0.7268 
   00660    0.4175   -1379.0422  0.7277 
   00661    0.4050   -1385.4313  0.7330 
   00662    0.4275   -1375.2648  0.7300 
   00663    0.4150   -1377.2613  0.7346 
   00664    0.3875   -1377.3289  0.7364 
   00665    0.4075   -1380.0976  0.7332 
   00666    0.4150   -1374.4717  0.7327 
   00667    0.4100   -1377.2298  0.7344 
   00668    0.4000   -1377.2679  0.7365 
   00669    0.4350   -1379.0326  0.7371 
   00670    0.4150   -1385.4861  0.7393 
   00671    0.4550   -1381.0820  0.7361 
   00672    0.4500   -1381.4252  0.7334 
   00673    0.4425   -1388.7847  0.7363 
   00674    0.4425   -1387.0403  0.7456 
   00675    0.4150   -1389.7785  0.7419 
   00676    0.4250   -1380.4682  0.7425 
   00677    0.4250   -1381.6049  0.7416 
   00678    0.4450   -1382.3537  0.7395 
   00679    0.4875   -1386.0141  0.7402 
   00680    0.4025   -1393.1758  0.7420 
   00681    0.4400   -1394.2883  0.7454 
   00682    0.4025   -1394.5576  0.7438 
   00683    0.4650   -1394.9222  0.7398 
   00684    0.4175   -1402.5923  0.7436 
   00685    0.4350   -1405.6768  0.7483 
   00686    0.4700   -1404.2621  0.7463 
   00687    0.4475   -1399.6495  0.7411 
   00688    0.4300   -1399.8989  0.7419 
   00689    0.4275   -1398.3775  0.7463 
   00690    0.4450   -1401.4100  0.7432 
   00691    0.4075   -1398.1768  0.7429 
   00692    0.4125   -1396.5275  0.7383 
   00693    0.4150   -1396.4600  0.7376 
   00694    0.3775   -1393.7093  0.7365 
   00695    0.4200   -1382.9705  0.7390 
   00696    0.4200   -1384.4898  0.7440 
   00697    0.4725   -1384.6448  0.7426 
   00698    0.4675   -1393.4997  0.7435 
   00699    0.4200   -1389.9874  0.7438 
   00700    0.4375   -1387.3007  0.7437 
   00701    0.3700   -1385.7961  0.7462 
   00702    0.4575   -1390.5858  0.7490 
   00703    0.4150   -1387.5115  0.7466 
   00704    0.4075   -1391.0264  0.7479 
   00705    0.4275   -1399.4541  0.7506 
   00706    0.4250   -1399.0698  0.7476 
   00707    0.4200   -1404.6646  0.7464 
   00708    0.4575   -1404.2674  0.7476 
   00709    0.4350   -1403.9225  0.7472 
   00710    0.4475   -1409.4147  0.7513 
   00711    0.4175   -1409.1969  0.7524 
   00712    0.4425   -1402.0497  0.7442 
   00713    0.4650   -1404.4325  0.7422 
   00714    0.4300   -1399.9310  0.7424 
   00715    0.4775   -1399.6867  0.7428 
   00716    0.4600   -1394.9568  0.7378 
   00717    0.4450   -1398.0933  0.7427 
   00718    0.4575   -1400.2729  0.7463 
   00719    0.4600   -1405.6963  0.7446 
   00720    0.4050   -1399.1435  0.7434 
   00721    0.4325   -1395.8963  0.7449 
   00722    0.3950   -1399.1117  0.7475 
   00723    0.4325   -1398.5375  0.7465 
   00724    0.4150   -1399.1841  0.7455 
   00725    0.4150   -1398.4182  0.7428 
   00726    0.4350   -1404.0950  0.7440 
   00727    0.4650   -1392.1996  0.7366 
   00728    0.4575   -1400.0459  0.7346 
   00729    0.4275   -1407.7268  0.7381 
   00730    0.3950   -1415.8878  0.7358 
   00731    0.4475   -1414.6674  0.7351 
   00732    0.4575   -1409.5139  0.7338 
   00733    0.3850   -1403.6591  0.7313 
   00734    0.3900   -1403.4648  0.7335 
   00735    0.4125   -1406.1749  0.7365 
   00736    0.4650   -1405.9128  0.7353 
   00737    0.4625   -1410.8781  0.7362 
   00738    0.4250   -1406.6566  0.7328 
   00739    0.4250   -1407.0276  0.7407 
   00740    0.4500   -1400.6882  0.7296 
   00741    0.4425   -1409.5260  0.7349 
   00742    0.4250   -1408.7558  0.7349 
   00743    0.4300   -1408.6548  0.7333 
   00744    0.4375   -1407.6994  0.7316 
   00745    0.4275   -1408.4691  0.7282 
   00746    0.3950   -1408.0607  0.7354 
   00747    0.4650   -1400.0690  0.7275 
   00748    0.4200   -1397.9653  0.7294 
   00749    0.4300   -1403.6488  0.7342 
   00750    0.4750   -1405.2235  0.7333 
   00751    0.4425   -1406.7527  0.7318 
   00752    0.4250   -1403.0739  0.7262 
   00753    0.4575   -1391.6817  0.7243 
   00754    0.4125   -1395.7646  0.7219 
   00755    0.4275   -1401.6363  0.7230 
   00756    0.4325   -1406.0708  0.7252 
   00757    0.4200   -1412.5747  0.7277 
   00758    0.3525   -1417.7948  0.7323 
   00759    0.4675   -1420.6903  0.7303 
   00760    0.4275   -1416.8753  0.7301 
   00761    0.3900   -1419.0292  0.7315 
   00762    0.4825   -1416.1726  0.7322 
   00763    0.4100   -1416.2113  0.7312 
   00764    0.4300   -1412.4995  0.7256 
   00765    0.4300   -1407.8019  0.7256 
   00766    0.4325   -1410.4979  0.7300 
   00767    0.4200   -1409.0712  0.7315 
   00768    0.4075   -1409.2626  0.7341 
   00769    0.4625   -1411.8656  0.7306 
   00770    0.4275   -1413.0714  0.7291 
   00771    0.4525   -1412.7172  0.7281 
   00772    0.3850   -1405.8260  0.7252 
   00773    0.4325   -1408.1337  0.7295 
   00774    0.4400   -1408.3912  0.7251 
   00775    0.4425   -1401.9394  0.7207 
   00776    0.4050   -1412.4123  0.7214 
   00777    0.4375   -1408.8815  0.7220 
   00778    0.4400   -1417.0725  0.7175 
   00779    0.4825   -1418.3208  0.7176 
   00780    0.3775   -1415.1877  0.7178 
   00781    0.4325   -1420.9324  0.7192 
   00782    0.4125   -1422.8475  0.7152 
   00783    0.4300   -1420.0202  0.7116 
   00784    0.3775   -1423.2632  0.7100 
   00785    0.4300   -1416.9663  0.7068 
   00786    0.4625   -1420.0907  0.7092 
   00787    0.4500   -1417.3196  0.7031 
   00788    0.4300   -1409.1317  0.7007 
   00789    0.4125   -1408.8472  0.6975 
   00790    0.4350   -1408.0371  0.6988 
   00791    0.4275   -1406.0797  0.6968 
   00792    0.4175   -1415.8652  0.7020 
   00793    0.4825   -1416.5748  0.7083 
   00794    0.4575   -1408.3849  0.7021 
   00795    0.3950   -1402.8705  0.7059 
   00796    0.4000   -1404.5810  0.7103 
   00797    0.4475   -1399.9921  0.7011 
   00798    0.4375   -1396.2153  0.7066 
   00799    0.4275   -1398.2521  0.7070 
   00800    0.4100   -1401.5154  0.7104 
   00801    0.4575   -1409.1178  0.7087 
   00802    0.4350   -1404.6773  0.7091 
   00803    0.4550   -1398.6441  0.7193 
   00804    0.4075   -1400.5520  0.7284 
   00805    0.4475   -1396.1156  0.7282 
   00806    0.4200   -1394.4314  0.7258 
   00807    0.4000   -1394.1225  0.7214 
   00808    0.4850   -1389.9617  0.7235 
   00809    0.4400   -1378.9619  0.7236 
   00810    0.4625   -1381.8948  0.7226 
   00811    0.4050   -1384.0313  0.7207 
   00812    0.3975   -1386.7883  0.7208 
   00813    0.4075   -1387.7426  0.7200 
   00814    0.4200   -1384.9676  0.7201 
   00815    0.4500   -1376.6044  0.7169 
   00816    0.4800   -1374.6922  0.7165 
   00817    0.4400   -1373.9204  0.7180 
   00818    0.4550   -1379.3510  0.7245 
   00819    0.4025   -1388.1985  0.7279 
   00820    0.4150   -1393.0117  0.7252 
   00821    0.4050   -1384.9280  0.7237 
   00822    0.4700   -1378.6159  0.7260 
   00823    0.4225   -1378.0154  0.7288 
   00824    0.4425   -1375.2661  0.7328 
   00825    0.4175   -1372.0983  0.7295 
   00826    0.4125   -1368.0853  0.7332 
   00827    0.4400   -1377.3587  0.7351 
   00828    0.3900   -1378.0546  0.7371 
   00829    0.4075   -1382.3534  0.7409 
   00830    0.4350   -1379.6809  0.7476 
   00831    0.3925   -1383.7995  0.7433 
   00832    0.4150   -1386.4448  0.7460 
   00833    0.4575   -1388.5090  0.7380 
   00834    0.4425   -1395.3398  0.7371 
   00835    0.4250   -1389.3897  0.7319 
   00836    0.4300   -1388.8914  0.7368 
   00837    0.4200   -1387.9907  0.7396 
   00838    0.3925   -1387.6948  0.7431 
   00839    0.4475   -1375.2344  0.7412 
   00840    0.4275   -1379.4229  0.7396 
   00841    0.4100   -1380.7600  0.7386 
   00842    0.4400   -1382.5636  0.7485 
   00843    0.4225   -1389.3654  0.7533 
   00844    0.3975   -1395.9319  0.7566 
   00845    0.4250   -1388.4442  0.7581 
   00846    0.4350   -1387.1468  0.7601 
   00847    0.4375   -1385.8396  0.7583 
   00848    0.4450   -1386.4484  0.7620 
   00849    0.4550   -1385.1221  0.7652 
   00850    0.4150   -1384.5718  0.7688 
   00851    0.4600   -1386.7281  0.7649 
   00852    0.4100   -1391.0987  0.7633 
   00853    0.4525   -1386.5193  0.7611 
   00854    0.4325   -1383.0880  0.7592 
   00855    0.4425   -1380.5564  0.7594 
   00856    0.4375   -1379.3122  0.7601 
   00857    0.4325   -1380.7095  0.7608 
   00858    0.4250   -1382.4668  0.7604 
   00859    0.5075   -1382.8026  0.7634 
   00860    0.4150   -1379.8858  0.7632 
   00861    0.4225   -1381.2040  0.7657 
   00862    0.4025   -1378.4267  0.7741 
   00863    0.4200   -1377.0356  0.7780 
   00864    0.4450   -1382.0240  0.7780 
   00865    0.4425   -1376.0361  0.7726 
   00866    0.4150   -1379.2025  0.7727 
   00867    0.4400   -1372.0946  0.7749 
   00868    0.4375   -1378.7320  0.7746 
   00869    0.4025   -1365.6677  0.7769 
   00870    0.4650   -1360.5186  0.7712 
   00871    0.3925   -1361.0848  0.7722 
   00872    0.4050   -1355.4171  0.7715 
   00873    0.5000   -1362.6803  0.7714 
   00874    0.4000   -1372.3791  0.7770 
   00875    0.4275   -1373.3392  0.7720 
   00876    0.3775   -1370.0545  0.7735 
   00877    0.4450   -1369.8574  0.7732 
   00878    0.4825   -1387.2552  0.7744 
   00879    0.4075   -1387.0437  0.7747 
   00880    0.4525   -1385.9962  0.7730 
   00881    0.4250   -1383.0615  0.7688 
   00882    0.4550   -1381.5893  0.7717 
   00883    0.4050   -1385.9945  0.7741 
   00884    0.4000   -1386.2034  0.7786 
   00885    0.4225   -1389.4675  0.7773 
   00886    0.4375   -1396.0565  0.7804 
   00887    0.4075   -1395.6929  0.7860 
   00888    0.4150   -1391.3662  0.7826 
   00889    0.4900   -1386.9901  0.7719 
   00890    0.3925   -1389.5188  0.7722 
   00891    0.3750   -1383.9048  0.7659 
   00892    0.4450   -1386.4296  0.7590 
   00893    0.4350   -1386.8051  0.7608 
   00894    0.4225   -1389.3363  0.7646 
   00895    0.4300   -1389.7522  0.7667 
   00896    0.4200   -1394.9909  0.7665 
   00897    0.4275   -1393.6530  0.7669 
   00898    0.4750   -1393.1929  0.7662 
   00899    0.4525   -1391.6519  0.7661 
   00900    0.4275   -1398.5864  0.7602 
   00901    0.4250   -1397.2599  0.7574 
   00902    0.4225   -1395.6801  0.7601 
   00903    0.4225   -1398.6113  0.7608 
   00904    0.4725   -1404.7946  0.7695 
   00905    0.4000   -1401.9188  0.7685 
   00906    0.3925   -1396.2478  0.7669 
   00907    0.4375   -1395.6895  0.7686 
   00908    0.4850   -1389.7465  0.7752 
   00909    0.4375   -1387.1564  0.7744 
   00910    0.4700   -1381.8875  0.7738 
   00911    0.4250   -1379.9809  0.7747 
   00912    0.3450   -1374.9742  0.7685 
   00913    0.4000   -1381.2447  0.7695 
   00914    0.4250   -1378.0763  0.7736 
   00915    0.4225   -1377.2782  0.7725 
   00916    0.4400   -1380.0544  0.7760 
   00917    0.4425   -1379.5925  0.7752 
   00918    0.4025   -1380.6603  0.7718 
   00919    0.4475   -1382.9112  0.7745 
   00920    0.4100   -1384.9414  0.7731 
   00921    0.4400   -1377.8941  0.7702 
   00922    0.4400   -1381.0166  0.7694 
   00923    0.4200   -1387.4580  0.7790 
   00924    0.4050   -1380.1357  0.7760 
   00925    0.3825   -1372.8011  0.7750 
   00926    0.4050   -1371.6673  0.7749 
   00927    0.4225   -1374.6707  0.7746 
   00928    0.3925   -1374.1636  0.7796 
   00929    0.4825   -1371.3577  0.7730 
   00930    0.4300   -1371.4645  0.7766 
   00931    0.4275   -1374.1100  0.7779 
   00932    0.4675   -1367.8142  0.7748 
   00933    0.3900   -1360.3765  0.7735 
   00934    0.4225   -1360.4143  0.7718 
   00935    0.4075   -1366.0913  0.7768 
   00936    0.4250   -1362.9273  0.7751 
   00937    0.4075   -1360.1756  0.7762 
   00938    0.4575   -1364.0554  0.7730 
   00939    0.4425   -1372.1086  0.7789 
   00940    0.4200   -1363.6850  0.7783 
   00941    0.4250   -1360.9001  0.7783 
   00942    0.4125   -1367.0017  0.7811 
   00943    0.4575   -1369.1483  0.7818 
   00944    0.3975   -1371.6103  0.7850 
   00945    0.4225   -1368.8372  0.7852 
   00946    0.4425   -1363.4683  0.7759 
   00947    0.4800   -1369.4256  0.7767 
   00948    0.4250   -1367.9978  0.7811 
   00949    0.4575   -1369.4102  0.7811 
   00950    0.4650   -1373.3207  0.7802 
   00951    0.3775   -1375.3354  0.7812 
   00952    0.4300   -1372.0392  0.7840 
   00953    0.4475   -1369.4235  0.7843 
   00954    0.5050   -1369.5981  0.7840 
   00955    0.4175   -1373.7365  0.7850 
   00956    0.4300   -1376.4091  0.7894 
   00957    0.4425   -1380.0621  0.7935 
   00958    0.4825   -1381.3093  0.7910 
   00959    0.4025   -1376.2586  0.7905 
   00960    0.4575   -1381.7264  0.7924 
   00961    0.4300   -1385.9938  0.8003 
   00962    0.4400   -1385.7076  0.7997 
   00963    0.4825   -1383.8862  0.7953 
   00964    0.4425   -1378.0628  0.7981 
   00965    0.4700   -1372.7794  0.8012 
   00966    0.4175   -1376.8150  0.8022 
   00967    0.4525   -1379.3190  0.7996 
   00968    0.4175   -1377.7866  0.7973 
   00969    0.4450   -1369.5352  0.7919 
   00970    0.3900   -1365.3419  0.7888 
   00971    0.4725   -1374.0145  0.7923 
   00972    0.4000   -1367.6675  0.7912 
   00973    0.4275   -1365.9493  0.7897 
   00974    0.4325   -1361.9469  0.7944 
   00975    0.4200   -1356.4346  0.7909 
   00976    0.4275   -1364.2606  0.7972 
   00977    0.4925   -1365.4839  0.7990 
   00978    0.4350   -1367.5359  0.7993 
   00979    0.4575   -1363.8117  0.7991 
   00980    0.4550   -1366.3819  0.8014 
   00981    0.4300   -1367.6961  0.7983 
   00982    0.4500   -1364.5210  0.7981 
   00983    0.4825   -1358.6893  0.7977 
   00984    0.4450   -1355.0693  0.7975 
   00985    0.4175   -1353.5675  0.7943 
   00986    0.4200   -1360.1139  0.7948 
   00987    0.4050   -1366.5948  0.7948 
   00988    0.4500   -1370.3486  0.7970 
   00989    0.4200   -1368.8479  0.7922 
   00990    0.4000   -1363.9485  0.7922 
   00991    0.4050   -1363.1249  0.7917 
   00992    0.4050   -1365.5554  0.7909 
   00993    0.4150   -1369.3759  0.7863 
   00994    0.4075   -1375.1775  0.7860 
   00995    0.4225   -1368.0667  0.7801 
   00996    0.3825   -1367.2411  0.7779 
   00997    0.4125   -1358.7585  0.7782 
   00998    0.4550   -1367.7099  0.7804 
   00999    0.4575   -1362.0195  0.7814 
   01000    0.3925   -1369.1519  0.7859 
