#=====================================================
# File created:        Wed-05-Nov-2025-at-03-24-18AM
# Size of lattice:     20x20
# Number of MC steps:  1000
# Reduced temperature: 0.300
# Run time (s):        1.871216
#=====================================================
# MC step:  Ratio:     Energy:   Order:
#=====================================================
   00000    0.5000    -416.3751  0.3289 
   00001    0.4600    -453.6595  0.3632 
   00002    0.4575    -479.2551  0.3687 
   00003    0.4375    -499.3074  0.3795 
   00004    0.4825    -525.6843  0.3876 
   00005    0.4625    -555.9572  0.3900 
   00006    0.4825    -598.6546  0.3964 
   00007    0.4600    -643.2024  0.4082 
   00008    0.5200    -676.3018  0.4154 
   00009    0.4775    -693.7146  0.4171 
   00010    0.4750    -721.3115  0.4220 
   00011    0.4425    -739.9254  0.4217 
   00012    0.4825    -753.8446  0.4247 
   00013    0.4900    -770.3820  0.4266 
   00014    0.4475    -780.6994  0.4322 
   00015    0.4950    -808.2838  0.4352 
   00016    0.4825    -846.4964  0.4490 
   00017    0.4550    -857.0365  0.4548 
   00018    0.4625    -873.9706  0.4620 
   00019    0.5000    -888.0338  0.4645 
   00020    0.4550    -901.2400  0.4677 
   00021    0.4775    -911.9572  0.4746 
   00022    0.4425    -920.1738  0.4800 
   00023    0.4675    -920.6218  0.4779 
   00024    0.4950    -935.3654  0.4879 
   00025    0.4600    -946.7560  0.4928 
   00026    0.4550    -963.5245  0.5033 
   00027    0.4950    -971.0986  0.5152 
   00028    0.4800    -977.5073  0.5158 
   00029    0.4700    -998.4267  0.5234 
   00030    0.4450   -1006.8889  0.5195 
   00031    0.4800   -1012.7466  0.5140 
   00032    0.4500   -1023.4868  0.5174 
   00033    0.4600   -1036.8514  0.5232 
   00034    0.4600   -1047.9638  0.5228 
   00035    0.4875   -1055.6786  0.5211 
   00036    0.4400   -1068.9312  0.5256 
   00037    0.4150   -1079.3743  0.5257 
   00038    0.4675   -1082.6903  0.5401 
   00039    0.4775   -1086.5805  0.5378 
   00040    0.4550   -1097.5594  0.5371 
   00041    0.4500   -1106.6894  0.5355 
   00042    0.4875   -1113.8455  0.5367 
   00043    0.4800   -1114.7443  0.5406 
   00044    0.5025   -1135.4161  0.5514 
   00045    0.4700   -1141.7183  0.5544 
   00046    0.4550   -1145.1166  0.5547 
   00047    0.4500   -1157.3166  0.5545 
   00048    0.4700   -1159.7280  0.5547 
   00049    0.4475   -1163.3252  0.5538 
   00050    0.4825   -1169.0765  0.5589 
   00051    0.4500   -1166.2392  0.5600 
   00052    0.4175   -1171.8322  0.5677 
   00053    0.4975   -1191.9856  0.5730 
   00054    0.4200   -1194.6282  0.5795 
   00055    0.5275   -1199.8930  0.5900 
   00056    0.4650   -1202.5551  0.5908 
   00057    0.4400   -1202.0703  0.5837 
   00058    0.4625   -1203.6747  0.5792 
   00059    0.4525   -1208.1793  0.5864 
   00060    0.4375   -1214.6128  0.5923 
   00061    0.4500   -1215.9598  0.5951 
   00062    0.4825   -1221.2141  0.5941 
   00063    0.4800   -1220.6323  0.5955 
   00064    0.4550   -1219.6845  0.5919 
   00065    0.4750   -1227.1548  0.5887 
   00066    0.5425   -1227.2807  0.5918 
   00067    0.4425   -1234.7348  0.5997 
   00068    0.5425   -1247.3970  0.5943 
   00069    0.5000   -1254.4262  0.6020 
   00070    0.4350   -1263.6279  0.6046 
   00071    0.4500   -1270.5873  0.6089 
   00072    0.4775   -1271.6303  0.6124 
   00073    0.4325   -1275.5316  0.6167 
   00074    0.5075   -1280.9999  0.6138 
   00075    0.5125   -1279.8642  0.6142 
   00076    0.4550   -1285.6470  0.6211 
   00077    0.4800   -1285.9924  0.6189 
   00078    0.4425   -1289.5981  0.6221 
   00079    0.4900   -1293.5967  0.6255 
   00080    0.4800   -1295.4797  0.6322 
   00081    0.5175   -1297.3225  0.6393 
   00082    0.4600   -1304.9463  0.6479 
   00083    0.4550   -1309.7861  0.6516 
   00084    0.4625   -1316.9484  0.6541 
   00085    0.4200   -1317.4726  0.6553 
   00086    0.4650   -1320.6982  0.6557 
   00087    0.4650   -1319.7470  0.6543 
   00088    0.4225   -1320.2506  0.6559 
   00089    0.4075   -1318.6130  0.6556 
   00090    0.4325   -1319.5020  0.6597 
   00091    0.3800   -1317.9635  0.6615 
   00092    0.4950   -1321.7770  0.6621 
   00093    0.4600   -1326.7346  0.6666 
   00094    0.4425   -1327.4105  0.6698 
   00095    0.4800   -1329.9961  0.6721 
   00096    0.4600   -1323.3321  0.6687 
   00097    0.4475   -1324.2877  0.6693 
   00098    0.4375   -1324.4942  0.6693 
   00099    0.4225   -1331.0641  0.6716 
   00100    0.4350   -1330.6000  0.6699 
   00101    0.3975   -1335.2420  0.6750 
   00102    0.4725   -1337.5101  0.6768 
   00103    0.4975   -1342.2429  0.6772 
   00104    0.4725   -1345.2959  0.6812 
   00105    0.4725   -1346.4531  0.6827 
   00106    0.4500   -1347.1451  0.6853 
   00107    0.4750   -1350.0119  0.6894 
   00108    0.4375   -1353.3180  0.6920 
   00109    0.4400   -1350.6943  0.6882 
   00110    0.4450   -1357.4587  0.6912 
   00111    0.4050   -1353.5273  0.6925 
   00112    0.4175   -1354.9490  0.6939 
   00113    0.4500   -1352.3111  0.6959 
   00114    0.4450   -1351.3350  0.6945 
   00115    0.4225   -1351.1938  0.6927 
   00116    0.3975   -1351.1866  0.6955 
   00117    0.4550   -1352.3102  0.6924 
   00118    0.4175   -1354.4221  0.6948 
   00119    0.5100   -1348.8155  0.6906 
   00120    0.4325   -1351.1088  0.6965 
   00121    0.4475   -1347.6448  0.6925 
   00122    0.4450   -1350.0641  0.6941 
   00123    0.4700   -1351.8158  0.6976 
   00124    0.4350   -1355.8949  0.6984 
   00125    0.4825   -1358.6420  0.7031 
   00126    0.4875   -1364.0806  0.7058 
   00127    0.4425   -1368.7419  0.7054 
   00128    0.4150   -1365.3221  0.7073 
   00129    0.4025   -1365.3353  0.7109 
   00130    0.4375   -1365.6002  0.7104 
   00131    0.4750   -1370.7350  0.7101 
   00132    0.4325   -1372.6413  0.7089 
   00133    0.4075   -1372.3146  0.7106 
   00134    0.4500   -1374.6956  0.7106 
   00135    0.4800   -1371.8620  0.7080 
   00136    0.4350   -1373.5033  0.7070 
   00137    0.4725   -1378.2770  0.7089 
   00138    0.4600   -1375.5834  0.7083 
   00139    0.4650   -1372.9280  0.7083 
   00140    0.4475   -1375.5337  0.7098 
   00141    0.4525   -1379.0184  0.7146 
   00142    0.4500   -1376.7868  0.7170 
   00143    0.4450   -1381.4077  0.7172 
   00144    0.4450   -1380.6070  0.7179 
   00145    0.4400   -1385.1778  0.7217 
   00146    0.4925   -1383.0877  0.7245 
   00147    0.4575   -1379.0157  0.7235 
   00148    0.4650   -1380.6181  0.7235 
   00149    0.4775   -1375.3288  0.7233 
   00150    0.4825   -1372.7879  0.7237 
   00151    0.4775   -1377.1417  0.7250 
   00152    0.4725   -1381.5628  0.7288 
   00153    0.4425   -1378.2166  0.7244 
   00154    0.4100   -1382.7882  0.7270 
   00155    0.4600   -1378.3917  0.7261 
   00156    0.4975   -1383.0017  0.7279 
   00157    0.4425   -1381.4193  0.7300 
   00158    0.4425   -1385.7169  0.7273 
   00159    0.4400   -1392.7666  0.7293 
   00160    0.4500   -1389.7981  0.7356 
   00161    0.4850   -1394.6818  0.7398 
   00162    0.4675   -1394.3144  0.7412 
   00163    0.4175   -1397.7139  0.7379 
   00164    0.4525   -1399.0070  0.7383 
   00165    0.4675   -1397.8000  0.7379 
   00166    0.4800   -1403.2164  0.7405 
   00167    0.4175   -1406.5138  0.7421 
   00168    0.4350   -1403.6164  0.7396 
   00169    0.4325   -1404.0725  0.7391 
   00170    0.4375   -1409.4301  0.7380 
   00171    0.3900   -1408.9492  0.7392 
   00172    0.4325   -1414.1409  0.7415 
   00173    0.4800   -1411.2461  0.7411 
   00174    0.4525   -1413.3389  0.7400 
   00175    0.4600   -1410.9081  0.7427 
   00176    0.4725   -1405.6747  0.7441 
   00177    0.4325   -1405.2223  0.7445 
   00178    0.4050   -1409.2372  0.7445 
   00179    0.4450   -1409.3809  0.7449 
   00180    0.4800   -1411.8151  0.7481 
   00181    0.4750   -1415.5917  0.7507 
   00182    0.4350   -1415.7146  0.7500 
   00183    0.4725   -1417.6599  0.7476 
   00184    0.4550   -1413.6771  0.7481 
   00185    0.4675   -1411.7159  0.7481 
   00186    0.4575   -1409.2194  0.7467 
   00187    0.4850   -1410.7121  0.7445 
   00188    0.4375   -1411.0644  0.7449 
   00189    0.4550   -1411.6499  0.7450 
   00190    0.4575   -1416.1473  0.7459 
   00191    0.4250   -1406.2014  0.7432 
   00192    0.4775   -1406.2181  0.7378 
   00193    0.4750   -1407.2608  0.7421 
   00194    0.4625   -1405.2960  0.7411 
   00195    0.4425   -1406.5942  0.7426 
   00196    0.4225   -1409.5066  0.7429 
   00197    0.4825   -1415.7973  0.7448 
   00198    0.4350   -1412.3886  0.7446 
   00199    0.4500   -1415.5614  0.7465 
   00200    0.4450   -1416.2620  0.7487 
   00201    0.3950   -1412.6069  0.7465 
   00202    0.4650   -1408.5581  0.7480 
   00203    0.4025   -1406.8991  0.7471 
   00204    0.3875   -1406.6779  0.7462 
   00205    0.4800   -1399.0600  0.7440 
   00206    0.4600   -1398.3334  0.7437 
   00207    0.4700   -1397.4616  0.7437 
   00208    0.4325   -1397.7287  0.7447 
   00209    0.4250   -1399.4243  0.7466 
   00210    0.4425   -1401.5451  0.7479 
   00211    0.4650   -1399.2187  0.7470 
   00212    0.5125   -1393.5777  0.7498 
   00213    0.4475   -1393.4102  0.7494 
   00214    0.4925   -1404.9684  0.7570 
   00215    0.4250   -1403.8223  0.7583 
   00216    0.4300   -1399.4335  0.7586 
   00217    0.4250   -1400.8994  0.7566 
   00218    0.4175   -1396.6397  0.7542 
   00219    0.4700   -1396.1523  0.7526 
   00220    0.4675   -1398.2910  0.7542 
   00221    0.4425   -1398.6432  0.7507 
   00222    0.4650   -1398.5044  0.7497 
   00223    0.4550   -1396.6251  0.7468 
   00224    0.4450   -1401.1556  0.7470 
   00225    0.4500   -1404.7983  0.7477 
   00226    0.4450   -1410.4099  0.7500 
   00227    0.4300   -1403.0621  0.7493 
   00228    0.4225   -1401.4047  0.7459 
   00229    0.4900   -1399.9879  0.7472 
   00230    0.4400   -1401.8119  0.7478 
   00231    0.4800   -1402.5866  0.7488 
   00232    0.4000   -1404.6752  0.7465 
   00233    0.4725   -1406.6487  0.7435 
   00234    0.4475   -1408.7298  0.7456 
   00235    0.4425   -1412.3462  0.7502 
   00236    0.4750   -1416.1202  0.7524 
   00237    0.4375   -1415.8839  0.7537 
   00238    0.4300   -1413.3233  0.7548 
   00239    0.4150   -1411.2829  0.7524 
   00240    0.4625   -1417.1126  0.7490 
   00241    0.4300   -1420.1254  0.7504 
   00242    0.4650   -1421.9666  0.7505 
   00243    0.4200   -1427.0493  0.7496 
   00244    0.4400   -1423.6640  0.7524 
   00245    0.4400   -1422.5439  0.7514 
   00246    0.4525   -1414.7631  0.7511 
   00247    0.4325   -1417.1004  0.7546 
   00248    0.4525   -1412.2286  0.7563 
   00249    0.4600   -1408.9881  0.7583 
   00250    0.4475   -1406.1384  0.7536 
   00251    0.4600   -1413.6154  0.7522 
   00252    0.4425   -1412.0860  0.7505 
   00253    0.4200   -1409.5617  0.7527 
   00254    0.4275   -1415.8428  0.7538 
   00255    0.4275   -1413.1982  0.7556 
   00256    0.4350   -1407.7364  0.7515 
   00257    0.4475   -1401.8315  0.7495 
   00258    0.4300   -1403.2247  0.7464 
   00259    0.4300   -1403.0023  0.7431 
   00260    0.4575   -1404.1273  0.7423 
   00261    0.4350   -1404.1679  0.7432 
   00262    0.4425   -1403.7957  0.7403 
   00263    0.4325   -1401.2347  0.7419 
   00264    0.4425   -1404.7794  0.7424 
   00265    0.4575   -1405.2966  0.7424 
   00266    0.4750   -1406.3212  0.7506 
   00267    0.4800   -1404.6392  0.7518 
   00268    0.4625   -1401.9630  0.7503 
   00269    0.4825   -1404.7594  0.7529 
   00270    0.3975   -1409.3249  0.7526 
   00271    0.4450   -1413.3536  0.7523 
   00272    0.4525   -1409.4091  0.7564 
   00273    0.4250   -1410.0679  0.7532 
   00274    0.4325   -1414.3740  0.7601 
   00275    0.4550   -1412.3270  0.7585 
   00276    0.4675   -1413.6265  0.7582 
   00277    0.4650   -1415.4319  0.7595 
   00278    0.4450   -1418.2363  0.7599 
   00279    0.4175   -1423.4735  0.7591 
   00280    0.4500   -1422.7520  0.7593 
   00281    0.4125   -1418.1417  0.7595 
   00282    0.4125   -1417.3683  0.7561 
   00283    0.4500   -1418.6563  0.7542 
   00284    0.4350   -1423.5906  0.7558 
   00285    0.4400   -1421.2395  0.7587 
   00286    0.4900   -1419.0115  0.7590 
   00287    0.4400   -1417.3986  0.7558 
   00288    0.4650   -1419.9366  0.7608 
   00289    0.5025   -1420.6596  0.7577 
   00290    0.4400   -1417.9650  0.7578 
   00291    0.4350   -1418.1398  0.7578 
   00292    0.4925   -1422.0535  0.7620 
   00293    0.4400   -1419.3361  0.7613 
   00294    0.4250   -1418.1488  0.7642 
   00295    0.5050   -1421.2932  0.7657 
   00296    0.4350   -1420.1550  0.7647 
   00297    0.4475   -1423.5114  0.7662 
   00298    0.4625   -1422.4527  0.7658 
   00299    0.4475   -1416.3534  0.7662 
   00300    0.4875   -1419.5692  0.7716 
   00301    0.4150   -1413.5197  0.7722 
   00302    0.4625   -1411.4854  0.7725 
   00303    0.4150   -1411.3567  0.7709 
   00304    0.4725   -1407.5554  0.7732 
   00305    0.4575   -1406.5342  0.7733 
   00306    0.4525   -1405.7066  0.7712 
   00307    0.4500   -1401.3980  0.7700 
   00308    0.4350   -1400.6611  0.7729 
   00309    0.4450   -1410.4587  0.7761 
   00310    0.4475   -1413.3312  0.7751 
   00311    0.4500   -1410.8859  0.7736 
   00312    0.4800   -1415.9664  0.7752 
   00313    0.4125   -1411.2634  0.7740 
   00314    0.4075   -1417.2630  0.7722 
   00315    0.4625   -1416.6328  0.7706 
   00316    0.4350   -1416.1766  0.7707 
   00317    0.4650   -1416.6683  0.7738 
   00318    0.4700   -1417.4519  0.7687 
   00319    0.4700   -1419.7155  0.7709 
   00320    0.4075   -1423.9513  0.7721 
   00321    0.4275   -1424.9104  0.7725 
   00322    0.4650   -1421.2664  0.7739 
   00323    0.4700   -1417.1888  0.7728 
   00324    0.4900   -1411.8925  0.7733 
   00325    0.4725   -1412.5000  0.7727 
   00326    0.4450   -1409.9418  0.7707 
   00327    0.4500   -1405.2470  0.7678 
   00328    0.4225   -1404.6244  0.7697 
   00329    0.4500   -1405.3171  0.7655 
   00330    0.4750   -1405.0125  0.7645 
   00331    0.3950   -1406.6953  0.7628 
   00332    0.4800   -1405.7134  0.7640 
   00333    0.4700   -1405.3821  0.7623 
   00334    0.4675   -1408.5321  0.7604 
   00335    0.4450   -1405.4324  0.7661 
   00336    0.4550   -1405.7191  0.7659 
   00337    0.4450   -1408.2031  0.7634 
   00338    0.4450   -1408.0931  0.7647 
   00339    0.4450   -1410.0104  0.7640 
   00340    0.4725   -1417.2162  0.7675 
   00341    0.4100   -1418.2772  0.7624 
   00342    0.4500   -1415.1749  0.7617 
   00343    0.4475   -1412.7751  0.7593 
   00344    0.4475   -1408.7347  0.7561 
   00345    0.4450   -1405.4444  0.7561 
   00346    0.4575   -1404.9331  0.7550 
   00347    0.4800   -1401.0283  0.7552 
   00348    0.4400   -1404.4068  0.7550 
   00349    0.4125   -1404.1056  0.7567 
   00350    0.4500   -1401.9777  0.7548 
   00351    0.4300   -1407.1940  0.7538 
   00352    0.4325   -1407.4657  0.7548 
   00353    0.4800   -1406.6422  0.7569 
   00354    0.4850   -1406.2267  0.7558 
   00355    0.4425   -1403.8175  0.7580 
   00356    0.4750   -1410.0305  0.7605 
   00357    0.4600   -1412.0324  0.7628 
   00358    0.4500   -1411.7605  0.7663 
   00359    0.4500   -1412.7848  0.7716 
   00360    0.4400   -1408.1777  0.7694 
   00361    0.4750   -1409.6343  0.7731 
   00362    0.4300   -1410.0920  0.7701 
   00363    0.4575   -1410.6662  0.7674 
   00364    0.4500   -1414.1391  0.7690 
   00365    0.4200   -1411.8935  0.7653 
   00366    0.4600   -1419.3086  0.7647 
   00367    0.4250   -1421.0359  0.7671 
   00368    0.4550   -1420.5499  0.7700 
   00369    0.4350   -1417.5188  0.7670 
   00370    0.4575   -1417.3440  0.7676 
   00371    0.3975   -1414.9773  0.7675 
   00372    0.4250   -1412.7478  0.7683 
   00373    0.4150   -1412.0496  0.7691 
   00374    0.4650   -1409.7249  0.7675 
   00375    0.4500   -1411.0122  0.7762 
   00376    0.4625   -1411.6073  0.7760 
   00377    0.4475   -1411.3945  0.7743 
   00378    0.4850   -1405.9411  0.7733 
   00379    0.4225   -1410.5454  0.7745 
   00380    0.4225   -1408.7169  0.7752 
   00381    0.4425   -1414.4364  0.7781 
   00382    0.4375   -1412.8685  0.7756 
   00383    0.4450   -1411.2855  0.7743 
   00384    0.4600   -1409.8170  0.7723 
   00385    0.4550   -1411.7524  0.7765 
   00386    0.4900   -1410.2339  0.7747 
   00387    0.4525   -1414.7583  0.7775 
   00388    0.4700   -1411.8533  0.7742 
   00389    0.4375   -1416.1820  0.7745 
   00390    0.3900   -1416.7621  0.7781 
   00391    0.4325   -1421.4543  0.7806 
   00392    0.4675   -1424.6718  0.7815 
   00393    0.4275   -1423.2049  0.7812 
   00394    0.4300   -1422.7209  0.7835 
   00395    0.4725   -1420.5906  0.7873 
   00396    0.4350   -1416.0670  0.7898 
   00397    0.4325   -1420.0977  0.7892 
   00398    0.3775   -1417.0978  0.7917 
   00399    0.4375   -1420.9625  0.7940 
   00400    0.4450   -1426.0716  0.7976 
   00401    0.4475   -1420.4050  0.7992 
   00402    0.4725   -1421.0985  0.8050 
   00403    0.4275   -1424.3296  0.8065 
   00404    0.4750   -1417.1968  0.8072 
   00405    0.4600   -1424.4980  0.8102 
   00406    0.4475   -1423.9542  0.8096 
   00407    0.4300   -1424.4983  0.8077 
   00408    0.4150   -1423.0973  0.8077 
   00409    0.4625   -1417.5237  0.8054 
   00410    0.4850   -1424.5189  0.8044 
   00411    0.4750   -1420.3603  0.8102 
   00412    0.4575   -1420.4652  0.8113 
   00413    0.4400   -1424.0954  0.8142 
   00414    0.4825   -1420.7315  0.8148 
   00415    0.4475   -1419.6353  0.8106 
   00416    0.4175   -1423.3981  0.8112 
   00417    0.4175   -1430.7600  0.8117 
   00418    0.4475   -1432.5724  0.8075 
   00419    0.4625   -1429.8185  0.8085 
   00420    0.3900   -1435.3886  0.8093 
   00421    0.4525   -1437.2782  0.8081 
   00422    0.4550   -1437.7483  0.8056 
   00423    0.4825   -1439.1030  0.8081 
   00424    0.3725   -1437.6020  0.8098 
   00425    0.3875   -1439.3073  0.8118 
   00426    0.4500   -1441.4852  0.8102 
   00427    0.4275   -1439.7337  0.8081 
   00428    0.4525   -1436.2994  0.8104 
   00429    0.4425   -1436.5765  0.8088 
   00430    0.4650   -1434.1438  0.8085 
   00431    0.4500   -1428.5621  0.8056 
   00432    0.5200   -1429.3620  0.8047 
   00433    0.4775   -1427.1483  0.8044 
   00434    0.4850   -1428.9555  0.8027 
   00435    0.4500   -1434.5360  0.8070 
   00436    0.4800   -1431.3105  0.8088 
   00437    0.4700   -1432.3173  0.8064 
   00438    0.4550   -1423.1378  0.8039 
   00439    0.4800   -1423.1438  0.8025 
   00440    0.4550   -1423.6721  0.8044 
   00441    0.4675   -1421.7796  0.8019 
   00442    0.4150   -1420.1872  0.8039 
   00443    0.4400   -1419.2772  0.8033 
   00444    0.4350   -1420.9943  0.7991 
   00445    0.4525   -1419.6597  0.8000 
   00446    0.4250   -1422.5186  0.8028 
   00447    0.4350   -1422.0339  0.8025 
   00448    0.4350   -1424.4165  0.8037 
   00449    0.4400   -1429.5246  0.8057 
   00450    0.4025   -1428.8967  0.8038 
   00451    0.4400   -1433.6452  0.8093 
   00452    0.4625   -1429.8665  0.8058 
   00453    0.4550   -1428.9677  0.8049 
   00454    0.5050   -1434.5507  0.8047 
   00455    0.4550   -1434.7603  0.8060 
   00456    0.4525   -1435.7260  0.8083 
   00457    0.4225   -1434.5762  0.8081 
   00458    0.4600   -1436.0756  0.8101 
   00459    0.3975   -1437.3442  0.8079 
   00460    0.4600   -1431.0437  0.8053 
   00461    0.4450   -1430.1048  0.8042 
   00462    0.4325   -1426.4249  0.8060 
   00463    0.4375   -1423.9615  0.8062 
   00464    0.4450   -1422.7752  0.8058 
   00465    0.4200   -1423.6643  0.8060 
   00466    0.4825   -1427.8911  0.8069 
   00467    0.4425   -1428.8444  0.8056 
   00468    0.4700   -1431.4870  0.8054 
   00469    0.4275   -1432.9427  0.8042 
   00470    0.4450   -1432.9376  0.8049 
   00471    0.4450   -1432.9362  0.8051 
   00472    0.4500   -1435.9362  0.8028 
   00473    0.4575   -1433.5199  0.8034 
   00474    0.4975   -1429.1338  0.8029 
   00475    0.4050   -1424.2113  0.8039 
   00476    0.4575   -1425.4798  0.8059 
   00477    0.4550   -1427.1215  0.8064 
   00478    0.4200   -1428.3624  0.8071 
   00479    0.4350   -1426.5262  0.8103 
   00480    0.4500   -1427.0578  0.8118 
   00481    0.4575   -1428.6166  0.8114 
   00482    0.4350   -1431.8499  0.8123 
   00483    0.4175   -1427.4647  0.8138 
   00484    0.4525   -1431.5271  0.8188 
   00485    0.4700   -1429.6246  0.8191 
   00486    0.4625   -1422.3663  0.8186 
   00487    0.4300   -1426.9081  0.8193 
   00488    0.4600   -1427.0603  0.8219 
   00489    0.4500   -1426.6279  0.8233 
   00490    0.4375   -1425.9819  0.8223 
   00491    0.4775   -1427.3782  0.8225 
   00492    0.4475   -1428.0802  0.8215 
   00493    0.4700   -1427.6521  0.8238 
   00494    0.5050   -1424.5619  0.8191 
   00495    0.4525   -1424.7748  0.8160 
   00496    0.4625   -1420.4537  0.8139 
   00497    0.4400   -1417.0848  0.8192 
   00498    0.4700   -1418.2405  0.8232 
   00499    0.4275   -1418.3405  0.8262 
   00500    0.4550   -1415.6225  0.8245 
   00501    0.4575   -1420.4155  0.8258 
   00502    0.4250   -1426.1692  0.8263 
   00503    0.4725   -1426.6259  0.8237 
   00504    0.4175   -1430.7380  0.8265 
   00505    0.4025   -1424.6938  0.8253 
   00506    0.4450   -1422.6527  0.8219 
   00507    0.4625   -1424.2558  0.8199 
   00508    0.4575   -1429.6841  0.8231 
   00509    0.4575   -1432.5683  0.8238 
   00510    0.4150   -1427.1929  0.8196 
   00511    0.4075   -1430.8152  0.8167 
   00512    0.4150   -1430.6096  0.8179 
   00513    0.4175   -1433.5985  0.8208 
   00514    0.4675   -1436.9083  0.8212 
   00515    0.4025   -1436.4512  0.8220 
   00516    0.4625   -1442.0880  0.8237 
   00517    0.4400   -1442.8141  0.8257 
   00518    0.4600   -1443.2657  0.8242 
   00519    0.4450   -1440.2100  0.8234 
   00520    0.4500   -1440.8441  0.8233 
   00521    0.4575   -1434.1971  0.8171 
   00522    0.4625   -1436.3390  0.8192 
   00523    0.4700   -1435.3601  0.8210 
   00524    0.4650   -1435.6080  0.8214 
   00525    0.4200   -1430.7635  0.8213 
   00526    0.4225   -1430.5987  0.8223 
   00527    0.4725   -1432.6387  0.8253 
   00528    0.4400   -1429.9520  0.8286 
   00529    0.5175   -1426.5788  0.8237 
   00530    0.4350   -1430.6074  0.8259 
   00531    0.4425   -1428.8391  0.8249 
   00532    0.4500   -1430.5435  0.8208 
   00533    0.4650   -1433.7248  0.8177 
   00534    0.4775   -1435.8037  0.8196 
   00535    0.4425   -1435.8916  0.8253 
   00536    0.4250   -1432.1308  0.8232 
   00537    0.4350   -1431.3079  0.8195 
   00538    0.4325   -1429.0254  0.8199 
   00539    0.4300   -1431.9848  0.8196 
   00540    0.4325   -1429.9578  0.8190 
   00541    0.4400   -1431.2967  0.8162 
   00542    0.4000   -1429.3117  0.8182 
   00543    0.4800   -1426.5326  0.8163 
   00544    0.4200   -1430.7744  0.8156 
   00545    0.4400   -1430.0305  0.8141 
   00546    0.4575   -1424.6306  0.8114 
   00547    0.4225   -1426.3479  0.8083 
   00548    0.4450   -1429.9546  0.8074 
   00549    0.4675   -1437.3333  0.8085 
   00550    0.4725   -1437.5296  0.8071 
   00551    0.4075   -1441.5297  0.8099 
   00552    0.4275   -1442.3639  0.8072 
   00553    0.4375   -1444.1733  0.8047 
   00554    0.4500   -1439.4577  0.8080 
   00555    0.4675   -1436.1705  0.8092 
   00556    0.4475   -1444.9454  0.8102 
   00557    0.4125   -1446.7185  0.8122 
   00558    0.4500   -1444.5434  0.8118 
   00559    0.4375   -1442.0199  0.8116 
   00560    0.4625   -1446.7131  0.8173 
   00561    0.4775   -1454.7449  0.8172 
   00562    0.4525   -1457.3898  0.8164 
   00563    0.4950   -1458.2963  0.8192 
   00564    0.4600   -1452.8644  0.8202 
   00565    0.4600   -1452.1506  0.8213 
   00566    0.4475   -1453.0934  0.8230 
   00567    0.4275   -1451.5613  0.8223 
   00568    0.4425   -1450.6303  0.8213 
   00569    0.4575   -1446.6779  0.8197 
   00570    0.4325   -1447.8052  0.8229 
   00571    0.4425   -1445.5311  0.8229 
   00572    0.4525   -1444.4672  0.8255 
   00573    0.4550   -1440.6322  0.8247 
   00574    0.4350   -1440.9423  0.8252 
   00575    0.4475   -1443.0225  0.8286 
   00576    0.4475   -1437.5952  0.8268 
   00577    0.4850   -1438.1023  0.8272 
   00578    0.4250   -1438.8259  0.8277 
   00579    0.3975   -1442.3824  0.8319 
   00580    0.4350   -1444.1280  0.8338 
   00581    0.4675   -1444.9079  0.8356 
   00582    0.4400   -1438.0211  0.8314 
   00583    0.4600   -1444.1060  0.8357 
   00584    0.5175   -1443.7075  0.8345 
   00585    0.4225   -1438.3013  0.8315 
   00586    0.4175   -1437.4025  0.8304 
   00587    0.4850   -1441.1844  0.8324 
   00588    0.4550   -1444.6661  0.8346 
   00589    0.4375   -1448.9560  0.8373 
   00590    0.4375   -1454.5369  0.8413 
   00591    0.4625   -1449.8994  0.8406 
   00592    0.4525   -1446.1626  0.8433 
   00593    0.4000   -1442.8656  0.8398 
   00594    0.4375   -1449.0671  0.8447 
   00595    0.4700   -1447.8110  0.8447 
   00596    0.4625   -1448.7375  0.8421 
   00597    0.4500   -1447.8652  0.8416 
   00598    0.4750   -1453.3649  0.8410 
   00599    0.4600   -1453.9049  0.8413 
   00600    0.4675   -1455.0267  0.8398 
   00601    0.4350   -1449.1498  0.8349 
   00602    0.3750   -1448.6990  0.8330 
   00603    0.4725   -1450.2043  0.8359 
   00604    0.4675   -1450.7131  0.8374 
   00605    0.4325   -1447.4240  0.8345 
   00606    0.4300   -1444.4707  0.8360 
   00607    0.3950   -1445.0655  0.8351 
   00608    0.4875   -1449.3828  0.8408 
   00609    0.4800   -1453.5351  0.8419 
   00610    0.4150   -1453.0132  0.8405 
   00611    0.4900   -1452.2896  0.8417 
   00612    0.4325   -1455.9474  0.8440 
   00613    0.4250   -1457.4680  0.8450 
   00614    0.4000   -1457.1656  0.8448 
   00615    0.4600   -1455.6351  0.8422 
   00616    0.4400   -1446.8014  0.8383 
   00617    0.4250   -1444.0396  0.8367 
   00618    0.4575   -1452.8167  0.8388 
   00619    0.3825   -1451.5620  0.8421 
   00620    0.4025   -1446.1348  0.8389 
   00621    0.4450   -1443.8739  0.8379 
   00622    0.4075   -1446.1166  0.8397 
   00623    0.4275   -1442.4038  0.8362 
   00624    0.4225   -1444.7000  0.8362 
   00625    0.4225   -1444.2446  0.8404 
   00626    0.4725   -1451.1563  0.8459 
   00627    0.4750   -1449.3634  0.8462 
   00628    0.4350   -1448.9962  0.8481 
   00629    0.4525   -1450.9490  0.8444 
   00630    0.4625   -1448.3591  0.8472 
   00631    0.4100   -1447.3717  0.8472 
   00632    0.4225   -1447.6554  0.8475 
   00633    0.4600   -1450.5392  0.8480 
   00634    0.4025   -1450.7354  0.8492 
   00635    0.4675   -1452.0587  0.8486 
   00636    0.4375   -1453.6410  0.8483 
   00637    0.5075   -1453.4791  0.8516 
   00638    0.4275   -1450.4766  0.8506 
   00639    0.3875   -1449.9960  0.8540 
   00640    0.4475   -1445.6342  0.8532 
   00641    0.4425   -1441.1906  0.8542 
   00642    0.5075   -1445.7194  0.8544 
   00643    0.4475   -1445.4830  0.8531 
   00644    0.3925   -1444.5501  0.8524 
   00645    0.4325   -1446.0669  0.8563 
   00646    0.4425   -1448.1759  0.8575 
   00647    0.4675   -1444.1568  0.8589 
   00648    0.4350   -1442.6800  0.8576 
   00649    0.4550   -1442.6073  0.8578 
   00650    0.5000   -1442.2043  0.8582 
   00651    0.4450   -1442.3476  0.8584 
   00652    0.4250   -1443.4904  0.8584 
   00653    0.4550   -1443.5575  0.8587 
   00654    0.4125   -1447.1938  0.8603 
   00655    0.4600   -1443.0594  0.8587 
   00656    0.4175   -1436.7171  0.8593 
   00657    0.4800   -1438.5105  0.8590 
   00658    0.4600   -1441.7311  0.8573 
   00659    0.4225   -1442.0831  0.8593 
   00660    0.4525   -1446.5359  0.8571 
   00661    0.4350   -1449.9346  0.8570 
   00662    0.3900   -1457.9238  0.8623 
   00663    0.4150   -1447.7618  0.8609 
   00664    0.4075   -1450.6273  0.8631 
   00665    0.4700   -1449.9126  0.8606 
   00666    0.4450   -1453.1102  0.8642 
   00667    0.5100   -1452.9028  0.8650 
   00668    0.4750   -1459.0683  0.8667 
   00669    0.4450   -1455.7733  0.8676 
   00670    0.4275   -1455.9590  0.8681 
   00671    0.4425   -1465.8054  0.8701 
   00672    0.4250   -1467.2269  0.8683 
   00673    0.4525   -1463.5479  0.8694 
   00674    0.4600   -1466.6525  0.8723 
   00675    0.4425   -1466.7598  0.8729 
   00676    0.4425   -1467.2603  0.8713 
   00677    0.4825   -1467.1617  0.8702 
   00678    0.4125   -1467.4110  0.8723 
   00679    0.4575   -1461.1204  0.8707 
   00680    0.4450   -1456.2166  0.8708 
   00681    0.4625   -1453.8442  0.8680 
   00682    0.4075   -1451.6295  0.8662 
   00683    0.3700   -1455.5189  0.8691 
   00684    0.4325   -1453.4984  0.8682 
   00685    0.4100   -1451.7192  0.8664 
   00686    0.4525   -1446.9129  0.8653 
   00687    0.4200   -1447.0206  0.8655 
   00688    0.4875   -1447.5478  0.8692 
   00689    0.4350   -1446.9914  0.8714 
   00690    0.4375   -1445.2218  0.8718 
   00691    0.4375   -1447.8980  0.8733 
   00692    0.4150   -1449.1306  0.8734 
   00693    0.4950   -1455.1952  0.8707 
   00694    0.4300   -1454.4122  0.8693 
   00695    0.4500   -1454.4152  0.8702 
   00696    0.3950   -1449.7318  0.8676 
   00697    0.4450   -1442.9602  0.8671 
   00698    0.4750   -1442.8552  0.8672 
   00699    0.4600   -1438.1956  0.8657 
   00700    0.4575   -1438.3144  0.8673 
   00701    0.4475   -1439.2962  0.8695 
   00702    0.4975   -1440.7423  0.8704 
   00703    0.4400   -1439.7479  0.8701 
   00704    0.4500   -1442.7938  0.8702 
   00705    0.4175   -1448.9078  0.8719 
   00706    0.4950   -1450.1242  0.8699 
   00707    0.4400   -1452.1842  0.8702 
   00708    0.4300   -1451.9334  0.8701 
   00709    0.4000   -1451.3262  0.8701 
   00710    0.4375   -1450.3400  0.8713 
   00711    0.5250   -1455.6880  0.8752 
   00712    0.4250   -1453.3343  0.8698 
   00713    0.4200   -1451.8668  0.8683 
   00714    0.4500   -1453.6909  0.8698 
   00715    0.4525   -1454.9098  0.8707 
   00716    0.4600   -1454.2410  0.8737 
   00717    0.4100   -1452.3110  0.8740 
   00718    0.4525   -1450.8796  0.8756 
   00719    0.4525   -1453.5210  0.8749 
   00720    0.4650   -1450.9339  0.8740 
   00721    0.4400   -1454.1438  0.8721 
   00722    0.4775   -1457.1101  0.8719 
   00723    0.4875   -1456.7375  0.8722 
   00724    0.3975   -1454.8352  0.8721 
   00725    0.4450   -1452.7916  0.8695 
   00726    0.4775   -1456.2813  0.8710 
   00727    0.4550   -1453.9378  0.8711 
   00728    0.4825   -1452.6165  0.8695 
   00729    0.4675   -1456.4289  0.8722 
   00730    0.4300   -1463.4990  0.8733 
   00731    0.4325   -1461.1741  0.8710 
   00732    0.4550   -1462.9589  0.8737 
   00733    0.3850   -1462.0973  0.8707 
   00734    0.4575   -1464.6779  0.8726 
   00735    0.4650   -1464.7451  0.8705 
   00736    0.4550   -1463.1642  0.8702 
   00737    0.4300   -1463.5627  0.8706 
   00738    0.4800   -1462.5319  0.8694 
   00739    0.4650   -1462.1884  0.8702 
   00740    0.3700   -1459.4730  0.8683 
   00741    0.4825   -1461.1856  0.8683 
   00742    0.4050   -1460.2197  0.8643 
   00743    0.3775   -1462.7908  0.8665 
   00744    0.4225   -1463.2951  0.8699 
   00745    0.4250   -1460.5603  0.8694 
   00746    0.4275   -1456.8443  0.8645 
   00747    0.4175   -1456.1272  0.8697 
   00748    0.4200   -1456.7646  0.8658 
   00749    0.4700   -1453.6252  0.8614 
   00750    0.4275   -1458.3988  0.8589 
   00751    0.4125   -1458.9495  0.8571 
   00752    0.3625   -1458.3232  0.8548 
   00753    0.4725   -1456.5822  0.8538 
   00754    0.4850   -1455.3922  0.8551 
   00755    0.4325   -1454.6506  0.8544 
   00756    0.4625   -1456.5350  0.8533 
   00757    0.4450   -1453.4576  0.8504 
   00758    0.4625   -1456.5115  0.8522 
   00759    0.4475   -1458.5810  0.8523 
   00760    0.4050   -1457.1429  0.8533 
   00761    0.4050   -1457.1594  0.8532 
   00762    0.4650   -1451.9567  0.8501 
   00763    0.4425   -1450.5606  0.8509 
   00764    0.4450   -1446.0060  0.8482 
   00765    0.4000   -1445.5036  0.8449 
   00766    0.4825   -1444.5736  0.8456 
   00767    0.4875   -1438.0805  0.8451 
   00768    0.4450   -1435.9523  0.8503 
   00769    0.4075   -1439.9893  0.8505 
   00770    0.4300   -1438.6883  0.8487 
   00771    0.4775   -1435.5387  0.8484 
   00772    0.4250   -1437.5038  0.8490 
   00773    0.4450   -1440.5671  0.8469 
   00774    0.4525   -1441.6007  0.8484 
   00775    0.4350   -1440.9527  0.8504 
   00776    0.4825   -1438.2390  0.8501 
   00777    0.4100   -1442.0849  0.8533 
   00778    0.4675   -1440.0822  0.8504 
   00779    0.4125   -1439.0436  0.8519 
   00780    0.4225   -1439.5935  0.8540 
   00781    0.4800   -1437.9679  0.8534 
   00782    0.3900   -1441.1032  0.8522 
   00783    0.4525   -1440.0794  0.8490 
   00784    0.4275   -1441.4072  0.8449 
   00785    0.4225   -1442.1709  0.8461 
   00786    0.4600   -1441.4721  0.8421 
   00787    0.4675   -1439.2269  0.8401 
   00788    0.4475   -1440.6442  0.8392 
   00789    0.3700   -1443.2008  0.8387 
   00790    0.4750   -1443.7927  0.8386 
   00791    0.4550   -1448.4616  0.8447 
   00792    0.4750   -1444.8968  0.8459 
   00793    0.4250   -1439.9420  0.8465 
   00794    0.4600   -1436.2955  0.8441 
   00795    0.4400   -1435.0872  0.8415 
   00796    0.4850   -1433.9508  0.8430 
   00797    0.4400   -1429.4030  0.8427 
   00798    0.4500   -1428.9360  0.8408 
   00799    0.3750   -1432.6639  0.8443 
   00800    0.4625   -1436.8561  0.8495 
   00801    0.4400   -1441.4571  0.8525 
   00802    0.4400   -1438.1643  0.8540 
   00803    0.4800   -1440.1653  0.8516 
   00804    0.4575   -1449.6606  0.8551 
   00805    0.4500   -1451.6889  0.8589 
   00806    0.4400   -1450.2309  0.8619 
   00807    0.5125   -1450.6867  0.8612 
   00808    0.4575   -1447.0052  0.8601 
   00809    0.4675   -1441.2618  0.8574 
   00810    0.4275   -1443.5553  0.8587 
   00811    0.4300   -1447.0739  0.8604 
   00812    0.4450   -1442.6221  0.8610 
   00813    0.4500   -1441.1641  0.8609 
   00814    0.4375   -1439.4972  0.8580 
   00815    0.4425   -1443.2039  0.8594 
   00816    0.4225   -1443.6923  0.8572 
   00817    0.4625   -1448.6059  0.8588 
   00818    0.4375   -1445.7149  0.8551 
   00819    0.4575   -1449.0885  0.8545 
   00820    0.4075   -1450.1018  0.8537 
   00821    0.4575   -1446.2229  0.8492 
   00822    0.4600   -1444.8102  0.8525 
   00823    0.4225   -1446.1419  0.8535 
   00824    0.4225   -1444.4621  0.8501 
   00825    0.4150   -1449.0958  0.8482 
   00826    0.4500   -1453.0718  0.8493 
   00827    0.4575   -1454.6490  0.8505 
   00828    0.4550   -1452.6652  0.8483 
   00829    0.4225   -1454.9398  0.8520 
   00830    0.4925   -1456.6480  0.8524 
   00831    0.4550   -1454.3955  0.8508 
   00832    0.4625   -1453.1167  0.8502 
   00833    0.4300   -1451.6550  0.8550 
   00834    0.4525   -1445.6327  0.8552 
   00835    0.4925   -1448.1341  0.8598 
   00836    0.4450   -1442.8110  0.8592 
   00837    0.5000   -1449.7346  0.8603 
   00838    0.4425   -1449.1627  0.8642 
   00839    0.4675   -1444.7533  0.8636 
   00840    0.4575   -1437.6856  0.8598 
   00841    0.4700   -1441.3361  0.8568 
   00842    0.4700   -1444.8904  0.8577 
   00843    0.4725   -1445.0358  0.8570 
   00844    0.4750   -1444.1770  0.8538 
   00845    0.4250   -1445.8663  0.8539 
   00846    0.4100   -1448.7636  0.8552 
   00847    0.4650   -1447.6171  0.8535 
   00848    0.4150   -1449.7317  0.8553 
   00849    0.4250   -1453.6702  0.8574 
   00850    0.4675   -1448.6519  0.8556 
   00851    0.4200   -1447.5312  0.8558 
   00852    0.4500   -1447.1605  0.8548 
   00853    0.4325   -1446.1931  0.8561 
   00854    0.4125   -1446.8727  0.8565 
   00855    0.4425   -1444.5016  0.8569 
   00856    0.4500   -1442.8672  0.8558 
   00857    0.4100   -1443.4611  0.8582 
   00858    0.4575   -1444.7571  0.8614 
   00859    0.4575   -1449.7725  0.8639 
   00860    0.4775   -1450.6036  0.8660 
   00861    0.4525   -1447.0007  0.8650 
   00862    0.4225   -1449.8903  0.8648 
   00863    0.4675   -1453.1702  0.8665 
   00864    0.4425   -1457.2084  0.8684 
   00865    0.4250   -1456.7349  0.8678 
   00866    0.4325   -1449.2839  0.8633 
   00867    0.4225   -1453.3987  0.8623 
   00868    0.4125   -1450.0322  0.8649 
   00869    0.4400   -1448.1491  0.8606 
   00870    0.4625   -1444.8590  0.8619 
   00871    0.4325   -1438.3890  0.8599 
   00872    0.4225   -1436.0514  0.8586 
   00873    0.4800   -1431.5242  0.8565 
   00874    0.4850   -1431.2983  0.8559 
   00875    0.4175   -1433.9434  0.8537 
   00876    0.5200   -1436.7044  0.8563 
   00877    0.4600   -1436.7495  0.8579 
   00878    0.4500   -1438.6733  0.8604 
   00879    0.4325   -1440.3700  0.8606 
   00880    0.4575   -1442.4440  0.8596 
   00881    0.4550   -1440.0971  0.8574 
   00882    0.4425   -1442.5486  0.8620 
   00883    0.4175   -1441.7432  0.8640 
   00884    0.4625   -1441.7809  0.8632 
   00885    0.4225   -1439.3254  0.8635 
   00886    0.4850   -1446.4228  0.8644 
   00887    0.4500   -1446.1371  0.8684 
   00888    0.4825   -1444.2695  0.8686 
   00889    0.4850   -1446.1171  0.8711 
   00890    0.4725   -1447.0858  0.8675 
   00891    0.4375   -1446.8776  0.8665 
   00892    0.4900   -1448.8092  0.8653 
   00893    0.4400   -1449.6686  0.8669 
   00894    0.4075   -1450.1747  0.8701 
   00895    0.4275   -1446.8956  0.8707 
   00896    0.4325   -1447.1152  0.8684 
   00897    0.4500   -1453.7450  0.8700 
   00898    0.4675   -1449.0921  0.8659 
   00899    0.4525   -1455.7354  0.8660 
   00900    0.4300   -1463.4158  0.8652 
   00901    0.4425   -1456.2531  0.8644 
   00902    0.4425   -1459.9775  0.8680 
   00903    0.4725   -1457.4068  0.8641 
   00904    0.4550   -1452.7668  0.8633 
   00905    0.4550   -1449.2041  0.8610 
   00906    0.4225   -1449.5084  0.8623 
   00907    0.4450   -1446.7008  0.8634 
   00908    0.4350   -1446.0651  0.8651 
   00909    0.4575   -1447.3212  0.8663 
   00910    0.4625   -1445.4390  0.8690 
   00911    0.4600   -1445.2417  0.8693 
   00912    0.4050   -1445.0363  0.8725 
   00913    0.4550   -1445.2319  0.8730 
   00914    0.4450   -1451.0383  0.8753 
   00915    0.4175   -1450.4510  0.8747 
   00916    0.4450   -1449.4719  0.8722 
   00917    0.4400   -1453.7178  0.8736 
   00918    0.4475   -1456.2795  0.8753 
   00919    0.4350   -1454.2605  0.8749 
   00920    0.4375   -1454.9966  0.8751 
   00921    0.4650   -1454.6746  0.8792 
   00922    0.4075   -1460.4104  0.8812 
   00923    0.3975   -1452.8743  0.8780 
   00924    0.4900   -1446.2790  0.8788 
   00925    0.4125   -1450.5852  0.8806 
   00926    0.4200   -1450.6255  0.8826 
   00927    0.4775   -1448.0310  0.8796 
   00928    0.4625   -1445.9390  0.8821 
   00929    0.4800   -1443.6442  0.8781 
   00930    0.4150   -1443.4006  0.8775 
   00931    0.4600   -1441.6313  0.8775 
   00932    0.4100   -1440.5662  0.8775 
   00933    0.4150   -1445.0181  0.8800 
   00934    0.4300   -1444.0260  0.8792 
   00935    0.4775   -1442.3357  0.8816 
   00936    0.4375   -1444.8475  0.8824 
   00937    0.4325   -1446.4424  0.8834 
   00938    0.4150   -1446.4371  0.8847 
   00939    0.4875   -1447.8909  0.8827 
   00940    0.4450   -1451.2704  0.8836 
   00941    0.4800   -1451.7992  0.8845 
   00942    0.4450   -1452.6396  0.8855 
   00943    0.4100   -1447.8296  0.8835 
   00944    0.4450   -1452.3592  0.8870 
   00945    0.4525   -1449.6226  0.8860 
   00946    0.4325   -1453.8472  0.8877 
   00947    0.4250   -1454.5044  0.8881 
   00948    0.4900   -1452.2721  0.8875 
   00949    0.4050   -1447.9043  0.8850 
   00950    0.4425   -1452.8516  0.8880 
   00951    0.5275   -1464.6252  0.8907 
   00952    0.4200   -1465.6008  0.8907 
   00953    0.3925   -1467.2228  0.8927 
   00954    0.4475   -1467.2049  0.8926 
   00955    0.4800   -1470.3076  0.8926 
   00956    0.4400   -1475.0172  0.8955 
   00957    0.4400   -1474.7902  0.8990 
   00958    0.4625   -1472.1078  0.8987 
   00959    0.4100   -1474.0752  0.8955 
   00960    0.4500   -1474.9642  0.8979 
   00961    0.4700   -1469.8723  0.8955 
   00962    0.4600   -1468.7025  0.8932 
   00963    0.4325   -1471.9594  0.8935 
   00964    0.4475   -1469.0559  0.8925 
   00965    0.4325   -1469.3355  0.8970 
   00966    0.4600   -1461.9108  0.8949 
   00967    0.4525   -1465.2057  0.8940 
   00968    0.4450   -1463.1661  0.8936 
   00969    0.4725   -1461.6031  0.8897 
   00970    0.4025   -1461.8685  0.8906 
   00971    0.4750   -1458.7579  0.8906 
   00972    0.4875   -1456.1958  0.8905 
   00973    0.4425   -1455.3673  0.8908 
   00974    0.4125   -1453.9233  0.8918 
   00975    0.4625   -1451.8461  0.8908 
   00976    0.4350   -1450.6465  0.8908 
   00977    0.4175   -1454.6760  0.8911 
   00978    0.4500   -1456.6312  0.8914 
   00979    0.4675   -1455.8462  0.8931 
   00980    0.4500   -1456.8868  0.8923 
   00981    0.4750   -1455.1028  0.8913 
   00982    0.4675   -1454.4732  0.8913 
   00983    0.4350   -1457.9669  0.8890 
   00984    0.4475   -1456.7538  0.8895 
   00985    0.4500   -1456.0489  0.8878 
   00986    0.4575   -1452.3190  0.8875 
   00987    0.4675   -1444.6476  0.8806 
   00988    0.4500   -1448.4929  0.8790 
   00989    0.4700   -1450.8495  0.8801 
   00990    0.3900   -1454.0926  0.8792 
   00991    0.4625   -1454.9729  0.8770 
   00992    0.4025   -1453.1772  0.8794 
   00993    0.4250   -1460.9205  0.8821 
   00994    0.3975   -1461.1402  0.8810 
   00995    0.4425   -1455.4191  0.8801 
   00996    0.4325   -1455.9364  0.8781 
   00997    0.4550   -1448.1398  0.8765 
   00998    0.4400   -1446.5232  0.8766 
   00999    0.4675   -1440.3278  0.8718 
   01000    0.4450   -1439.1990  0.8749 
