#=====================================================
# File created:        Wed-05-Nov-2025-at-03-24-11AM
# Size of lattice:     20x20
# Number of MC steps:  1000
# Reduced temperature: 0.100
# Run time (s):        1.925037
#=====================================================
# MC step:  Ratio:     Energy:   Order:
#=====================================================
   00000    0.5000    -378.6846  0.2649 
   00001    0.4700    -387.0204  0.3263 
   00002    0.5125    -411.3213  0.3316 
   00003    0.4950    -430.2240  0.3289 
   00004    0.5300    -454.1819  0.3273 
   00005    0.4825    -471.5083  0.3235 
   00006    0.5375    -494.7847  0.3284 
   00007    0.4950    -521.0840  0.3304 
   00008    0.4750    -535.5616  0.3311 
   00009    0.5400    -549.6625  0.3312 
   00010    0.5200    -566.6730  0.3336 
   00011    0.5075    -584.0567  0.3317 
   00012    0.5625    -597.9314  0.3340 
   00013    0.5100    -616.7415  0.3352 
   00014    0.5125    -627.9768  0.3346 
   00015    0.5300    -644.1640  0.3358 
   00016    0.5350    -663.7041  0.3366 
   00017    0.4725    -673.3816  0.3368 
   00018    0.5450    -684.0650  0.3414 
   00019    0.4975    -699.8532  0.3422 
   00020    0.5000    -713.6645  0.3376 
   00021    0.5175    -723.2823  0.3410 
   00022    0.5225    -739.7675  0.3414 
   00023    0.5325    -750.8521  0.3375 
   00024    0.5075    -769.8664  0.3359 
   00025    0.4875    -781.9320  0.3350 
   00026    0.5125    -790.9780  0.3325 
   00027    0.5250    -806.2477  0.3378 
   00028    0.5175    -821.2506  0.3396 
   00029    0.5100    -838.0893  0.3374 
   00030    0.5150    -849.3126  0.3374 
   00031    0.5425    -856.4821  0.3413 
   00032    0.5400    -863.2707  0.3424 
   00033    0.5025    -873.7653  0.3420 
   00034    0.4775    -881.0107  0.3456 
   00035    0.5425    -891.5784  0.3470 
   00036    0.5125    -905.3345  0.3519 
   00037    0.5550    -919.7300  0.3499 
   00038    0.5050    -937.7413  0.3504 
   00039    0.5275    -942.3993  0.3534 
   00040    0.4975    -962.2397  0.3492 
   00041    0.5225    -977.8674  0.3526 
   00042    0.5075    -995.2659  0.3559 
   00043    0.4975   -1001.7616  0.3583 
   00044    0.5200   -1013.3351  0.3604 
   00045    0.5275   -1020.2573  0.3618 
   00046    0.5475   -1026.3383  0.3637 
   00047    0.4775   -1031.7393  0.3670 
   00048    0.5325   -1041.6549  0.3693 
   00049    0.4925   -1050.1129  0.3702 
   00050    0.5350   -1064.1878  0.3679 
   00051    0.5275   -1065.9454  0.3673 
   00052    0.4750   -1068.6270  0.3653 
   00053    0.4925   -1076.9218  0.3636 
   00054    0.4950   -1084.5609  0.3651 
   00055    0.4750   -1094.5383  0.3713 
   00056    0.5250   -1103.0620  0.3747 
   00057    0.4900   -1108.8079  0.3759 
   00058    0.5475   -1115.3278  0.3780 
   00059    0.5075   -1117.8526  0.3781 
   00060    0.5375   -1122.4897  0.3778 
   00061    0.5150   -1130.2591  0.3749 
   00062    0.5025   -1134.4534  0.3747 
   00063    0.5525   -1141.5022  0.3790 
   00064    0.5075   -1144.9360  0.3833 
   00065    0.5300   -1151.9159  0.3829 
   00066    0.5200   -1155.3415  0.3850 
   00067    0.5450   -1158.7722  0.3836 
   00068    0.4750   -1160.5848  0.3843 
   00069    0.5075   -1162.4569  0.3862 
   00070    0.5000   -1167.4478  0.3858 
   00071    0.4875   -1170.9383  0.3917 
   00072    0.5275   -1171.0743  0.3923 
   00073    0.5050   -1177.3989  0.3904 
   00074    0.4775   -1187.2067  0.3941 
   00075    0.4975   -1187.3442  0.3964 
   00076    0.4550   -1192.6659  0.4002 
   00077    0.5050   -1195.7795  0.3951 
   00078    0.5400   -1200.4266  0.3977 
   00079    0.4775   -1200.9464  0.3923 
   00080    0.4900   -1207.0424  0.3906 
   00081    0.5025   -1210.8998  0.3897 
   00082    0.5050   -1214.5801  0.3918 
   00083    0.5025   -1215.8360  0.3931 
   00084    0.4600   -1217.2174  0.3921 
   00085    0.5450   -1220.3464  0.3970 
   00086    0.4975   -1223.1691  0.3977 
   00087    0.5400   -1223.9141  0.3964 
   00088    0.4950   -1227.0223  0.3968 
   00089    0.4800   -1228.3032  0.3960 
   00090    0.5200   -1229.3670  0.3947 
   00091    0.5025   -1228.9008  0.3960 
   00092    0.5725   -1235.0942  0.3975 
   00093    0.5075   -1239.0288  0.3974 
   00094    0.5100   -1240.8426  0.3984 
   00095    0.5300   -1243.2985  0.3969 
   00096    0.5125   -1245.4934  0.3943 
   00097    0.5025   -1249.2694  0.3925 
   00098    0.4625   -1251.9699  0.3893 
   00099    0.4775   -1253.8095  0.3929 
   00100    0.5000   -1256.5441  0.3912 
   00101    0.4975   -1260.8373  0.3919 
   00102    0.4900   -1262.3586  0.3917 
   00103    0.4875   -1265.1515  0.3923 
   00104    0.5025   -1268.5319  0.3955 
   00105    0.5150   -1271.2567  0.4004 
   00106    0.5250   -1275.4250  0.4014 
   00107    0.5000   -1277.7853  0.4046 
   00108    0.4925   -1282.9822  0.4073 
   00109    0.5050   -1284.4868  0.4098 
   00110    0.4975   -1287.2344  0.4105 
   00111    0.5250   -1291.0607  0.4123 
   00112    0.5175   -1294.2467  0.4124 
   00113    0.5200   -1296.3965  0.4124 
   00114    0.5225   -1298.2558  0.4130 
   00115    0.4800   -1302.1348  0.4146 
   00116    0.4875   -1300.9939  0.4168 
   00117    0.4825   -1302.7219  0.4175 
   00118    0.4725   -1304.2130  0.4177 
   00119    0.5100   -1306.6788  0.4159 
   00120    0.5275   -1309.6659  0.4176 
   00121    0.5200   -1308.2625  0.4176 
   00122    0.4850   -1311.6464  0.4179 
   00123    0.5400   -1317.5157  0.4162 
   00124    0.4925   -1320.7013  0.4168 
   00125    0.5600   -1323.4644  0.4166 
   00126    0.5075   -1326.2464  0.4186 
   00127    0.4775   -1326.6538  0.4178 
   00128    0.4750   -1329.1149  0.4215 
   00129    0.4850   -1327.9811  0.4214 
   00130    0.4625   -1329.1823  0.4228 
   00131    0.5050   -1329.4101  0.4228 
   00132    0.4575   -1330.4112  0.4248 
   00133    0.4950   -1333.0973  0.4286 
   00134    0.5325   -1330.9247  0.4330 
   00135    0.5075   -1334.9110  0.4351 
   00136    0.5225   -1333.5140  0.4347 
   00137    0.4950   -1335.8477  0.4348 
   00138    0.4500   -1338.2921  0.4351 
   00139    0.4800   -1340.2676  0.4351 
   00140    0.5000   -1340.4449  0.4421 
   00141    0.5000   -1341.2716  0.4404 
   00142    0.4575   -1340.9330  0.4388 
   00143    0.4925   -1338.4906  0.4342 
   00144    0.4550   -1340.4004  0.4361 
   00145    0.4800   -1341.7966  0.4359 
   00146    0.5225   -1344.2162  0.4368 
   00147    0.4750   -1340.7911  0.4356 
   00148    0.5050   -1343.9612  0.4362 
   00149    0.4925   -1344.5454  0.4354 
   00150    0.4725   -1348.4214  0.4375 
   00151    0.4650   -1349.9080  0.4355 
   00152    0.4875   -1351.3495  0.4348 
   00153    0.4900   -1350.1019  0.4368 
   00154    0.5425   -1353.2007  0.4386 
   00155    0.4925   -1354.7054  0.4414 
   00156    0.4725   -1356.2934  0.4424 
   00157    0.5100   -1358.9945  0.4457 
   00158    0.4225   -1360.3514  0.4452 
   00159    0.5300   -1359.1799  0.4472 
   00160    0.5150   -1361.2468  0.4474 
   00161    0.4975   -1360.9670  0.4495 
   00162    0.5075   -1360.8808  0.4488 
   00163    0.4550   -1361.4293  0.4469 
   00164    0.4850   -1362.3741  0.4464 
   00165    0.5000   -1364.3678  0.4471 
   00166    0.4850   -1367.2409  0.4476 
   00167    0.5000   -1366.6949  0.4448 
   00168    0.5100   -1370.5240  0.4449 
   00169    0.5150   -1370.9413  0.4465 
   00170    0.4750   -1373.6116  0.4457 
   00171    0.4550   -1371.8464  0.4439 
   00172    0.5250   -1371.4477  0.4433 
   00173    0.5100   -1372.8116  0.4465 
   00174    0.4650   -1374.4387  0.4487 
   00175    0.4900   -1374.2569  0.4473 
   00176    0.4525   -1374.5284  0.4495 
   00177    0.5075   -1375.7752  0.4500 
   00178    0.4950   -1377.6368  0.4517 
   00179    0.5175   -1378.8356  0.4516 
   00180    0.4825   -1378.5794  0.4511 
   00181    0.5325   -1380.0082  0.4512 
   00182    0.4975   -1377.5650  0.4478 
   00183    0.5000   -1379.0091  0.4477 
   00184    0.4050   -1381.3279  0.4499 
   00185    0.4925   -1380.0322  0.4493 
   00186    0.4925   -1381.8709  0.4505 
   00187    0.5350   -1380.8112  0.4489 
   00188    0.5225   -1383.4887  0.4522 
   00189    0.4925   -1382.6457  0.4569 
   00190    0.5150   -1382.8919  0.4576 
   00191    0.4900   -1385.3453  0.4549 
   00192    0.4800   -1384.8365  0.4521 
   00193    0.4825   -1383.4317  0.4535 
   00194    0.4775   -1384.1348  0.4572 
   00195    0.4900   -1385.9957  0.4582 
   00196    0.4850   -1386.9473  0.4620 
   00197    0.4725   -1387.5886  0.4602 
   00198    0.4950   -1389.1970  0.4597 
   00199    0.4475   -1391.0464  0.4594 
   00200    0.4575   -1390.6549  0.4611 
   00201    0.5275   -1396.1733  0.4620 
   00202    0.4650   -1397.9648  0.4604 
   00203    0.4475   -1402.4309  0.4622 
   00204    0.4850   -1403.0172  0.4616 
   00205    0.4975   -1403.6096  0.4619 
   00206    0.4950   -1403.4920  0.4616 
   00207    0.5275   -1403.2064  0.4624 
   00208    0.5275   -1403.3111  0.4629 
   00209    0.4850   -1402.7674  0.4676 
   00210    0.4925   -1403.5701  0.4679 
   00211    0.4475   -1404.4013  0.4702 
   00212    0.5525   -1403.1176  0.4722 
   00213    0.5000   -1403.7494  0.4719 
   00214    0.4675   -1406.6822  0.4699 
   00215    0.4775   -1409.3947  0.4699 
   00216    0.5225   -1410.1217  0.4722 
   00217    0.4450   -1410.0312  0.4715 
   00218    0.4950   -1410.1930  0.4763 
   00219    0.5175   -1410.0763  0.4772 
   00220    0.4725   -1409.5350  0.4783 
   00221    0.5025   -1413.6562  0.4804 
   00222    0.4800   -1413.2165  0.4799 
   00223    0.5200   -1415.2906  0.4786 
   00224    0.5125   -1415.4499  0.4821 
   00225    0.4725   -1414.8017  0.4804 
   00226    0.4725   -1413.7683  0.4804 
   00227    0.4700   -1415.0327  0.4801 
   00228    0.5100   -1415.2327  0.4824 
   00229    0.4450   -1414.9921  0.4823 
   00230    0.5050   -1415.1993  0.4835 
   00231    0.5225   -1413.8232  0.4878 
   00232    0.4925   -1414.5578  0.4912 
   00233    0.5025   -1416.8874  0.4915 
   00234    0.5050   -1416.3655  0.4969 
   00235    0.5275   -1417.0289  0.4987 
   00236    0.4950   -1416.0232  0.4991 
   00237    0.4800   -1419.7121  0.4985 
   00238    0.5350   -1422.1887  0.4983 
   00239    0.4750   -1420.1807  0.4976 
   00240    0.4750   -1420.2871  0.5007 
   00241    0.4975   -1421.2132  0.5051 
   00242    0.5700   -1418.6623  0.5062 
   00243    0.4500   -1419.6700  0.5059 
   00244    0.4775   -1421.3206  0.5049 
   00245    0.4825   -1422.6180  0.5050 
   00246    0.4825   -1423.8168  0.5046 
   00247    0.4275   -1424.3684  0.5045 
   00248    0.4550   -1422.5913  0.5047 
   00249    0.4600   -1422.8447  0.5038 
   00250    0.5150   -1421.7130  0.4995 
   00251    0.5050   -1422.7737  0.4998 
   00252    0.4650   -1423.0234  0.4984 
   00253    0.4925   -1424.4706  0.4965 
   00254    0.5375   -1423.9897  0.5002 
   00255    0.4975   -1425.6945  0.5023 
   00256    0.4850   -1425.8138  0.5012 
   00257    0.5050   -1424.9641  0.5006 
   00258    0.4975   -1425.7018  0.5008 
   00259    0.4675   -1427.5837  0.4973 
   00260    0.4950   -1427.7002  0.4988 
   00261    0.5200   -1426.7521  0.4959 
   00262    0.4600   -1429.3051  0.4967 
   00263    0.4875   -1430.7266  0.4948 
   00264    0.4850   -1429.3537  0.4916 
   00265    0.4875   -1431.8214  0.4890 
   00266    0.4975   -1434.0806  0.4879 
   00267    0.5250   -1432.7617  0.4890 
   00268    0.5425   -1432.8006  0.4853 
   00269    0.4950   -1433.2312  0.4845 
   00270    0.4675   -1432.8955  0.4840 
   00271    0.4825   -1433.1539  0.4844 
   00272    0.5300   -1432.5768  0.4875 
   00273    0.4425   -1434.8825  0.4865 
   00274    0.4850   -1436.3899  0.4844 
   00275    0.4975   -1437.1225  0.4832 
   00276    0.4900   -1438.2684  0.4866 
   00277    0.5125   -1437.9515  0.4873 
   00278    0.4450   -1437.7955  0.4894 
   00279    0.4850   -1438.6299  0.4944 
   00280    0.4700   -1437.0063  0.4910 
   00281    0.5150   -1433.9629  0.4935 
   00282    0.5000   -1434.7576  0.4958 
   00283    0.4900   -1435.2412  0.5014 
   00284    0.5150   -1437.9139  0.4993 
   00285    0.4850   -1438.0449  0.5000 
   00286    0.5050   -1438.8846  0.4984 
   00287    0.4825   -1437.6727  0.4978 
   00288    0.4850   -1439.7636  0.4993 
   00289    0.4800   -1438.9730  0.4955 
   00290    0.4575   -1437.4038  0.4965 
   00291    0.4525   -1440.0120  0.4926 
   00292    0.5375   -1440.7778  0.4931 
   00293    0.5200   -1440.3998  0.4923 
   00294    0.4900   -1439.8757  0.4912 
   00295    0.4925   -1440.3998  0.4904 
   00296    0.5175   -1440.8134  0.4941 
   00297    0.4975   -1441.1561  0.4931 
   00298    0.5025   -1442.0892  0.4937 
   00299    0.4950   -1441.4951  0.4929 
   00300    0.5000   -1441.0230  0.4932 
   00301    0.4550   -1442.8999  0.4942 
   00302    0.4425   -1443.1199  0.4954 
   00303    0.4700   -1441.5688  0.4932 
   00304    0.4675   -1442.3723  0.4893 
   00305    0.4525   -1441.4715  0.4909 
   00306    0.4900   -1440.3661  0.4914 
   00307    0.5100   -1438.5244  0.4908 
   00308    0.5300   -1438.2927  0.4942 
   00309    0.5125   -1436.9853  0.4924 
   00310    0.4700   -1438.2523  0.4916 
   00311    0.4975   -1439.3667  0.4911 
   00312    0.4875   -1439.4462  0.4893 
   00313    0.5400   -1439.5216  0.4888 
   00314    0.4900   -1441.7765  0.4866 
   00315    0.4650   -1441.6617  0.4856 
   00316    0.5400   -1440.8732  0.4853 
   00317    0.4725   -1440.7494  0.4842 
   00318    0.4750   -1441.1379  0.4807 
   00319    0.5050   -1437.8504  0.4793 
   00320    0.4900   -1437.7946  0.4780 
   00321    0.5150   -1440.0533  0.4765 
   00322    0.5175   -1438.6842  0.4730 
   00323    0.4675   -1440.4888  0.4747 
   00324    0.4675   -1442.0092  0.4754 
   00325    0.5225   -1441.1253  0.4763 
   00326    0.5050   -1440.8005  0.4755 
   00327    0.5125   -1442.8419  0.4717 
   00328    0.4700   -1441.8498  0.4730 
   00329    0.4625   -1443.1025  0.4722 
   00330    0.4700   -1442.7008  0.4700 
   00331    0.4725   -1442.6105  0.4628 
   00332    0.4875   -1445.1535  0.4626 
   00333    0.4950   -1445.3813  0.4612 
   00334    0.4875   -1448.0151  0.4607 
   00335    0.5350   -1447.2047  0.4615 
   00336    0.4450   -1447.4541  0.4633 
   00337    0.4825   -1449.4409  0.4635 
   00338    0.4825   -1447.8319  0.4613 
   00339    0.4475   -1445.4330  0.4621 
   00340    0.4625   -1445.0725  0.4658 
   00341    0.5175   -1445.1954  0.4636 
   00342    0.4675   -1443.8644  0.4622 
   00343    0.4650   -1444.7166  0.4640 
   00344    0.4425   -1444.3463  0.4669 
   00345    0.5075   -1448.8294  0.4713 
   00346    0.4775   -1449.5228  0.4692 
   00347    0.4850   -1450.4216  0.4686 
   00348    0.4850   -1450.0882  0.4665 
   00349    0.4700   -1451.0683  0.4675 
   00350    0.4675   -1451.3677  0.4659 
   00351    0.5075   -1451.9420  0.4648 
   00352    0.4950   -1452.8743  0.4638 
   00353    0.5250   -1452.4897  0.4632 
   00354    0.5050   -1452.7932  0.4615 
   00355    0.4625   -1454.0012  0.4627 
   00356    0.4825   -1451.8705  0.4615 
   00357    0.4950   -1448.4473  0.4607 
   00358    0.5150   -1449.2864  0.4638 
   00359    0.5225   -1446.9254  0.4652 
   00360    0.4725   -1446.8579  0.4666 
   00361    0.4650   -1448.7205  0.4678 
   00362    0.4525   -1446.7782  0.4648 
   00363    0.4900   -1446.7092  0.4644 
   00364    0.4975   -1446.7339  0.4637 
   00365    0.5325   -1445.0018  0.4621 
   00366    0.4525   -1445.5843  0.4613 
   00367    0.5275   -1446.6791  0.4637 
   00368    0.5025   -1448.5619  0.4664 
   00369    0.4700   -1448.4820  0.4652 
   00370    0.5175   -1449.1275  0.4649 
   00371    0.4950   -1451.4033  0.4669 
   00372    0.4875   -1451.5766  0.4671 
   00373    0.4925   -1452.3904  0.4661 
   00374    0.5125   -1452.4227  0.4668 
   00375    0.4500   -1452.8502  0.4654 
   00376    0.5025   -1454.0015  0.4677 
   00377    0.5175   -1451.3209  0.4667 
   00378    0.5150   -1452.3666  0.4631 
   00379    0.4950   -1453.3176  0.4665 
   00380    0.4725   -1451.6350  0.4664 
   00381    0.4675   -1451.4133  0.4663 
   00382    0.4850   -1449.7682  0.4677 
   00383    0.5175   -1450.0314  0.4689 
   00384    0.4450   -1449.5493  0.4696 
   00385    0.4800   -1450.6912  0.4711 
   00386    0.4400   -1450.4994  0.4713 
   00387    0.4925   -1450.9151  0.4724 
   00388    0.5100   -1453.9848  0.4739 
   00389    0.5400   -1455.7463  0.4771 
   00390    0.4800   -1456.8345  0.4791 
   00391    0.4475   -1455.1366  0.4818 
   00392    0.4575   -1455.9279  0.4825 
   00393    0.4850   -1456.5298  0.4841 
   00394    0.4850   -1457.8129  0.4843 
   00395    0.4775   -1457.6391  0.4822 
   00396    0.4825   -1457.7671  0.4804 
   00397    0.4475   -1456.4366  0.4795 
   00398    0.4575   -1454.5832  0.4795 
   00399    0.5050   -1454.0269  0.4763 
   00400    0.5125   -1454.6947  0.4781 
   00401    0.4775   -1452.7038  0.4773 
   00402    0.5100   -1454.8659  0.4776 
   00403    0.4775   -1455.4450  0.4750 
   00404    0.4775   -1456.7628  0.4741 
   00405    0.4700   -1457.7724  0.4745 
   00406    0.4625   -1458.1705  0.4768 
   00407    0.4450   -1459.2962  0.4804 
   00408    0.4950   -1459.2357  0.4806 
   00409    0.5050   -1459.3722  0.4833 
   00410    0.5150   -1458.0276  0.4810 
   00411    0.4850   -1458.4535  0.4810 
   00412    0.4600   -1458.4231  0.4837 
   00413    0.4875   -1457.7675  0.4827 
   00414    0.4800   -1457.1759  0.4802 
   00415    0.4700   -1457.9540  0.4801 
   00416    0.5300   -1460.7958  0.4798 
   00417    0.4900   -1458.3899  0.4811 
   00418    0.5075   -1459.7953  0.4837 
   00419    0.4875   -1460.2487  0.4862 
   00420    0.4650   -1459.5673  0.4872 
   00421    0.4625   -1459.7096  0.4904 
   00422    0.4900   -1460.4727  0.4907 
   00423    0.5125   -1460.9196  0.4893 
   00424    0.4975   -1461.7579  0.4910 
   00425    0.4950   -1462.1024  0.4905 
   00426    0.4775   -1461.3398  0.4899 
   00427    0.4625   -1463.1949  0.4904 
   00428    0.4975   -1462.7424  0.4917 
   00429    0.4900   -1462.6183  0.4921 
   00430    0.5100   -1463.0062  0.4906 
   00431    0.4525   -1463.9514  0.4902 
   00432    0.4875   -1463.6564  0.4902 
   00433    0.4525   -1464.0363  0.4913 
   00434    0.4925   -1465.0684  0.4942 
   00435    0.4700   -1464.3551  0.4928 
   00436    0.4750   -1463.8238  0.4961 
   00437    0.4975   -1462.3146  0.4983 
   00438    0.5025   -1463.1360  0.4991 
   00439    0.5125   -1464.6049  0.5005 
   00440    0.4525   -1466.1165  0.4970 
   00441    0.4675   -1466.2580  0.4970 
   00442    0.4925   -1467.5197  0.4985 
   00443    0.4950   -1468.2753  0.4994 
   00444    0.4975   -1468.0479  0.4963 
   00445    0.4700   -1469.4564  0.4961 
   00446    0.4725   -1468.8455  0.4958 
   00447    0.4575   -1469.6392  0.4999 
   00448    0.5050   -1468.8633  0.5010 
   00449    0.4925   -1468.6020  0.4988 
   00450    0.5275   -1467.0346  0.4994 
   00451    0.5100   -1466.8077  0.4976 
   00452    0.4975   -1467.7022  0.4987 
   00453    0.4900   -1465.8981  0.4991 
   00454    0.5075   -1466.1543  0.4973 
   00455    0.4650   -1466.7633  0.4956 
   00456    0.4800   -1467.1725  0.4954 
   00457    0.5100   -1466.5524  0.4946 
   00458    0.4825   -1466.9593  0.4966 
   00459    0.4700   -1469.2189  0.4975 
   00460    0.4800   -1468.2831  0.4936 
   00461    0.4950   -1469.9214  0.4953 
   00462    0.4725   -1474.7409  0.4940 
   00463    0.5050   -1473.9693  0.4941 
   00464    0.5225   -1473.8500  0.4960 
   00465    0.5175   -1473.8177  0.4958 
   00466    0.4025   -1472.5768  0.4953 
   00467    0.4625   -1474.0936  0.4968 
   00468    0.5000   -1475.0022  0.4987 
   00469    0.5250   -1474.2469  0.4976 
   00470    0.4825   -1474.8721  0.5014 
   00471    0.4625   -1475.9905  0.5010 
   00472    0.4975   -1475.2257  0.4998 
   00473    0.4725   -1475.5365  0.4980 
   00474    0.5000   -1476.1035  0.4966 
   00475    0.5000   -1473.9183  0.4978 
   00476    0.5175   -1474.0495  0.5009 
   00477    0.4775   -1473.7670  0.5009 
   00478    0.4550   -1473.7288  0.5017 
   00479    0.5125   -1473.4639  0.5056 
   00480    0.4700   -1471.6927  0.5022 
   00481    0.4400   -1472.7908  0.5004 
   00482    0.4575   -1469.6641  0.5000 
   00483    0.4675   -1469.7031  0.5007 
   00484    0.4825   -1469.1990  0.5022 
   00485    0.4700   -1470.8198  0.5025 
   00486    0.5150   -1469.9819  0.5025 
   00487    0.4750   -1468.9779  0.5005 
   00488    0.4650   -1470.4656  0.4984 
   00489    0.4725   -1470.4994  0.4964 
   00490    0.4575   -1469.6164  0.4984 
   00491    0.4975   -1470.5443  0.5000 
   00492    0.5300   -1473.7094  0.4975 
   00493    0.4625   -1473.7192  0.5024 
   00494    0.4750   -1474.0336  0.5037 
   00495    0.4700   -1474.1328  0.4997 
   00496    0.4700   -1474.4891  0.4975 
   00497    0.4625   -1474.8339  0.4981 
   00498    0.4700   -1475.0091  0.4988 
   00499    0.5025   -1476.2035  0.4951 
   00500    0.5075   -1476.4869  0.4938 
   00501    0.4700   -1477.6332  0.4927 
   00502    0.4675   -1476.4387  0.4931 
   00503    0.5300   -1475.4179  0.4908 
   00504    0.5000   -1475.7561  0.4905 
   00505    0.4800   -1476.5104  0.4900 
   00506    0.4975   -1477.2694  0.4913 
   00507    0.4450   -1478.0671  0.4915 
   00508    0.4725   -1478.8490  0.4918 
   00509    0.4825   -1477.8224  0.4916 
   00510    0.4525   -1479.1217  0.4915 
   00511    0.5025   -1477.7289  0.4897 
   00512    0.5175   -1477.5662  0.4909 
   00513    0.5100   -1478.1338  0.4950 
   00514    0.4450   -1477.9165  0.4976 
   00515    0.5025   -1477.1028  0.4937 
   00516    0.4825   -1478.2986  0.4950 
   00517    0.4900   -1479.2412  0.4936 
   00518    0.4725   -1479.8886  0.4939 
   00519    0.4525   -1481.0621  0.4946 
   00520    0.4975   -1481.5060  0.4970 
   00521    0.4850   -1481.2272  0.4985 
   00522    0.4700   -1480.9514  0.4996 
   00523    0.4700   -1480.9694  0.4975 
   00524    0.4700   -1481.8679  0.4975 
   00525    0.4700   -1481.9190  0.4986 
   00526    0.4575   -1480.5348  0.4985 
   00527    0.4825   -1479.4305  0.4962 
   00528    0.4750   -1479.3305  0.4977 
   00529    0.4850   -1478.1997  0.4980 
   00530    0.4650   -1476.0254  0.4950 
   00531    0.4675   -1476.9605  0.4930 
   00532    0.4625   -1478.0475  0.4924 
   00533    0.4975   -1478.4832  0.4936 
   00534    0.5125   -1476.3424  0.4961 
   00535    0.4725   -1475.8064  0.4932 
   00536    0.4675   -1475.6675  0.4952 
   00537    0.4950   -1476.1045  0.4945 
   00538    0.4725   -1474.6855  0.4914 
   00539    0.5450   -1476.0294  0.4934 
   00540    0.5100   -1475.2476  0.4961 
   00541    0.5325   -1475.5514  0.4964 
   00542    0.4875   -1476.3085  0.4969 
   00543    0.5125   -1476.2705  0.4954 
   00544    0.4800   -1478.5688  0.4928 
   00545    0.4825   -1478.9861  0.4949 
   00546    0.5150   -1478.5698  0.4921 
   00547    0.4850   -1479.6169  0.4952 
   00548    0.4750   -1477.1486  0.4956 
   00549    0.4475   -1476.3230  0.4960 
   00550    0.4625   -1476.6140  0.4961 
   00551    0.5025   -1475.4381  0.4936 
   00552    0.4500   -1477.6444  0.4920 
   00553    0.4825   -1478.9225  0.4920 
   00554    0.5350   -1478.8623  0.4921 
   00555    0.4650   -1479.4218  0.4938 
   00556    0.5100   -1478.6676  0.4950 
   00557    0.4550   -1478.1545  0.4967 
   00558    0.4575   -1479.1834  0.4950 
   00559    0.4975   -1479.3311  0.4953 
   00560    0.4950   -1478.3021  0.4973 
   00561    0.4975   -1479.9110  0.4986 
   00562    0.4900   -1480.3092  0.4962 
   00563    0.4825   -1479.9173  0.4956 
   00564    0.5075   -1483.2174  0.4952 
   00565    0.4825   -1482.5874  0.4978 
   00566    0.4925   -1483.7822  0.5001 
   00567    0.4800   -1484.0237  0.4970 
   00568    0.5000   -1483.5102  0.4954 
   00569    0.4800   -1482.7621  0.4976 
   00570    0.4775   -1480.8573  0.4986 
   00571    0.5400   -1480.4264  0.5007 
   00572    0.4875   -1481.0477  0.4988 
   00573    0.4500   -1480.1686  0.4966 
   00574    0.4450   -1478.6390  0.4977 
   00575    0.5050   -1480.1984  0.4988 
   00576    0.4675   -1479.9733  0.4988 
   00577    0.4950   -1480.1873  0.4958 
   00578    0.4425   -1482.0938  0.4958 
   00579    0.4675   -1482.5567  0.4938 
   00580    0.4725   -1482.6710  0.4961 
   00581    0.4825   -1482.3818  0.4961 
   00582    0.5000   -1483.8531  0.4950 
   00583    0.4900   -1485.3283  0.4939 
   00584    0.4800   -1483.2962  0.4963 
   00585    0.4575   -1483.0234  0.4967 
   00586    0.4750   -1483.1859  0.4942 
   00587    0.4400   -1482.4055  0.4941 
   00588    0.5400   -1482.4890  0.4924 
   00589    0.4375   -1483.5642  0.4971 
   00590    0.4925   -1483.4119  0.5002 
   00591    0.5375   -1483.2257  0.5014 
   00592    0.4975   -1484.7525  0.5046 
   00593    0.5000   -1484.0783  0.5069 
   00594    0.4625   -1484.6406  0.5058 
   00595    0.4950   -1483.5086  0.5081 
   00596    0.4325   -1484.4348  0.5085 
   00597    0.5100   -1483.9607  0.5092 
   00598    0.5375   -1483.2087  0.5106 
   00599    0.4975   -1481.9591  0.5102 
   00600    0.5300   -1482.6157  0.5090 
   00601    0.4275   -1482.6940  0.5104 
   00602    0.4450   -1482.3124  0.5109 
   00603    0.5175   -1483.9722  0.5144 
   00604    0.4500   -1483.3749  0.5146 
   00605    0.5250   -1484.6277  0.5189 
   00606    0.4700   -1482.4968  0.5202 
   00607    0.4675   -1485.6569  0.5242 
   00608    0.4750   -1487.3300  0.5227 
   00609    0.4850   -1486.4308  0.5211 
   00610    0.4825   -1484.8233  0.5228 
   00611    0.5350   -1484.1038  0.5249 
   00612    0.4800   -1483.8209  0.5247 
   00613    0.4925   -1483.2991  0.5226 
   00614    0.4975   -1481.6075  0.5225 
   00615    0.5100   -1479.7939  0.5232 
   00616    0.5150   -1481.3463  0.5247 
   00617    0.4950   -1481.8928  0.5240 
   00618    0.4675   -1482.5400  0.5243 
   00619    0.5000   -1480.2698  0.5250 
   00620    0.4275   -1481.6418  0.5241 
   00621    0.4650   -1481.2099  0.5218 
   00622    0.4725   -1481.3543  0.5228 
   00623    0.4975   -1482.0341  0.5246 
   00624    0.5000   -1481.4018  0.5219 
   00625    0.4850   -1480.5195  0.5198 
   00626    0.4850   -1482.0179  0.5221 
   00627    0.4600   -1480.8358  0.5232 
   00628    0.4875   -1480.8060  0.5217 
   00629    0.4600   -1480.8070  0.5214 
   00630    0.4500   -1481.4699  0.5215 
   00631    0.4750   -1481.2861  0.5237 
   00632    0.5150   -1480.8592  0.5264 
   00633    0.4825   -1480.8049  0.5268 
   00634    0.4550   -1480.4880  0.5230 
   00635    0.4950   -1481.3096  0.5259 
   00636    0.4800   -1482.2109  0.5274 
   00637    0.4850   -1482.1294  0.5279 
   00638    0.5050   -1482.9748  0.5267 
   00639    0.5000   -1483.2810  0.5269 
   00640    0.4525   -1484.2841  0.5291 
   00641    0.4750   -1482.0055  0.5267 
   00642    0.4800   -1482.2933  0.5266 
   00643    0.4700   -1482.0149  0.5244 
   00644    0.4925   -1481.2921  0.5246 
   00645    0.4675   -1481.6750  0.5259 
   00646    0.4675   -1481.0785  0.5249 
   00647    0.5000   -1482.5066  0.5284 
   00648    0.4550   -1482.2688  0.5269 
   00649    0.5025   -1484.0004  0.5254 
   00650    0.4900   -1484.0515  0.5253 
   00651    0.5225   -1484.3502  0.5256 
   00652    0.5450   -1484.0629  0.5254 
   00653    0.4275   -1484.7690  0.5246 
   00654    0.5300   -1483.6450  0.5233 
   00655    0.4650   -1483.3906  0.5222 
   00656    0.5050   -1483.4304  0.5205 
   00657    0.4900   -1482.3850  0.5214 
   00658    0.4550   -1481.2444  0.5192 
   00659    0.4700   -1480.7894  0.5223 
   00660    0.4575   -1480.1210  0.5217 
   00661    0.4625   -1477.9359  0.5221 
   00662    0.4975   -1479.1755  0.5229 
   00663    0.4800   -1480.0986  0.5223 
   00664    0.5150   -1480.4305  0.5238 
   00665    0.4700   -1481.9594  0.5262 
   00666    0.4725   -1482.8551  0.5276 
   00667    0.5050   -1484.8197  0.5286 
   00668    0.4325   -1484.1934  0.5288 
   00669    0.4725   -1483.9322  0.5297 
   00670    0.4600   -1483.6152  0.5280 
   00671    0.4750   -1484.0990  0.5306 
   00672    0.4200   -1483.6157  0.5301 
   00673    0.4850   -1484.6945  0.5316 
   00674    0.5100   -1484.6617  0.5353 
   00675    0.4800   -1484.6772  0.5392 
   00676    0.5075   -1484.3789  0.5395 
   00677    0.5100   -1485.9686  0.5390 
   00678    0.5125   -1485.6519  0.5426 
   00679    0.4925   -1485.0621  0.5423 
   00680    0.4850   -1484.4100  0.5439 
   00681    0.4975   -1483.0469  0.5438 
   00682    0.4500   -1484.1504  0.5434 
   00683    0.5150   -1483.1307  0.5451 
   00684    0.4600   -1480.7873  0.5469 
   00685    0.4725   -1482.7648  0.5478 
   00686    0.4950   -1483.7386  0.5460 
   00687    0.4450   -1484.1899  0.5462 
   00688    0.5050   -1485.4449  0.5501 
   00689    0.5025   -1484.6341  0.5494 
   00690    0.4375   -1485.5218  0.5497 
   00691    0.5075   -1484.2894  0.5478 
   00692    0.4950   -1485.4485  0.5479 
   00693    0.4600   -1486.6063  0.5467 
   00694    0.4300   -1486.2066  0.5480 
   00695    0.5300   -1485.6167  0.5481 
   00696    0.4775   -1484.6250  0.5469 
   00697    0.4875   -1486.3127  0.5463 
   00698    0.4550   -1485.0870  0.5467 
   00699    0.5250   -1485.9487  0.5464 
   00700    0.5025   -1487.8553  0.5447 
   00701    0.4700   -1487.2445  0.5469 
   00702    0.4575   -1486.8562  0.5460 
   00703    0.4875   -1485.1547  0.5440 
   00704    0.4750   -1486.1689  0.5447 
   00705    0.4700   -1487.0338  0.5454 
   00706    0.4875   -1487.0357  0.5457 
   00707    0.4625   -1487.2699  0.5455 
   00708    0.4650   -1486.5959  0.5436 
   00709    0.4525   -1486.5662  0.5433 
   00710    0.4925   -1485.1957  0.5412 
   00711    0.5000   -1485.5471  0.5408 
   00712    0.4825   -1485.3024  0.5432 
   00713    0.4875   -1485.4488  0.5443 
   00714    0.4450   -1486.1524  0.5431 
   00715    0.4675   -1485.8881  0.5439 
   00716    0.4675   -1486.2666  0.5465 
   00717    0.4925   -1487.2977  0.5433 
   00718    0.5050   -1488.5742  0.5469 
   00719    0.4650   -1488.0209  0.5483 
   00720    0.5225   -1487.6770  0.5488 
   00721    0.5100   -1488.2787  0.5494 
   00722    0.4750   -1488.8405  0.5474 
   00723    0.4600   -1487.4708  0.5490 
   00724    0.4850   -1489.4485  0.5470 
   00725    0.4750   -1489.4458  0.5443 
   00726    0.4625   -1490.0053  0.5446 
   00727    0.4750   -1489.1106  0.5458 
   00728    0.4875   -1489.9246  0.5463 
   00729    0.5075   -1489.1589  0.5467 
   00730    0.4925   -1487.2820  0.5479 
   00731    0.4550   -1485.9270  0.5470 
   00732    0.4825   -1483.9167  0.5494 
   00733    0.4825   -1485.3336  0.5517 
   00734    0.4450   -1484.6653  0.5507 
   00735    0.4575   -1486.5291  0.5537 
   00736    0.4475   -1486.5678  0.5541 
   00737    0.4975   -1487.8200  0.5538 
   00738    0.4675   -1488.4553  0.5545 
   00739    0.5025   -1487.6201  0.5533 
   00740    0.4675   -1486.9051  0.5508 
   00741    0.5525   -1485.5173  0.5487 
   00742    0.4575   -1484.7410  0.5486 
   00743    0.4775   -1485.0432  0.5508 
   00744    0.5000   -1487.2319  0.5502 
   00745    0.4900   -1486.8583  0.5494 
   00746    0.4950   -1488.1615  0.5504 
   00747    0.5100   -1488.1066  0.5485 
   00748    0.4600   -1489.1801  0.5480 
   00749    0.4975   -1490.0189  0.5487 
   00750    0.4850   -1488.6999  0.5508 
   00751    0.4900   -1488.4937  0.5495 
   00752    0.5250   -1488.2692  0.5469 
   00753    0.4350   -1488.8186  0.5486 
   00754    0.5000   -1489.4688  0.5483 
   00755    0.4800   -1489.8327  0.5502 
   00756    0.4625   -1488.5783  0.5501 
   00757    0.4675   -1487.1231  0.5500 
   00758    0.4725   -1486.8414  0.5463 
   00759    0.5000   -1487.2216  0.5496 
   00760    0.5075   -1487.8939  0.5490 
   00761    0.4625   -1487.9963  0.5483 
   00762    0.4925   -1486.2339  0.5492 
   00763    0.4900   -1485.9737  0.5498 
   00764    0.4575   -1485.4951  0.5500 
   00765    0.4825   -1486.9201  0.5509 
   00766    0.4950   -1487.5221  0.5522 
   00767    0.4850   -1486.3902  0.5529 
   00768    0.4925   -1487.3921  0.5518 
   00769    0.4700   -1485.7599  0.5509 
   00770    0.4550   -1485.8645  0.5490 
   00771    0.5500   -1485.8732  0.5513 
   00772    0.4725   -1487.0858  0.5500 
   00773    0.5000   -1486.8068  0.5480 
   00774    0.4900   -1488.9332  0.5507 
   00775    0.4950   -1487.8676  0.5497 
   00776    0.4825   -1487.2750  0.5483 
   00777    0.4725   -1488.5234  0.5469 
   00778    0.5050   -1487.3500  0.5470 
   00779    0.4750   -1487.7804  0.5461 
   00780    0.4725   -1486.9745  0.5454 
   00781    0.4775   -1486.2049  0.5455 
   00782    0.5100   -1485.9455  0.5486 
   00783    0.4650   -1485.9567  0.5477 
   00784    0.4775   -1488.0378  0.5500 
   00785    0.4725   -1487.3721  0.5520 
   00786    0.4900   -1485.7967  0.5535 
   00787    0.4575   -1484.9364  0.5514 
   00788    0.4875   -1487.1318  0.5518 
   00789    0.4975   -1487.1433  0.5547 
   00790    0.5000   -1486.5789  0.5534 
   00791    0.4300   -1487.3816  0.5522 
   00792    0.5150   -1489.4653  0.5527 
   00793    0.5300   -1488.5332  0.5528 
   00794    0.4900   -1489.0413  0.5543 
   00795    0.5000   -1487.2115  0.5548 
   00796    0.4800   -1490.3272  0.5549 
   00797    0.4775   -1490.1909  0.5547 
   00798    0.4975   -1492.9635  0.5584 
   00799    0.4800   -1491.8575  0.5586 
   00800    0.4950   -1492.3110  0.5596 
   00801    0.4700   -1492.1656  0.5610 
   00802    0.5000   -1492.1244  0.5605 
   00803    0.4750   -1491.2499  0.5604 
   00804    0.4525   -1492.0713  0.5620 
   00805    0.4825   -1491.4965  0.5622 
   00806    0.5550   -1494.7180  0.5620 
   00807    0.4875   -1495.5811  0.5648 
   00808    0.4400   -1495.5636  0.5642 
   00809    0.4600   -1495.0917  0.5611 
   00810    0.5050   -1496.5137  0.5607 
   00811    0.4575   -1496.1159  0.5610 
   00812    0.4775   -1495.5354  0.5624 
   00813    0.4675   -1494.9927  0.5605 
   00814    0.4825   -1495.7802  0.5609 
   00815    0.5025   -1495.6416  0.5637 
   00816    0.5175   -1496.3209  0.5663 
   00817    0.4650   -1494.4776  0.5706 
   00818    0.5050   -1494.1448  0.5712 
   00819    0.4800   -1493.3620  0.5704 
   00820    0.4375   -1493.0855  0.5726 
   00821    0.4925   -1492.8870  0.5748 
   00822    0.4100   -1493.1493  0.5731 
   00823    0.4850   -1494.6417  0.5742 
   00824    0.4825   -1494.4465  0.5739 
   00825    0.4700   -1492.8498  0.5741 
   00826    0.5000   -1492.9866  0.5759 
   00827    0.4725   -1494.5044  0.5741 
   00828    0.5025   -1495.6794  0.5766 
   00829    0.5300   -1496.8058  0.5782 
   00830    0.4875   -1497.1584  0.5775 
   00831    0.5450   -1497.2132  0.5753 
   00832    0.5150   -1495.5095  0.5759 
   00833    0.4875   -1497.0282  0.5747 
   00834    0.4800   -1494.8350  0.5745 
   00835    0.4825   -1493.3320  0.5746 
   00836    0.4775   -1493.2378  0.5755 
   00837    0.4875   -1492.2247  0.5773 
   00838    0.4400   -1491.8828  0.5765 
   00839    0.4750   -1493.4610  0.5769 
   00840    0.4925   -1490.6055  0.5779 
   00841    0.4800   -1490.8918  0.5774 
   00842    0.4625   -1491.8737  0.5761 
   00843    0.4800   -1491.2523  0.5770 
   00844    0.4800   -1491.2442  0.5765 
   00845    0.3900   -1491.8591  0.5747 
   00846    0.4825   -1491.9593  0.5750 
   00847    0.4700   -1491.8843  0.5794 
   00848    0.4550   -1491.5628  0.5812 
   00849    0.4850   -1491.2031  0.5818 
   00850    0.4925   -1492.6649  0.5803 
   00851    0.4475   -1493.2644  0.5834 
   00852    0.4350   -1492.1696  0.5855 
   00853    0.4350   -1492.9414  0.5863 
   00854    0.5175   -1494.9733  0.5842 
   00855    0.4900   -1495.3837  0.5854 
   00856    0.4625   -1496.2632  0.5853 
   00857    0.4950   -1497.0675  0.5892 
   00858    0.5375   -1495.9751  0.5892 
   00859    0.4875   -1494.9266  0.5881 
   00860    0.4850   -1495.5942  0.5883 
   00861    0.5000   -1496.3800  0.5864 
   00862    0.4975   -1496.7519  0.5852 
   00863    0.4550   -1496.6789  0.5872 
   00864    0.4575   -1495.3465  0.5902 
   00865    0.5175   -1495.1161  0.5868 
   00866    0.4750   -1496.6052  0.5859 
   00867    0.4625   -1498.0944  0.5895 
   00868    0.4350   -1498.6079  0.5885 
   00869    0.4850   -1498.1156  0.5845 
   00870    0.4575   -1497.4266  0.5839 
   00871    0.4850   -1496.8918  0.5817 
   00872    0.4575   -1497.7751  0.5843 
   00873    0.4900   -1498.0602  0.5838 
   00874    0.4750   -1497.0617  0.5848 
   00875    0.4900   -1496.9488  0.5873 
   00876    0.4550   -1495.1366  0.5867 
   00877    0.4525   -1496.5251  0.5857 
   00878    0.4725   -1499.4725  0.5864 
   00879    0.4650   -1500.2034  0.5855 
   00880    0.4475   -1498.7826  0.5840 
   00881    0.5225   -1498.3181  0.5824 
   00882    0.5050   -1498.4753  0.5836 
   00883    0.4875   -1498.0608  0.5826 
   00884    0.4600   -1497.8698  0.5855 
   00885    0.4950   -1497.4668  0.5874 
   00886    0.4950   -1498.4398  0.5888 
   00887    0.4550   -1498.9492  0.5869 
   00888    0.5225   -1498.8502  0.5846 
   00889    0.4450   -1499.1752  0.5811 
   00890    0.4700   -1500.2457  0.5839 
   00891    0.5150   -1500.1569  0.5860 
   00892    0.4725   -1500.2086  0.5870 
   00893    0.4775   -1498.3827  0.5857 
   00894    0.4850   -1498.5507  0.5869 
   00895    0.4725   -1499.5414  0.5892 
   00896    0.4975   -1498.1298  0.5903 
   00897    0.4975   -1496.6051  0.5896 
   00898    0.4975   -1495.4165  0.5888 
   00899    0.5150   -1496.5934  0.5886 
   00900    0.5075   -1496.4957  0.5870 
   00901    0.5300   -1495.9051  0.5908 
   00902    0.5100   -1495.5520  0.5907 
   00903    0.4625   -1496.8311  0.5912 
   00904    0.4750   -1495.2410  0.5866 
   00905    0.4375   -1495.9604  0.5874 
   00906    0.4550   -1495.5024  0.5894 
   00907    0.4975   -1493.1579  0.5902 
   00908    0.4875   -1495.0062  0.5879 
   00909    0.4750   -1495.7293  0.5890 
   00910    0.5075   -1495.1593  0.5931 
   00911    0.4775   -1497.5122  0.5926 
   00912    0.4750   -1496.4418  0.5903 
   00913    0.4900   -1496.9646  0.5909 
   00914    0.4800   -1499.2984  0.5912 
   00915    0.5200   -1499.0591  0.5892 
   00916    0.4625   -1499.7685  0.5893 
   00917    0.4975   -1499.8530  0.5906 
   00918    0.4750   -1501.1917  0.5923 
   00919    0.4800   -1501.1580  0.5950 
   00920    0.4925   -1500.3003  0.5962 
   00921    0.4850   -1500.0655  0.5986 
   00922    0.5200   -1498.5487  0.5970 
   00923    0.5100   -1498.9500  0.5970 
   00924    0.4700   -1499.7643  0.5973 
   00925    0.4800   -1500.5228  0.5971 
   00926    0.5625   -1501.6442  0.5979 
   00927    0.4675   -1500.6176  0.5974 
   00928    0.4725   -1499.2524  0.5975 
   00929    0.4625   -1501.2048  0.5970 
   00930    0.4750   -1500.4638  0.5971 
   00931    0.4925   -1499.8597  0.5969 
   00932    0.4400   -1499.9200  0.5951 
   00933    0.4950   -1499.7347  0.5953 
   00934    0.4525   -1502.0646  0.5957 
   00935    0.5400   -1498.4690  0.5949 
   00936    0.4675   -1499.4065  0.5913 
   00937    0.4500   -1500.1668  0.5923 
   00938    0.4900   -1497.5758  0.5908 
   00939    0.4775   -1497.2835  0.5879 
   00940    0.5075   -1496.7893  0.5894 
   00941    0.4650   -1494.8664  0.5883 
   00942    0.4625   -1496.3007  0.5887 
   00943    0.4900   -1497.1636  0.5880 
   00944    0.5250   -1496.8757  0.5891 
   00945    0.5100   -1498.5631  0.5906 
   00946    0.4750   -1499.3382  0.5942 
   00947    0.5025   -1499.8965  0.5952 
   00948    0.4400   -1500.7292  0.5923 
   00949    0.5000   -1502.4850  0.5902 
   00950    0.4575   -1503.9965  0.5893 
   00951    0.5125   -1502.9334  0.5910 
   00952    0.4700   -1501.6135  0.5929 
   00953    0.4825   -1503.1083  0.5944 
   00954    0.5200   -1503.7544  0.5953 
   00955    0.4875   -1504.0515  0.5964 
   00956    0.4825   -1504.1163  0.6023 
   00957    0.4600   -1503.8874  0.6052 
   00958    0.5000   -1501.3883  0.6044 
   00959    0.4850   -1502.4309  0.6030 
   00960    0.4300   -1502.1177  0.6016 
   00961    0.4525   -1502.8260  0.6044 
   00962    0.4950   -1501.7231  0.6045 
   00963    0.5000   -1502.3288  0.6022 
   00964    0.4600   -1503.1593  0.5999 
   00965    0.4650   -1502.0580  0.5984 
   00966    0.5075   -1501.0061  0.6012 
   00967    0.4550   -1502.8813  0.6022 
   00968    0.4950   -1502.7907  0.6066 
   00969    0.4800   -1503.5090  0.6055 
   00970    0.5275   -1503.6261  0.6043 
   00971    0.5175   -1502.1469  0.6015 
   00972    0.5325   -1502.6740  0.6014 
   00973    0.5250   -1503.3572  0.6017 
   00974    0.4450   -1504.9532  0.6052 
   00975    0.4250   -1504.4201  0.6067 
   00976    0.4625   -1504.5543  0.6041 
   00977    0.4650   -1504.9683  0.6059 
   00978    0.4475   -1507.6298  0.6078 
   00979    0.5050   -1507.4366  0.6076 
   00980    0.4975   -1508.5131  0.6097 
   00981    0.4925   -1507.2607  0.6087 
   00982    0.4925   -1507.6171  0.6092 
   00983    0.4325   -1507.3938  0.6096 
   00984    0.5025   -1506.4812  0.6091 
   00985    0.5125   -1508.3398  0.6125 
   00986    0.4750   -1506.9844  0.6107 
   00987    0.4800   -1506.4529  0.6092 
   00988    0.4775   -1505.4744  0.6099 
   00989    0.4950   -1505.4198  0.6115 
   00990    0.5150   -1507.5986  0.6143 
   00991    0.4625   -1507.7818  0.6123 
   00992    0.5100   -1507.3492  0.6130 
   00993    0.4825   -1506.2720  0.6114 
   00994    0.4900   -1507.1578  0.6117 
   00995    0.5275   -1505.7827  0.6106 
   00996    0.4775   -1505.9813  0.6103 
   00997    0.4425   -1506.3557  0.6091 
   00998    0.4950   -1506.6676  0.6096 
   00999    0.4950   -1507.5159  0.6105 
   01000    0.4500   -1506.4488  0.6124 
