#=====================================================
# File created:        Wed-05-Nov-2025-at-03-40-14AM
# Size of lattice:     20x20
# Number of MC steps:  1000
# Reduced temperature: 0.500
# Run time (s):        2.129917
#=====================================================
# MC step:  Ratio:     Energy:   Order:
#=====================================================
   00000    0.5000    -387.4479  0.3056 
   00001    0.4100    -401.0991  0.3688 
   00002    0.4050    -412.0306  0.3695 
   00003    0.3800    -431.9783  0.3685 
   00004    0.4200    -453.6935  0.3797 
   00005    0.4150    -475.3641  0.3833 
   00006    0.4200    -504.9136  0.3840 
   00007    0.3650    -509.5856  0.3822 
   00008    0.4325    -527.6495  0.3952 
   00009    0.4075    -532.5130  0.3925 
   00010    0.3525    -543.9982  0.3917 
   00011    0.3575    -570.0229  0.3986 
   00012    0.4425    -581.2511  0.4026 
   00013    0.3950    -616.1395  0.4033 
   00014    0.4550    -615.0294  0.4063 
   00015    0.4325    -627.0738  0.4057 
   00016    0.4350    -639.0343  0.4077 
   00017    0.4275    -659.7236  0.4115 
   00018    0.4350    -674.0963  0.4112 
   00019    0.4125    -687.2013  0.4194 
   00020    0.4375    -690.7173  0.4227 
   00021    0.4025    -706.8669  0.4298 
   00022    0.3650    -716.2142  0.4329 
   00023    0.4575    -746.0821  0.4323 
   00024    0.3900    -761.6549  0.4317 
   00025    0.4300    -778.0052  0.4351 
   00026    0.4325    -789.9662  0.4371 
   00027    0.4300    -800.5978  0.4412 
   00028    0.4575    -805.7882  0.4413 
   00029    0.4175    -805.7168  0.4342 
   00030    0.4075    -802.8698  0.4388 
   00031    0.3575    -811.7818  0.4388 
   00032    0.4200    -809.1732  0.4329 
   00033    0.4050    -819.2947  0.4393 
   00034    0.4075    -832.7843  0.4372 
   00035    0.3925    -847.6996  0.4373 
   00036    0.4350    -851.1771  0.4372 
   00037    0.4175    -857.7200  0.4333 
   00038    0.4450    -867.3215  0.4378 
   00039    0.4425    -866.4901  0.4424 
   00040    0.4475    -881.3143  0.4393 
   00041    0.4000    -883.7841  0.4366 
   00042    0.4300    -883.0874  0.4375 
   00043    0.4300    -890.7965  0.4392 
   00044    0.4300    -902.2416  0.4357 
   00045    0.3950    -910.6321  0.4311 
   00046    0.4225    -921.9003  0.4369 
   00047    0.3750    -932.4129  0.4404 
   00048    0.3700    -929.3097  0.4416 
   00049    0.4275    -923.9575  0.4459 
   00050    0.4200    -926.4882  0.4484 
   00051    0.3675    -932.6858  0.4502 
   00052    0.4575    -944.0829  0.4494 
   00053    0.3850    -949.5963  0.4402 
   00054    0.4050    -959.8673  0.4367 
   00055    0.4425    -963.6997  0.4402 
   00056    0.4075    -965.3473  0.4410 
   00057    0.3975    -965.1412  0.4418 
   00058    0.4125    -963.6622  0.4371 
   00059    0.4350    -969.3174  0.4465 
   00060    0.4275    -968.7439  0.4482 
   00061    0.4375    -966.2204  0.4386 
   00062    0.3975    -979.7970  0.4312 
   00063    0.3875    -987.3144  0.4280 
   00064    0.4375    -990.1081  0.4340 
   00065    0.4425    -995.6080  0.4343 
   00066    0.4050    -999.8431  0.4366 
   00067    0.4350   -1004.3960  0.4314 
   00068    0.4425   -1016.9478  0.4340 
   00069    0.4325   -1013.0441  0.4291 
   00070    0.4425   -1014.4227  0.4276 
   00071    0.4350   -1016.5504  0.4286 
   00072    0.4175   -1021.9845  0.4328 
   00073    0.4625   -1029.2114  0.4349 
   00074    0.4000   -1037.7997  0.4332 
   00075    0.4425   -1040.0734  0.4348 
   00076    0.4275   -1045.4195  0.4376 
   00077    0.3900   -1042.2099  0.4342 
   00078    0.4225   -1045.5791  0.4329 
   00079    0.3875   -1042.7586  0.4333 
   00080    0.4125   -1049.1782  0.4361 
   00081    0.4325   -1050.3424  0.4416 
   00082    0.3825   -1055.1680  0.4459 
   00083    0.4075   -1055.2075  0.4456 
   00084    0.4275   -1053.1721  0.4469 
   00085    0.4400   -1058.0638  0.4525 
   00086    0.3975   -1053.8621  0.4555 
   00087    0.4200   -1056.1407  0.4530 
   00088    0.4050   -1056.8598  0.4542 
   00089    0.4425   -1051.1853  0.4523 
   00090    0.4375   -1063.9722  0.4539 
   00091    0.4850   -1057.7240  0.4544 
   00092    0.4500   -1059.4735  0.4535 
   00093    0.4325   -1060.4254  0.4427 
   00094    0.4200   -1066.8963  0.4406 
   00095    0.4350   -1073.1119  0.4409 
   00096    0.4125   -1070.8843  0.4442 
   00097    0.3850   -1070.9039  0.4432 
   00098    0.3750   -1074.9326  0.4420 
   00099    0.3875   -1073.5956  0.4392 
   00100    0.4625   -1073.8659  0.4401 
   00101    0.4300   -1073.7118  0.4360 
   00102    0.4625   -1083.9225  0.4313 
   00103    0.4375   -1086.1424  0.4370 
   00104    0.4000   -1084.7390  0.4313 
   00105    0.4275   -1079.5401  0.4354 
   00106    0.4400   -1080.2799  0.4315 
   00107    0.4225   -1087.7801  0.4375 
   00108    0.4250   -1082.4503  0.4365 
   00109    0.4450   -1086.0396  0.4400 
   00110    0.4375   -1087.7618  0.4372 
   00111    0.4550   -1088.6146  0.4459 
   00112    0.4350   -1086.0264  0.4461 
   00113    0.4200   -1087.5118  0.4447 
   00114    0.4325   -1103.2297  0.4563 
   00115    0.4475   -1104.8176  0.4567 
   00116    0.3875   -1111.4336  0.4550 
   00117    0.3950   -1114.5611  0.4561 
   00118    0.4400   -1119.2718  0.4600 
   00119    0.4550   -1118.4856  0.4601 
   00120    0.4400   -1115.9086  0.4571 
   00121    0.4125   -1125.0175  0.4555 
   00122    0.4300   -1136.3295  0.4564 
   00123    0.3725   -1135.7144  0.4592 
   00124    0.4425   -1150.3065  0.4645 
   00125    0.4425   -1153.4147  0.4735 
   00126    0.4475   -1154.8904  0.4773 
   00127    0.4175   -1152.4994  0.4799 
   00128    0.3850   -1151.5037  0.4779 
   00129    0.4275   -1145.9871  0.4786 
   00130    0.4600   -1144.9256  0.4776 
   00131    0.4325   -1149.6643  0.4741 
   00132    0.4225   -1152.2256  0.4768 
   00133    0.4225   -1148.9158  0.4761 
   00134    0.4075   -1150.4259  0.4773 
   00135    0.4775   -1148.9066  0.4758 
   00136    0.4175   -1143.8618  0.4744 
   00137    0.4425   -1147.0409  0.4710 
   00138    0.4325   -1145.3581  0.4694 
   00139    0.4850   -1143.2553  0.4713 
   00140    0.4350   -1146.6181  0.4731 
   00141    0.4425   -1161.2963  0.4773 
   00142    0.4050   -1163.7893  0.4799 
   00143    0.4500   -1155.9111  0.4724 
   00144    0.4075   -1159.7494  0.4735 
   00145    0.4075   -1165.0259  0.4691 
   00146    0.4250   -1167.8263  0.4635 
   00147    0.3975   -1169.5218  0.4627 
   00148    0.4400   -1173.0160  0.4614 
   00149    0.4250   -1180.8979  0.4600 
   00150    0.4550   -1179.0428  0.4608 
   00151    0.3925   -1182.2262  0.4648 
   00152    0.4275   -1180.1028  0.4603 
   00153    0.4300   -1174.5731  0.4521 
   00154    0.4325   -1175.4823  0.4579 
   00155    0.4525   -1168.0503  0.4584 
   00156    0.4275   -1161.7837  0.4523 
   00157    0.4425   -1164.0837  0.4621 
   00158    0.4275   -1162.8476  0.4669 
   00159    0.4025   -1161.2586  0.4663 
   00160    0.4175   -1170.2063  0.4777 
   00161    0.4500   -1170.4396  0.4794 
   00162    0.3900   -1177.0354  0.4749 
   00163    0.4550   -1174.7053  0.4736 
   00164    0.3525   -1171.3858  0.4733 
   00165    0.4000   -1177.9374  0.4753 
   00166    0.4600   -1169.6412  0.4725 
   00167    0.4300   -1172.6734  0.4753 
   00168    0.4575   -1171.3708  0.4746 
   00169    0.4400   -1172.0070  0.4769 
   00170    0.4675   -1170.9074  0.4796 
   00171    0.4300   -1182.2412  0.4771 
   00172    0.3975   -1187.2561  0.4790 
   00173    0.4200   -1187.2130  0.4879 
   00174    0.3975   -1193.9831  0.4958 
   00175    0.4250   -1190.4302  0.4970 
   00176    0.4125   -1190.7148  0.4965 
   00177    0.4725   -1203.2740  0.4999 
   00178    0.4425   -1206.1444  0.4994 
   00179    0.4350   -1202.4305  0.4998 
   00180    0.4550   -1202.0633  0.4991 
   00181    0.4300   -1211.3055  0.4991 
   00182    0.4025   -1217.8909  0.4998 
   00183    0.4025   -1220.2293  0.4994 
   00184    0.3875   -1217.5963  0.4942 
   00185    0.4475   -1211.6143  0.4910 
   00186    0.4550   -1208.6784  0.4883 
   00187    0.3925   -1208.5848  0.4869 
   00188    0.4150   -1202.6516  0.4870 
   00189    0.4525   -1206.2702  0.4874 
   00190    0.4200   -1203.0792  0.4862 
   00191    0.4600   -1202.7415  0.4857 
   00192    0.4500   -1204.3772  0.4832 
   00193    0.4075   -1214.5025  0.4891 
   00194    0.4625   -1218.0418  0.4945 
   00195    0.4300   -1220.9643  0.4926 
   00196    0.4275   -1226.4128  0.4940 
   00197    0.4225   -1229.9412  0.4926 
   00198    0.3825   -1232.2935  0.4955 
   00199    0.4775   -1233.4195  0.4979 
   00200    0.4225   -1238.1293  0.4981 
   00201    0.4325   -1238.2072  0.5022 
   00202    0.4500   -1243.1039  0.4978 
   00203    0.4550   -1242.6580  0.4975 
   00204    0.4200   -1238.4369  0.4946 
   00205    0.4150   -1238.2256  0.4938 
   00206    0.4450   -1241.8150  0.4956 
   00207    0.4225   -1243.5857  0.4943 
   00208    0.3925   -1239.6931  0.4922 
   00209    0.4375   -1234.0627  0.4976 
   00210    0.4175   -1232.2868  0.4972 
   00211    0.4225   -1233.8207  0.4975 
   00212    0.4325   -1245.4832  0.5047 
   00213    0.4150   -1239.6369  0.4994 
   00214    0.4500   -1242.0501  0.5024 
   00215    0.3800   -1243.9305  0.5023 
   00216    0.4350   -1249.5424  0.5029 
   00217    0.4375   -1251.0319  0.5054 
   00218    0.4175   -1256.4669  0.5041 
   00219    0.4175   -1253.7273  0.5029 
   00220    0.3850   -1248.5822  0.4977 
   00221    0.4350   -1244.6753  0.4975 
   00222    0.4275   -1248.2025  0.4978 
   00223    0.4250   -1245.0643  0.4953 
   00224    0.4400   -1247.4088  0.4972 
   00225    0.4300   -1239.1600  0.4971 
   00226    0.4275   -1238.3783  0.4914 
   00227    0.3800   -1236.0324  0.4932 
   00228    0.4075   -1236.0741  0.4850 
   00229    0.4325   -1236.0399  0.4860 
   00230    0.4200   -1243.0940  0.4806 
   00231    0.3825   -1245.5556  0.4831 
   00232    0.4650   -1246.8918  0.4825 
   00233    0.4525   -1245.8636  0.4758 
   00234    0.3950   -1241.1546  0.4771 
   00235    0.3925   -1239.1337  0.4802 
   00236    0.4250   -1242.2698  0.4805 
   00237    0.4150   -1251.4793  0.4813 
   00238    0.4150   -1253.6443  0.4819 
   00239    0.4150   -1258.1852  0.4853 
   00240    0.4475   -1260.1133  0.4830 
   00241    0.4550   -1260.0032  0.4888 
   00242    0.4375   -1256.5519  0.4922 
   00243    0.4225   -1257.2207  0.4941 
   00244    0.4225   -1256.1720  0.4991 
   00245    0.4100   -1256.8187  0.4912 
   00246    0.4250   -1260.2411  0.4921 
   00247    0.4550   -1266.0717  0.4921 
   00248    0.4175   -1267.8340  0.4905 
   00249    0.3900   -1261.8307  0.4898 
   00250    0.4475   -1265.9006  0.4969 
   00251    0.4475   -1266.0988  0.4946 
   00252    0.4050   -1261.8848  0.4883 
   00253    0.4425   -1265.1400  0.4928 
   00254    0.4650   -1264.7503  0.5011 
   00255    0.4125   -1277.0960  0.5009 
   00256    0.3825   -1274.1324  0.5003 
   00257    0.4025   -1276.4130  0.5034 
   00258    0.4350   -1276.3726  0.5042 
   00259    0.4625   -1278.6661  0.5000 
   00260    0.4000   -1276.4738  0.4993 
   00261    0.3750   -1276.9078  0.5005 
   00262    0.4025   -1280.6540  0.5053 
   00263    0.4100   -1279.5391  0.5106 
   00264    0.4025   -1281.2562  0.5074 
   00265    0.4075   -1278.4594  0.5110 
   00266    0.4275   -1276.0060  0.5164 
   00267    0.4175   -1276.8077  0.5185 
   00268    0.4150   -1285.9181  0.5222 
   00269    0.4625   -1283.3832  0.5186 
   00270    0.4225   -1281.6976  0.5208 
   00271    0.4375   -1286.0214  0.5230 
   00272    0.4050   -1288.0686  0.5272 
   00273    0.4200   -1293.9263  0.5261 
   00274    0.4150   -1294.1555  0.5269 
   00275    0.4225   -1290.1583  0.5265 
   00276    0.4175   -1294.3596  0.5246 
   00277    0.4150   -1290.2590  0.5304 
   00278    0.4400   -1297.0889  0.5384 
   00279    0.4175   -1296.6711  0.5414 
   00280    0.3675   -1296.6337  0.5425 
   00281    0.4050   -1293.4918  0.5364 
   00282    0.4725   -1298.9060  0.5383 
   00283    0.4200   -1295.0043  0.5396 
   00284    0.4150   -1300.6301  0.5409 
   00285    0.3925   -1299.0392  0.5387 
   00286    0.4025   -1307.0845  0.5347 
   00287    0.4375   -1311.2358  0.5359 
   00288    0.4450   -1306.9164  0.5331 
   00289    0.4300   -1303.7228  0.5300 
   00290    0.4625   -1302.6093  0.5282 
   00291    0.4425   -1302.8675  0.5307 
   00292    0.4625   -1300.5625  0.5355 
   00293    0.4350   -1300.5682  0.5370 
   00294    0.4350   -1306.5981  0.5376 
   00295    0.4200   -1307.5244  0.5402 
   00296    0.4475   -1310.8878  0.5412 
   00297    0.3825   -1309.4674  0.5449 
   00298    0.4125   -1311.7601  0.5456 
   00299    0.4075   -1310.6843  0.5468 
   00300    0.4325   -1310.2294  0.5428 
   00301    0.4550   -1311.5879  0.5470 
   00302    0.3950   -1314.8588  0.5452 
   00303    0.4225   -1310.8846  0.5539 
   00304    0.4375   -1304.5452  0.5575 
   00305    0.4425   -1299.6427  0.5620 
   00306    0.4100   -1294.3841  0.5655 
   00307    0.4525   -1300.9089  0.5688 
   00308    0.4150   -1297.2802  0.5705 
   00309    0.4100   -1296.9045  0.5691 
   00310    0.4450   -1300.4928  0.5705 
   00311    0.4225   -1303.0962  0.5698 
   00312    0.4150   -1300.7155  0.5682 
   00313    0.4525   -1304.0228  0.5719 
   00314    0.4150   -1300.2015  0.5696 
   00315    0.3975   -1300.5541  0.5690 
   00316    0.4375   -1302.6082  0.5672 
   00317    0.4550   -1308.5118  0.5720 
   00318    0.4150   -1310.6816  0.5769 
   00319    0.4100   -1304.7722  0.5790 
   00320    0.4075   -1305.7618  0.5785 
   00321    0.4425   -1302.8127  0.5747 
   00322    0.4250   -1298.0693  0.5731 
   00323    0.4025   -1294.6069  0.5735 
   00324    0.4250   -1302.3680  0.5734 
   00325    0.4075   -1300.5888  0.5747 
   00326    0.3800   -1301.3416  0.5752 
   00327    0.3900   -1308.1357  0.5775 
   00328    0.4475   -1312.4942  0.5773 
   00329    0.4150   -1315.8720  0.5704 
   00330    0.3925   -1315.7565  0.5682 
   00331    0.4450   -1317.5147  0.5672 
   00332    0.4575   -1313.9867  0.5630 
   00333    0.3825   -1309.8828  0.5624 
   00334    0.4450   -1309.7904  0.5608 
   00335    0.4050   -1303.7058  0.5589 
   00336    0.4225   -1299.6664  0.5609 
   00337    0.4350   -1301.1626  0.5612 
   00338    0.4250   -1302.7868  0.5635 
   00339    0.4050   -1301.4241  0.5632 
   00340    0.4275   -1294.5171  0.5597 
   00341    0.4325   -1289.3449  0.5565 
   00342    0.3950   -1291.3277  0.5603 
   00343    0.4500   -1291.7602  0.5599 
   00344    0.4050   -1288.3880  0.5570 
   00345    0.4400   -1294.2567  0.5585 
   00346    0.4250   -1285.5093  0.5534 
   00347    0.4375   -1283.2727  0.5529 
   00348    0.4325   -1294.6125  0.5580 
   00349    0.4300   -1297.1760  0.5600 
   00350    0.4375   -1294.6852  0.5588 
   00351    0.3975   -1293.9792  0.5646 
   00352    0.4250   -1297.3181  0.5586 
   00353    0.4225   -1300.3281  0.5596 
   00354    0.4650   -1300.2888  0.5609 
   00355    0.4075   -1300.3858  0.5601 
   00356    0.4625   -1292.8929  0.5625 
   00357    0.4250   -1292.0761  0.5631 
   00358    0.3825   -1288.6916  0.5608 
   00359    0.3850   -1287.1855  0.5577 
   00360    0.3825   -1281.2387  0.5628 
   00361    0.4350   -1284.9547  0.5609 
   00362    0.4500   -1285.3566  0.5605 
   00363    0.4475   -1281.8068  0.5612 
   00364    0.4900   -1278.5396  0.5604 
   00365    0.4100   -1286.0323  0.5656 
   00366    0.4525   -1286.3034  0.5672 
   00367    0.4300   -1288.5492  0.5723 
   00368    0.4300   -1290.8655  0.5722 
   00369    0.3875   -1292.9993  0.5772 
   00370    0.4275   -1291.5785  0.5772 
   00371    0.4175   -1290.8689  0.5797 
   00372    0.3925   -1290.9191  0.5759 
   00373    0.3975   -1293.5860  0.5776 
   00374    0.4100   -1290.2699  0.5767 
   00375    0.4175   -1285.5723  0.5806 
   00376    0.4550   -1281.2536  0.5769 
   00377    0.4050   -1279.8421  0.5842 
   00378    0.3975   -1281.2898  0.5898 
   00379    0.3875   -1279.7040  0.5872 
   00380    0.4350   -1274.5532  0.5789 
   00381    0.4325   -1275.1366  0.5753 
   00382    0.4075   -1276.9117  0.5733 
   00383    0.4425   -1274.6683  0.5761 
   00384    0.4375   -1279.8828  0.5778 
   00385    0.4075   -1283.7022  0.5765 
   00386    0.4175   -1284.3931  0.5744 
   00387    0.3675   -1287.4198  0.5725 
   00388    0.3725   -1287.8876  0.5724 
   00389    0.4350   -1285.0359  0.5731 
   00390    0.4100   -1283.0846  0.5796 
   00391    0.4625   -1293.4721  0.5759 
   00392    0.4475   -1295.4871  0.5754 
   00393    0.3850   -1286.5711  0.5773 
   00394    0.4350   -1284.5196  0.5772 
   00395    0.4400   -1285.3943  0.5770 
   00396    0.4775   -1285.7632  0.5749 
   00397    0.4125   -1291.1635  0.5723 
   00398    0.4025   -1287.4081  0.5722 
   00399    0.4100   -1287.3087  0.5773 
   00400    0.4350   -1283.0443  0.5709 
   00401    0.4075   -1280.7668  0.5720 
   00402    0.4025   -1281.4691  0.5697 
   00403    0.3775   -1279.3090  0.5699 
   00404    0.4150   -1286.9433  0.5683 
   00405    0.4325   -1287.1741  0.5679 
   00406    0.4450   -1286.8821  0.5648 
   00407    0.3825   -1286.4173  0.5611 
   00408    0.4400   -1283.0734  0.5625 
   00409    0.4450   -1286.7498  0.5620 
   00410    0.3950   -1295.4079  0.5624 
   00411    0.4550   -1290.2765  0.5634 
   00412    0.4150   -1291.3073  0.5593 
   00413    0.3625   -1292.2544  0.5600 
   00414    0.4225   -1289.4144  0.5639 
   00415    0.4425   -1293.2826  0.5660 
   00416    0.3600   -1293.6717  0.5705 
   00417    0.4050   -1286.1946  0.5742 
   00418    0.4000   -1285.7290  0.5749 
   00419    0.4100   -1290.2200  0.5795 
   00420    0.4450   -1281.9532  0.5792 
   00421    0.4575   -1279.0523  0.5800 
   00422    0.4225   -1277.9584  0.5834 
   00423    0.4425   -1273.6377  0.5820 
   00424    0.4700   -1271.8606  0.5806 
   00425    0.3925   -1274.3798  0.5849 
   00426    0.4450   -1266.8484  0.5829 
   00427    0.4250   -1269.9320  0.5790 
   00428    0.4050   -1265.7587  0.5784 
   00429    0.4450   -1265.4222  0.5803 
   00430    0.4150   -1263.1487  0.5835 
   00431    0.4225   -1263.5165  0.5842 
   00432    0.4125   -1262.9573  0.5745 
   00433    0.4100   -1268.8434  0.5731 
   00434    0.4775   -1261.7489  0.5695 
   00435    0.4075   -1259.1912  0.5704 
   00436    0.3625   -1261.3765  0.5695 
   00437    0.4475   -1264.0030  0.5675 
   00438    0.4175   -1264.6924  0.5671 
   00439    0.4125   -1266.9118  0.5716 
   00440    0.4125   -1262.7466  0.5691 
   00441    0.4200   -1261.9569  0.5747 
   00442    0.3975   -1266.5430  0.5742 
   00443    0.4150   -1269.4025  0.5785 
   00444    0.4575   -1273.9740  0.5758 
   00445    0.4600   -1274.6650  0.5740 
   00446    0.4100   -1272.5035  0.5733 
   00447    0.4150   -1278.6046  0.5803 
   00448    0.4225   -1280.5837  0.5796 
   00449    0.4400   -1276.0879  0.5789 
   00450    0.3875   -1279.0015  0.5801 
   00451    0.4100   -1282.3695  0.5783 
   00452    0.3775   -1285.3455  0.5814 
   00453    0.4200   -1281.3529  0.5805 
   00454    0.4475   -1284.0023  0.5768 
   00455    0.4350   -1284.2011  0.5812 
   00456    0.4100   -1279.3747  0.5801 
   00457    0.4475   -1282.4270  0.5808 
   00458    0.4375   -1288.1094  0.5759 
   00459    0.4250   -1298.3884  0.5813 
   00460    0.4150   -1298.8237  0.5811 
   00461    0.3725   -1298.6426  0.5808 
   00462    0.4150   -1291.8435  0.5855 
   00463    0.4075   -1293.9437  0.5813 
   00464    0.3850   -1299.0882  0.5802 
   00465    0.4400   -1307.4738  0.5781 
   00466    0.4475   -1304.8389  0.5793 
   00467    0.4000   -1307.3138  0.5811 
   00468    0.4325   -1314.6800  0.5822 
   00469    0.4125   -1309.6631  0.5800 
   00470    0.4350   -1313.2759  0.5761 
   00471    0.3625   -1312.2388  0.5794 
   00472    0.4100   -1309.7722  0.5776 
   00473    0.4300   -1307.2246  0.5821 
   00474    0.4275   -1307.1308  0.5821 
   00475    0.4025   -1311.5828  0.5885 
   00476    0.4525   -1313.8284  0.5867 
   00477    0.4375   -1314.5423  0.5831 
   00478    0.3750   -1314.0173  0.5806 
   00479    0.3975   -1313.6638  0.5830 
   00480    0.4075   -1311.3899  0.5810 
   00481    0.4350   -1310.8315  0.5817 
   00482    0.4275   -1310.4478  0.5854 
   00483    0.4225   -1311.5852  0.5897 
   00484    0.4300   -1307.7683  0.5858 
   00485    0.3900   -1306.3476  0.5832 
   00486    0.4050   -1315.1003  0.5878 
   00487    0.3750   -1317.4762  0.5875 
   00488    0.3825   -1317.9644  0.5914 
   00489    0.4275   -1319.3824  0.5902 
   00490    0.4075   -1319.3611  0.5912 
   00491    0.4075   -1318.3090  0.5910 
   00492    0.4100   -1321.3006  0.5929 
   00493    0.4025   -1320.8383  0.5932 
   00494    0.4025   -1316.8118  0.5904 
   00495    0.3900   -1314.7738  0.5931 
   00496    0.4475   -1324.9063  0.5964 
   00497    0.3925   -1326.4062  0.6046 
   00498    0.4225   -1322.7923  0.6098 
   00499    0.4300   -1321.9442  0.6118 
   00500    0.3850   -1322.9266  0.6043 
   00501    0.4175   -1323.4064  0.6022 
   00502    0.4150   -1320.5916  0.6040 
   00503    0.4350   -1325.7340  0.6074 
   00504    0.4425   -1319.0809  0.6050 
   00505    0.4000   -1319.8356  0.6030 
   00506    0.4075   -1319.4806  0.5984 
   00507    0.3975   -1315.5150  0.6005 
   00508    0.4375   -1321.0277  0.6007 
   00509    0.4050   -1319.5137  0.5999 
   00510    0.4250   -1325.2072  0.6035 
   00511    0.3775   -1320.6771  0.5985 
   00512    0.4300   -1322.5893  0.5980 
   00513    0.3925   -1321.9851  0.5989 
   00514    0.3975   -1317.9649  0.6022 
   00515    0.4350   -1315.4578  0.6011 
   00516    0.4200   -1316.4063  0.6016 
   00517    0.4350   -1315.7468  0.5984 
   00518    0.4425   -1326.5878  0.5911 
   00519    0.4525   -1321.6108  0.5903 
   00520    0.4550   -1316.9040  0.5900 
   00521    0.3975   -1319.5557  0.5880 
   00522    0.4675   -1315.9015  0.5937 
   00523    0.3925   -1315.0668  0.5924 
   00524    0.4575   -1311.9948  0.5955 
   00525    0.4225   -1312.8569  0.5962 
   00526    0.3850   -1310.5580  0.5986 
   00527    0.4025   -1307.5493  0.6009 
   00528    0.4025   -1308.9128  0.5987 
   00529    0.4350   -1309.6214  0.6008 
   00530    0.4100   -1308.0498  0.5935 
   00531    0.4250   -1304.7106  0.5911 
   00532    0.4175   -1299.4603  0.5871 
   00533    0.3850   -1298.9947  0.5870 
   00534    0.4150   -1300.8571  0.5877 
   00535    0.4150   -1301.4731  0.5867 
   00536    0.3750   -1300.0612  0.5908 
   00537    0.4000   -1296.4543  0.5935 
   00538    0.4500   -1300.1077  0.5955 
   00539    0.4175   -1299.2306  0.5927 
   00540    0.4075   -1299.8139  0.5937 
   00541    0.4225   -1305.6763  0.5927 
   00542    0.4325   -1309.7320  0.5978 
   00543    0.4175   -1305.7420  0.5993 
   00544    0.3925   -1306.6466  0.6006 
   00545    0.4075   -1304.9964  0.5967 
   00546    0.4200   -1304.0401  0.5984 
   00547    0.4300   -1306.7695  0.5992 
   00548    0.4050   -1307.8050  0.6015 
   00549    0.3775   -1305.4208  0.6010 
   00550    0.4125   -1307.0087  0.6034 
   00551    0.4375   -1308.3719  0.6047 
   00552    0.4250   -1311.9203  0.6073 
   00553    0.4450   -1313.7640  0.6104 
   00554    0.4275   -1313.7033  0.6106 
   00555    0.4275   -1318.8351  0.6163 
   00556    0.4125   -1325.0877  0.6180 
   00557    0.4550   -1318.6606  0.6168 
   00558    0.4150   -1321.0502  0.6169 
   00559    0.4050   -1329.4273  0.6152 
   00560    0.4000   -1326.6960  0.6167 
   00561    0.4350   -1318.4877  0.6144 
   00562    0.4650   -1319.8061  0.6152 
   00563    0.4200   -1319.5309  0.6166 
   00564    0.4175   -1314.8428  0.6197 
   00565    0.4400   -1317.9893  0.6217 
   00566    0.4250   -1315.2950  0.6206 
   00567    0.3850   -1311.0128  0.6175 
   00568    0.4175   -1307.4632  0.6140 
   00569    0.3950   -1302.9205  0.6141 
   00570    0.4250   -1303.6475  0.6140 
   00571    0.3875   -1301.0452  0.6109 
   00572    0.4325   -1300.7900  0.6112 
   00573    0.4600   -1300.0010  0.6118 
   00574    0.4350   -1300.5370  0.6042 
   00575    0.3850   -1305.2056  0.6065 
   00576    0.3850   -1308.1645  0.6086 
   00577    0.4525   -1307.8566  0.6059 
   00578    0.4175   -1306.4477  0.6084 
   00579    0.4400   -1309.0524  0.6097 
   00580    0.4000   -1313.5458  0.6164 
   00581    0.4450   -1318.8051  0.6153 
   00582    0.4325   -1321.5558  0.6149 
   00583    0.4000   -1323.5869  0.6134 
   00584    0.4250   -1328.5518  0.6194 
   00585    0.3675   -1324.4170  0.6176 
   00586    0.4350   -1330.3013  0.6226 
   00587    0.4050   -1323.4013  0.6171 
   00588    0.4725   -1319.2192  0.6221 
   00589    0.3825   -1320.6545  0.6208 
   00590    0.4075   -1321.0420  0.6183 
   00591    0.4200   -1318.8701  0.6179 
   00592    0.3900   -1325.3436  0.6182 
   00593    0.4450   -1329.3874  0.6158 
   00594    0.4150   -1330.0222  0.6142 
   00595    0.4000   -1329.1921  0.6128 
   00596    0.4500   -1324.6517  0.6104 
   00597    0.4450   -1321.7678  0.6079 
   00598    0.3775   -1324.1987  0.6092 
   00599    0.4450   -1321.7410  0.6080 
   00600    0.4600   -1318.6210  0.6089 
   00601    0.4250   -1316.8807  0.6077 
   00602    0.4000   -1314.1285  0.6049 
   00603    0.4575   -1308.9151  0.6103 
   00604    0.4000   -1307.7608  0.6115 
   00605    0.3750   -1309.1425  0.6076 
   00606    0.4250   -1309.5897  0.6025 
   00607    0.4225   -1307.4321  0.6070 
   00608    0.4175   -1310.9719  0.6090 
   00609    0.4275   -1312.4490  0.6121 
   00610    0.3925   -1310.5086  0.6093 
   00611    0.4200   -1310.6990  0.6086 
   00612    0.4500   -1310.9373  0.6119 
   00613    0.4150   -1312.5112  0.6089 
   00614    0.4050   -1311.8770  0.6095 
   00615    0.4200   -1315.7430  0.6119 
   00616    0.3825   -1319.6934  0.6092 
   00617    0.3825   -1323.0206  0.6106 
   00618    0.4275   -1330.1544  0.6132 
   00619    0.4100   -1332.1995  0.6147 
   00620    0.3825   -1335.0242  0.6163 
   00621    0.4050   -1334.2202  0.6160 
   00622    0.4150   -1330.1173  0.6189 
   00623    0.3875   -1329.0465  0.6166 
   00624    0.3900   -1328.3894  0.6192 
   00625    0.3750   -1330.3646  0.6222 
   00626    0.4025   -1329.4434  0.6228 
   00627    0.4250   -1330.9834  0.6246 
   00628    0.3700   -1326.4350  0.6208 
   00629    0.3975   -1330.1013  0.6175 
   00630    0.3900   -1327.4787  0.6136 
   00631    0.4025   -1330.7401  0.6199 
   00632    0.4100   -1330.9288  0.6246 
   00633    0.4375   -1328.4269  0.6243 
   00634    0.3925   -1328.4277  0.6267 
   00635    0.4175   -1327.3342  0.6295 
   00636    0.3925   -1332.5995  0.6303 
   00637    0.4175   -1335.4965  0.6311 
   00638    0.4300   -1332.8542  0.6287 
   00639    0.3600   -1324.0257  0.6298 
   00640    0.3825   -1321.3924  0.6281 
   00641    0.4300   -1324.1737  0.6289 
   00642    0.4550   -1326.3615  0.6313 
   00643    0.4400   -1325.3803  0.6331 
   00644    0.3925   -1325.4044  0.6369 
   00645    0.3975   -1327.1814  0.6411 
   00646    0.4050   -1330.9054  0.6416 
   00647    0.4325   -1331.2408  0.6424 
   00648    0.3700   -1328.7194  0.6428 
   00649    0.4325   -1326.1646  0.6432 
   00650    0.4300   -1322.3327  0.6407 
   00651    0.4100   -1323.9061  0.6410 
   00652    0.4525   -1322.5846  0.6409 
   00653    0.4425   -1323.9098  0.6416 
   00654    0.3975   -1327.7395  0.6436 
   00655    0.4275   -1328.8660  0.6420 
   00656    0.4350   -1326.1776  0.6447 
   00657    0.3775   -1325.9871  0.6459 
   00658    0.3925   -1327.7445  0.6441 
   00659    0.4100   -1325.3985  0.6461 
   00660    0.4425   -1326.4213  0.6462 
   00661    0.4300   -1327.7546  0.6470 
   00662    0.4200   -1320.8340  0.6475 
   00663    0.4100   -1317.4030  0.6449 
   00664    0.3950   -1312.6861  0.6490 
   00665    0.4375   -1310.8584  0.6471 
   00666    0.3775   -1309.0848  0.6438 
   00667    0.3900   -1310.4542  0.6449 
   00668    0.4000   -1311.8097  0.6444 
   00669    0.4075   -1308.5896  0.6440 
   00670    0.4300   -1306.1867  0.6499 
   00671    0.4450   -1303.9930  0.6489 
   00672    0.4350   -1300.3719  0.6500 
   00673    0.4250   -1302.6535  0.6472 
   00674    0.3575   -1304.3451  0.6455 
   00675    0.3950   -1305.7914  0.6475 
   00676    0.4100   -1306.9606  0.6484 
   00677    0.4075   -1302.8471  0.6465 
   00678    0.4000   -1301.6538  0.6435 
   00679    0.4375   -1301.3355  0.6452 
   00680    0.4175   -1296.5769  0.6438 
   00681    0.3825   -1292.2430  0.6451 
   00682    0.4600   -1291.4283  0.6491 
   00683    0.4250   -1294.6751  0.6473 
   00684    0.3975   -1298.3835  0.6466 
   00685    0.4375   -1295.0122  0.6446 
   00686    0.3900   -1298.8142  0.6413 
   00687    0.4500   -1295.3656  0.6393 
   00688    0.4275   -1292.6093  0.6369 
   00689    0.4600   -1290.0716  0.6388 
   00690    0.4075   -1297.1314  0.6451 
   00691    0.4600   -1306.5400  0.6416 
   00692    0.4025   -1303.6544  0.6409 
   00693    0.4625   -1303.0925  0.6419 
   00694    0.3975   -1302.9609  0.6363 
   00695    0.3825   -1308.1095  0.6372 
   00696    0.4075   -1315.4442  0.6383 
   00697    0.4225   -1318.9235  0.6388 
   00698    0.3850   -1315.3706  0.6407 
   00699    0.4125   -1318.5733  0.6417 
   00700    0.3675   -1317.9246  0.6399 
   00701    0.4575   -1319.0925  0.6397 
   00702    0.4075   -1320.9372  0.6388 
   00703    0.4175   -1325.0014  0.6389 
   00704    0.3925   -1313.6781  0.6381 
   00705    0.4300   -1312.7386  0.6361 
   00706    0.4125   -1307.6228  0.6404 
   00707    0.3875   -1309.4463  0.6408 
   00708    0.3825   -1314.1439  0.6441 
   00709    0.4075   -1319.1570  0.6464 
   00710    0.3725   -1314.3378  0.6485 
   00711    0.3950   -1313.8566  0.6507 
   00712    0.4250   -1309.6032  0.6502 
   00713    0.3850   -1311.9505  0.6502 
   00714    0.4050   -1310.3509  0.6555 
   00715    0.4350   -1309.9918  0.6544 
   00716    0.4400   -1299.9519  0.6542 
   00717    0.4225   -1308.5349  0.6590 
   00718    0.4100   -1305.5757  0.6542 
   00719    0.3900   -1305.0263  0.6536 
   00720    0.4000   -1300.9415  0.6484 
   00721    0.4275   -1304.9192  0.6495 
   00722    0.4050   -1299.0832  0.6525 
   00723    0.4225   -1303.2950  0.6529 
   00724    0.3950   -1304.1530  0.6524 
   00725    0.4125   -1307.5725  0.6569 
   00726    0.4325   -1311.7136  0.6600 
   00727    0.4425   -1312.3160  0.6628 
   00728    0.4225   -1315.3176  0.6607 
   00729    0.4050   -1315.5216  0.6568 
   00730    0.3925   -1313.8330  0.6548 
   00731    0.4025   -1319.4748  0.6519 
   00732    0.3650   -1319.9396  0.6508 
   00733    0.4250   -1317.4470  0.6476 
   00734    0.4075   -1319.1414  0.6446 
   00735    0.4075   -1318.9099  0.6378 
   00736    0.4125   -1322.4069  0.6358 
   00737    0.4000   -1313.0475  0.6309 
   00738    0.4325   -1313.9015  0.6319 
   00739    0.3975   -1311.8075  0.6303 
   00740    0.3925   -1313.5882  0.6334 
   00741    0.4275   -1307.2488  0.6293 
   00742    0.4375   -1313.4576  0.6328 
   00743    0.4475   -1314.9455  0.6330 
   00744    0.4325   -1314.0986  0.6359 
   00745    0.4350   -1321.5913  0.6346 
   00746    0.4450   -1321.5834  0.6365 
   00747    0.4550   -1330.7136  0.6389 
   00748    0.4250   -1331.2116  0.6403 
   00749    0.3900   -1333.7476  0.6418 
   00750    0.4000   -1330.9514  0.6467 
   00751    0.4300   -1330.0258  0.6486 
   00752    0.3825   -1328.3662  0.6434 
   00753    0.4275   -1322.5053  0.6468 
   00754    0.3800   -1323.9662  0.6450 
   00755    0.3975   -1322.7576  0.6452 
   00756    0.3750   -1326.0154  0.6518 
   00757    0.4300   -1330.2292  0.6548 
   00758    0.4250   -1331.5641  0.6539 
   00759    0.4150   -1334.6131  0.6528 
   00760    0.4550   -1332.8297  0.6466 
   00761    0.3825   -1335.9847  0.6468 
   00762    0.4125   -1334.3274  0.6504 
   00763    0.4525   -1334.3112  0.6493 
   00764    0.4175   -1334.3792  0.6487 
   00765    0.3775   -1335.2391  0.6523 
   00766    0.4375   -1332.2888  0.6479 
   00767    0.4125   -1332.5591  0.6474 
   00768    0.4300   -1333.6270  0.6503 
   00769    0.4250   -1335.2913  0.6488 
   00770    0.4075   -1333.4031  0.6488 
   00771    0.4550   -1334.4339  0.6500 
   00772    0.4100   -1333.7965  0.6540 
   00773    0.4175   -1333.9619  0.6538 
   00774    0.4150   -1327.0758  0.6527 
   00775    0.4275   -1320.0685  0.6520 
   00776    0.4150   -1322.2255  0.6497 
   00777    0.4075   -1320.9525  0.6458 
   00778    0.4325   -1321.8537  0.6462 
   00779    0.4550   -1319.6474  0.6460 
   00780    0.3700   -1324.3793  0.6467 
   00781    0.4050   -1328.5517  0.6515 
   00782    0.4025   -1329.9362  0.6504 
   00783    0.4250   -1332.9231  0.6489 
   00784    0.4525   -1328.4846  0.6488 
   00785    0.4575   -1324.6491  0.6490 
   00786    0.4150   -1329.2407  0.6536 
   00787    0.4450   -1329.0811  0.6543 
   00788    0.4475   -1325.6118  0.6552 
   00789    0.4100   -1322.4147  0.6540 
   00790    0.4125   -1326.2862  0.6522 
   00791    0.3775   -1327.8404  0.6521 
   00792    0.4350   -1327.4483  0.6440 
   00793    0.4150   -1318.9996  0.6456 
   00794    0.3925   -1322.2564  0.6453 
   00795    0.4275   -1320.0829  0.6448 
   00796    0.4200   -1319.8034  0.6468 
   00797    0.4150   -1321.1639  0.6494 
   00798    0.3775   -1317.1041  0.6480 
   00799    0.4325   -1317.0137  0.6458 
   00800    0.4525   -1321.0609  0.6467 
   00801    0.3900   -1322.7531  0.6494 
   00802    0.4425   -1329.4995  0.6540 
   00803    0.4300   -1328.5190  0.6551 
   00804    0.3975   -1328.5311  0.6535 
   00805    0.4675   -1325.2637  0.6542 
   00806    0.4025   -1325.3808  0.6547 
   00807    0.4425   -1325.9165  0.6581 
   00808    0.4050   -1328.6068  0.6567 
   00809    0.4375   -1326.4460  0.6576 
   00810    0.4600   -1326.2016  0.6594 
   00811    0.4350   -1325.9822  0.6571 
   00812    0.4125   -1322.0069  0.6581 
   00813    0.4175   -1319.8507  0.6567 
   00814    0.4075   -1323.7213  0.6555 
   00815    0.4225   -1332.9948  0.6614 
   00816    0.4325   -1330.0904  0.6605 
   00817    0.4325   -1335.6010  0.6588 
   00818    0.4550   -1334.2617  0.6577 
   00819    0.4250   -1333.4195  0.6551 
   00820    0.4175   -1335.4242  0.6526 
   00821    0.3875   -1335.9764  0.6497 
   00822    0.4625   -1334.8149  0.6485 
   00823    0.4175   -1333.5519  0.6484 
   00824    0.4225   -1332.4197  0.6488 
   00825    0.4425   -1329.9277  0.6495 
   00826    0.4025   -1326.5163  0.6482 
   00827    0.4525   -1331.8666  0.6456 
   00828    0.4375   -1337.9166  0.6480 
   00829    0.3975   -1336.5454  0.6442 
   00830    0.4075   -1339.6182  0.6471 
   00831    0.3900   -1336.8871  0.6484 
   00832    0.4175   -1336.8490  0.6474 
   00833    0.3675   -1335.8413  0.6481 
   00834    0.3900   -1336.0372  0.6489 
   00835    0.4500   -1334.8732  0.6481 
   00836    0.4275   -1332.7398  0.6492 
   00837    0.4400   -1335.0970  0.6513 
   00838    0.3700   -1330.1458  0.6531 
   00839    0.4275   -1329.0804  0.6550 
   00840    0.4350   -1331.3427  0.6608 
   00841    0.3925   -1330.0216  0.6596 
   00842    0.4450   -1329.1599  0.6604 
   00843    0.3875   -1328.8090  0.6612 
   00844    0.4475   -1330.3937  0.6652 
   00845    0.4000   -1326.3483  0.6577 
   00846    0.4200   -1328.2828  0.6590 
   00847    0.3925   -1330.1765  0.6587 
   00848    0.4175   -1326.8456  0.6561 
   00849    0.3975   -1329.4637  0.6570 
   00850    0.4625   -1328.8285  0.6606 
   00851    0.4025   -1340.1185  0.6653 
   00852    0.4850   -1340.8603  0.6626 
   00853    0.4325   -1336.5522  0.6663 
   00854    0.4075   -1339.8273  0.6702 
   00855    0.4250   -1335.0992  0.6697 
   00856    0.4175   -1343.6808  0.6752 
   00857    0.4050   -1345.5806  0.6734 
   00858    0.4250   -1344.8174  0.6742 
   00859    0.3375   -1348.3246  0.6730 
   00860    0.4025   -1342.7346  0.6733 
   00861    0.3725   -1347.5881  0.6725 
   00862    0.4325   -1342.1614  0.6712 
   00863    0.4375   -1349.4600  0.6706 
   00864    0.3525   -1348.9827  0.6693 
   00865    0.4175   -1350.9301  0.6693 
   00866    0.4325   -1346.4362  0.6686 
   00867    0.3825   -1346.6758  0.6745 
   00868    0.4050   -1352.2202  0.6742 
   00869    0.4450   -1349.5959  0.6711 
   00870    0.4150   -1348.0283  0.6742 
   00871    0.4025   -1351.7835  0.6769 
   00872    0.4300   -1351.2656  0.6758 
   00873    0.4200   -1352.1649  0.6775 
   00874    0.3900   -1351.9896  0.6810 
   00875    0.3950   -1354.4530  0.6824 
   00876    0.3850   -1354.3861  0.6830 
   00877    0.4125   -1355.2588  0.6855 
   00878    0.4025   -1356.6983  0.6845 
   00879    0.4575   -1355.9961  0.6824 
   00880    0.4225   -1356.3081  0.6788 
   00881    0.4150   -1360.8052  0.6802 
   00882    0.4300   -1357.4774  0.6832 
   00883    0.4050   -1348.1590  0.6760 
   00884    0.4100   -1355.1709  0.6797 
   00885    0.4725   -1350.5503  0.6808 
   00886    0.4025   -1349.1808  0.6802 
   00887    0.4325   -1343.3431  0.6764 
   00888    0.3875   -1344.1983  0.6734 
   00889    0.4325   -1341.1178  0.6737 
   00890    0.4400   -1343.4170  0.6755 
   00891    0.3800   -1343.3570  0.6780 
   00892    0.3975   -1352.7468  0.6815 
   00893    0.4350   -1349.2804  0.6820 
   00894    0.4600   -1349.3201  0.6837 
   00895    0.4775   -1345.8135  0.6830 
   00896    0.3600   -1343.4933  0.6806 
   00897    0.4150   -1337.2566  0.6773 
   00898    0.4050   -1337.6642  0.6760 
   00899    0.4325   -1341.1503  0.6771 
   00900    0.4600   -1351.4444  0.6784 
   00901    0.4450   -1347.6492  0.6793 
   00902    0.4000   -1348.2220  0.6801 
   00903    0.4050   -1348.4921  0.6783 
   00904    0.4275   -1344.7670  0.6708 
   00905    0.4175   -1343.9069  0.6688 
   00906    0.3950   -1344.6943  0.6706 
   00907    0.4300   -1345.2237  0.6682 
   00908    0.4500   -1338.8412  0.6727 
   00909    0.3975   -1336.3406  0.6702 
   00910    0.4075   -1335.2347  0.6691 
   00911    0.4250   -1342.6313  0.6729 
   00912    0.4250   -1345.7293  0.6741 
   00913    0.3975   -1345.1761  0.6788 
   00914    0.4175   -1348.1706  0.6800 
   00915    0.4050   -1350.5877  0.6820 
   00916    0.4525   -1348.1020  0.6854 
   00917    0.3925   -1346.5999  0.6867 
   00918    0.4225   -1346.6652  0.6912 
   00919    0.3500   -1341.7893  0.6917 
   00920    0.3775   -1346.6284  0.6947 
   00921    0.4275   -1349.9141  0.6884 
   00922    0.3975   -1349.3651  0.6870 
   00923    0.4675   -1351.7788  0.6879 
   00924    0.4250   -1349.0843  0.6910 
   00925    0.4350   -1352.0515  0.6951 
   00926    0.4450   -1355.4443  0.6929 
   00927    0.4550   -1352.6666  0.6909 
   00928    0.4100   -1353.6937  0.6907 
   00929    0.3850   -1350.1175  0.6912 
   00930    0.3975   -1359.2337  0.7012 
   00931    0.4550   -1356.6475  0.6983 
   00932    0.4450   -1355.9892  0.6966 
   00933    0.4500   -1354.2911  0.6949 
   00934    0.4500   -1352.8012  0.6940 
   00935    0.4375   -1350.7968  0.6925 
   00936    0.4550   -1347.1468  0.6952 
   00937    0.4250   -1336.6835  0.6949 
   00938    0.3950   -1334.1347  0.6887 
   00939    0.3900   -1334.2952  0.6904 
   00940    0.4425   -1331.9628  0.6889 
   00941    0.3950   -1332.7526  0.6894 
   00942    0.3975   -1337.9094  0.6876 
   00943    0.4425   -1335.8550  0.6904 
   00944    0.4350   -1331.5545  0.6920 
   00945    0.4250   -1329.7113  0.6934 
   00946    0.4375   -1333.2255  0.6900 
   00947    0.4075   -1334.0482  0.6876 
   00948    0.4300   -1338.6091  0.6869 
   00949    0.4350   -1339.9457  0.6909 
   00950    0.4050   -1342.0136  0.6858 
   00951    0.4500   -1342.3938  0.6852 
   00952    0.4400   -1341.8462  0.6842 
   00953    0.4050   -1340.9457  0.6814 
   00954    0.4275   -1342.4434  0.6806 
   00955    0.4225   -1341.6869  0.6846 
   00956    0.3675   -1340.9688  0.6856 
   00957    0.4200   -1342.0812  0.6821 
   00958    0.4400   -1339.9702  0.6847 
   00959    0.4125   -1337.1389  0.6843 
   00960    0.4000   -1340.5826  0.6877 
   00961    0.4400   -1348.6626  0.6900 
   00962    0.4025   -1346.5082  0.6926 
   00963    0.4350   -1343.1188  0.6917 
   00964    0.4075   -1345.2598  0.6893 
   00965    0.4100   -1351.0215  0.6863 
   00966    0.4125   -1349.1719  0.6856 
   00967    0.3950   -1345.1453  0.6836 
   00968    0.3525   -1344.6000  0.6809 
   00969    0.4025   -1341.9017  0.6809 
   00970    0.4275   -1346.2851  0.6842 
   00971    0.4150   -1350.3973  0.6832 
   00972    0.4350   -1352.2952  0.6850 
   00973    0.4400   -1357.6404  0.6878 
   00974    0.4025   -1367.0817  0.6921 
   00975    0.4050   -1365.7867  0.6925 
   00976    0.3950   -1366.3091  0.6934 
   00977    0.4150   -1361.9693  0.6928 
   00978    0.4100   -1357.8284  0.6904 
   00979    0.4550   -1358.9776  0.6918 
   00980    0.4000   -1352.8797  0.6888 
   00981    0.4150   -1352.4674  0.6893 
   00982    0.4025   -1355.9456  0.6901 
   00983    0.4125   -1356.9093  0.6881 
   00984    0.4325   -1351.4822  0.6854 
   00985    0.4500   -1353.0166  0.6828 
   00986    0.4450   -1348.0273  0.6837 
   00987    0.4200   -1343.6403  0.6851 
   00988    0.4275   -1340.4590  0.6862 
   00989    0.3975   -1340.1336  0.6831 
   00990    0.4225   -1341.2633  0.6838 
   00991    0.4150   -1339.1963  0.6824 
   00992    0.4075   -1338.5264  0.6817 
   00993    0.4150   -1340.1219  0.6844 
   00994    0.3900   -1339.9048  0.6828 
   00995    0.3500   -1333.8132  0.6805 
   00996    0.4025   -1334.4038  0.6787 
   00997    0.3925   -1335.6492  0.6790 
   00998    0.4025   -1337.5421  0.6807 
   00999    0.3800   -1334.8450  0.6800 
   01000    0.4425   -1330.5338  0.6805 
