#=====================================================
# File created:        Wed-05-Nov-2025-at-03-15-06AM
# Size of lattice:     20x20
# Number of MC steps:  1000
# Reduced temperature: 0.400
# Run time (s):        7.706577
#=====================================================
# MC step:  Ratio:     Energy:   Order:
#=====================================================
   00000    0.5000    -420.5016  0.3085 
   00001    0.6725    -589.3780  0.3212 
   00002    0.6525    -683.9828  0.3333 
   00003    0.6450    -776.3765  0.3367 
   00004    0.6275    -844.9793  0.3484 
   00005    0.5750    -896.2928  0.3591 
   00006    0.5750    -969.1066  0.3583 
   00007    0.5450   -1021.0945  0.3809 
   00008    0.4875   -1057.4535  0.3799 
   00009    0.5200   -1081.1619  0.3706 
   00010    0.5250   -1100.6234  0.3781 
   00011    0.5150   -1119.6986  0.3932 
   00012    0.4900   -1157.0586  0.4063 
   00013    0.4400   -1155.0999  0.3900 
   00014    0.5375   -1168.9549  0.4103 
   00015    0.5300   -1188.3541  0.4184 
   00016    0.4900   -1200.8338  0.4296 
   00017    0.4350   -1213.4618  0.4422 
   00018    0.4825   -1230.1498  0.4531 
   00019    0.4475   -1245.4023  0.4571 
   00020    0.4550   -1236.8546  0.4730 
   00021    0.4525   -1245.1010  0.4886 
   00022    0.5100   -1249.2453  0.4813 
   00023    0.4825   -1254.9490  0.5028 
   00024    0.4275   -1262.0844  0.4943 
   00025    0.4800   -1260.0380  0.4894 
   00026    0.4625   -1261.4575  0.4892 
   00027    0.5075   -1270.9096  0.4903 
   00028    0.4525   -1282.7115  0.4926 
   00029    0.4700   -1284.7034  0.5045 
   00030    0.4350   -1306.0727  0.5118 
   00031    0.4725   -1303.8994  0.5198 
   00032    0.4250   -1296.4294  0.5224 
   00033    0.4350   -1297.3408  0.5159 
   00034    0.4675   -1305.7826  0.5229 
   00035    0.4425   -1294.1957  0.5062 
   00036    0.4500   -1305.7908  0.5187 
   00037    0.4375   -1305.7207  0.5259 
   00038    0.5025   -1302.3497  0.5308 
   00039    0.4250   -1327.6799  0.5581 
   00040    0.4350   -1332.3639  0.5562 
   00041    0.4400   -1335.1963  0.5513 
   00042    0.4800   -1331.0690  0.5559 
   00043    0.4525   -1348.9178  0.5624 
   00044    0.3975   -1353.5041  0.5517 
   00045    0.4100   -1344.7618  0.5493 
   00046    0.4625   -1358.3922  0.5538 
   00047    0.4500   -1358.3083  0.5603 
   00048    0.3825   -1364.1665  0.5601 
   00049    0.4050   -1359.4313  0.5594 
   00050    0.4300   -1349.1806  0.5637 
   00051    0.4725   -1349.5375  0.5601 
   00052    0.4575   -1333.7548  0.5692 
   00053    0.4375   -1343.9696  0.5828 
   00054    0.4550   -1332.1201  0.5753 
   00055    0.4300   -1339.4566  0.5852 
   00056    0.4375   -1352.3518  0.5989 
   00057    0.4100   -1360.6414  0.5975 
   00058    0.4250   -1367.4447  0.5999 
   00059    0.4825   -1362.2659  0.5921 
   00060    0.4600   -1356.5735  0.6094 
   00061    0.4600   -1362.4535  0.6098 
   00062    0.4600   -1368.8505  0.6070 
   00063    0.4450   -1372.1088  0.6114 
   00064    0.4825   -1391.2261  0.6295 
   00065    0.4650   -1385.3798  0.6282 
   00066    0.4200   -1382.6102  0.6294 
   00067    0.4150   -1388.0189  0.6207 
   00068    0.4300   -1393.8247  0.6109 
   00069    0.4400   -1370.0933  0.6222 
   00070    0.4725   -1366.2646  0.6216 
   00071    0.4775   -1347.1853  0.6167 
   00072    0.4525   -1356.9966  0.6072 
   00073    0.4425   -1349.1460  0.5864 
   00074    0.4225   -1369.9989  0.5954 
   00075    0.4625   -1367.3605  0.5998 
   00076    0.4925   -1378.8391  0.5923 
   00077    0.4400   -1377.8423  0.6044 
   00078    0.3775   -1370.8475  0.6003 
   00079    0.4225   -1375.6932  0.6110 
   00080    0.4450   -1384.6569  0.6099 
   00081    0.4850   -1377.0735  0.6011 
   00082    0.4625   -1373.1127  0.6020 
   00083    0.4650   -1360.8445  0.6082 
   00084    0.4650   -1355.5869  0.6209 
   00085    0.4750   -1354.3344  0.6314 
   00086    0.4475   -1368.0604  0.6237 
   00087    0.3950   -1381.9661  0.6392 
   00088    0.4150   -1379.8243  0.6448 
   00089    0.4200   -1377.1089  0.6462 
   00090    0.4325   -1368.1178  0.6483 
   00091    0.4675   -1364.9769  0.6400 
   00092    0.4350   -1374.7319  0.6331 
   00093    0.4300   -1378.8180  0.6396 
   00094    0.4850   -1380.6314  0.6542 
   00095    0.4250   -1380.1649  0.6609 
   00096    0.4725   -1378.1170  0.6591 
   00097    0.3900   -1368.7102  0.6610 
   00098    0.4775   -1376.1246  0.6688 
   00099    0.4125   -1373.9943  0.6759 
   00100    0.4325   -1383.5840  0.6731 
   00101    0.4875   -1400.7529  0.6794 
   00102    0.4525   -1391.1161  0.6830 
   00103    0.4375   -1384.7426  0.6781 
   00104    0.4225   -1379.4340  0.6613 
   00105    0.4275   -1375.0056  0.6724 
   00106    0.4050   -1374.1837  0.6705 
   00107    0.3950   -1386.8008  0.6758 
   00108    0.4800   -1388.1790  0.6818 
   00109    0.4375   -1390.1092  0.6842 
   00110    0.4250   -1378.3791  0.6766 
   00111    0.4400   -1372.0186  0.6876 
   00112    0.4275   -1372.3630  0.6974 
   00113    0.4475   -1374.7821  0.7056 
   00114    0.4250   -1375.0589  0.7076 
   00115    0.4525   -1387.7066  0.7150 
   00116    0.4200   -1389.5702  0.7074 
   00117    0.4650   -1383.1885  0.7067 
   00118    0.4075   -1394.5084  0.7101 
   00119    0.3975   -1400.5705  0.7042 
   00120    0.4200   -1391.9916  0.7058 
   00121    0.4225   -1396.3289  0.7192 
   00122    0.4100   -1390.4233  0.7223 
   00123    0.4350   -1394.9300  0.7196 
   00124    0.4350   -1387.6844  0.7109 
   00125    0.4475   -1364.4901  0.7193 
   00126    0.4275   -1378.8855  0.7131 
   00127    0.4175   -1379.0739  0.7192 
   00128    0.4500   -1389.5296  0.7087 
   00129    0.4450   -1371.9965  0.7100 
   00130    0.3925   -1390.7366  0.7083 
   00131    0.4550   -1401.6325  0.7082 
   00132    0.4500   -1405.3800  0.7191 
   00133    0.4350   -1395.5495  0.7087 
   00134    0.4325   -1385.7411  0.7026 
   00135    0.4450   -1379.7543  0.7046 
   00136    0.4475   -1378.0178  0.7012 
   00137    0.3700   -1381.2530  0.6993 
   00138    0.3950   -1397.3008  0.7109 
   00139    0.3975   -1389.4902  0.7223 
   00140    0.4250   -1381.1911  0.7169 
   00141    0.4300   -1365.8835  0.7238 
   00142    0.4275   -1373.3605  0.7222 
   00143    0.3975   -1366.7458  0.7336 
   00144    0.4150   -1366.5365  0.7471 
   00145    0.4375   -1375.5822  0.7491 
   00146    0.3975   -1378.0267  0.7533 
   00147    0.4275   -1372.6644  0.7588 
   00148    0.3875   -1380.0133  0.7558 
   00149    0.3475   -1378.6309  0.7499 
   00150    0.4475   -1382.5262  0.7474 
   00151    0.4225   -1390.4886  0.7472 
   00152    0.3950   -1406.2851  0.7590 
   00153    0.4200   -1394.9875  0.7618 
   00154    0.4375   -1388.0058  0.7704 
   00155    0.4050   -1383.5179  0.7693 
   00156    0.4600   -1385.4062  0.7679 
   00157    0.4025   -1401.6970  0.7847 
   00158    0.4175   -1399.4571  0.7865 
   00159    0.4700   -1399.7237  0.7897 
   00160    0.4450   -1399.4895  0.7908 
   00161    0.4575   -1409.3479  0.8002 
   00162    0.4425   -1406.0428  0.7972 
   00163    0.4150   -1410.5630  0.7923 
   00164    0.4400   -1409.7656  0.7859 
   00165    0.4450   -1388.1701  0.7763 
   00166    0.4450   -1382.9169  0.7724 
   00167    0.4475   -1389.4729  0.7743 
   00168    0.4550   -1393.4929  0.7794 
   00169    0.3850   -1393.5022  0.7840 
   00170    0.4325   -1394.5554  0.7809 
   00171    0.4375   -1393.6257  0.7860 
   00172    0.4650   -1399.6824  0.7993 
   00173    0.4150   -1414.7515  0.7944 
   00174    0.4025   -1398.8019  0.7863 
   00175    0.4425   -1396.6815  0.7855 
   00176    0.3925   -1406.0204  0.7965 
   00177    0.4075   -1417.3764  0.8009 
   00178    0.4050   -1395.1921  0.7989 
   00179    0.4200   -1408.1383  0.8112 
   00180    0.4175   -1398.9422  0.8118 
   00181    0.4075   -1411.9469  0.8152 
   00182    0.4275   -1409.6282  0.8173 
   00183    0.3900   -1415.7876  0.8295 
   00184    0.4650   -1413.3888  0.8229 
   00185    0.4450   -1420.9227  0.8367 
   00186    0.4225   -1415.4365  0.8340 
   00187    0.4025   -1414.1071  0.8427 
   00188    0.3825   -1425.4573  0.8455 
   00189    0.4450   -1416.3328  0.8545 
   00190    0.4425   -1419.7191  0.8565 
   00191    0.3925   -1416.4330  0.8484 
   00192    0.4475   -1426.0764  0.8519 
   00193    0.3975   -1415.0442  0.8515 
   00194    0.4450   -1425.5494  0.8573 
   00195    0.4125   -1433.9225  0.8578 
   00196    0.4175   -1432.0333  0.8529 
   00197    0.4550   -1434.5495  0.8467 
   00198    0.4200   -1436.4454  0.8415 
   00199    0.4025   -1432.6435  0.8439 
   00200    0.3925   -1426.0771  0.8317 
   00201    0.4325   -1415.3694  0.8210 
   00202    0.4725   -1409.0888  0.8128 
   00203    0.4050   -1415.2964  0.8122 
   00204    0.4450   -1416.2498  0.8129 
   00205    0.4300   -1417.3768  0.8104 
   00206    0.4450   -1401.5370  0.8114 
   00207    0.4350   -1407.1956  0.8152 
   00208    0.4050   -1420.4010  0.8105 
   00209    0.4075   -1430.2946  0.8112 
   00210    0.4300   -1421.5684  0.8171 
   00211    0.4550   -1414.2425  0.8257 
   00212    0.4475   -1420.6394  0.8310 
   00213    0.3975   -1433.4599  0.8341 
   00214    0.4450   -1426.3677  0.8303 
   00215    0.4275   -1434.5010  0.8398 
   00216    0.4275   -1437.6764  0.8449 
   00217    0.4325   -1440.0609  0.8489 
   00218    0.4275   -1444.1221  0.8510 
   00219    0.4025   -1448.6687  0.8522 
   00220    0.4275   -1443.4600  0.8534 
   00221    0.4325   -1442.0159  0.8471 
   00222    0.3875   -1439.9789  0.8502 
   00223    0.4100   -1435.2046  0.8490 
   00224    0.4425   -1429.2960  0.8536 
   00225    0.4475   -1421.7732  0.8572 
   00226    0.4625   -1422.4073  0.8597 
   00227    0.4575   -1431.0801  0.8689 
   00228    0.4075   -1436.0629  0.8748 
   00229    0.4050   -1448.4518  0.8800 
   00230    0.4125   -1431.9163  0.8746 
   00231    0.4625   -1441.1485  0.8828 
   00232    0.4650   -1414.5020  0.8724 
   00233    0.4300   -1406.8678  0.8720 
   00234    0.4625   -1423.6197  0.8752 
   00235    0.4525   -1427.3027  0.8834 
   00236    0.4025   -1419.2307  0.8824 
   00237    0.4500   -1406.0007  0.8759 
   00238    0.4750   -1410.2783  0.8748 
   00239    0.4225   -1415.9042  0.8766 
   00240    0.4125   -1407.5978  0.8704 
   00241    0.4575   -1417.2269  0.8773 
   00242    0.4225   -1416.8563  0.8739 
   00243    0.4375   -1422.1539  0.8723 
   00244    0.4300   -1422.6525  0.8732 
   00245    0.3925   -1409.4724  0.8668 
   00246    0.4575   -1402.9068  0.8605 
   00247    0.4450   -1413.1606  0.8737 
   00248    0.4125   -1408.2274  0.8654 
   00249    0.4700   -1405.7654  0.8648 
   00250    0.4350   -1425.7098  0.8762 
   00251    0.4475   -1424.5525  0.8801 
   00252    0.4525   -1418.0274  0.8781 
   00253    0.4125   -1413.5501  0.8863 
   00254    0.4100   -1407.2785  0.8918 
   00255    0.4525   -1407.7847  0.8917 
   00256    0.4000   -1416.2916  0.8860 
   00257    0.4225   -1422.0407  0.8855 
   00258    0.4050   -1420.8907  0.8865 
   00259    0.4650   -1418.6482  0.8871 
   00260    0.4275   -1425.4481  0.8883 
   00261    0.4100   -1441.7536  0.8903 
   00262    0.4750   -1433.0227  0.8800 
   00263    0.4150   -1434.4694  0.8864 
   00264    0.3925   -1433.6020  0.8833 
   00265    0.4025   -1435.0963  0.8881 
   00266    0.3750   -1429.0290  0.8868 
   00267    0.4175   -1435.7232  0.8891 
   00268    0.3900   -1444.1888  0.8918 
   00269    0.3700   -1444.2615  0.8920 
   00270    0.4325   -1446.5296  0.8941 
   00271    0.4250   -1444.9330  0.8947 
   00272    0.4125   -1446.8388  0.8972 
   00273    0.4425   -1433.3495  0.8987 
   00274    0.4575   -1431.8840  0.8952 
   00275    0.4575   -1430.2610  0.8774 
   00276    0.4325   -1436.4639  0.8798 
   00277    0.4000   -1435.2671  0.8816 
   00278    0.4100   -1433.3658  0.8845 
   00279    0.4150   -1426.9760  0.8916 
   00280    0.4225   -1419.4823  0.8889 
   00281    0.4175   -1409.8187  0.8752 
   00282    0.4300   -1423.3939  0.8830 
   00283    0.4175   -1431.1197  0.8827 
   00284    0.3925   -1431.4016  0.8873 
   00285    0.4400   -1420.2748  0.8916 
   00286    0.4450   -1425.1308  0.8827 
   00287    0.3650   -1425.9529  0.8849 
   00288    0.3650   -1413.5782  0.8860 
   00289    0.4325   -1408.0591  0.8764 
   00290    0.4425   -1401.9229  0.8822 
   00291    0.4100   -1417.2982  0.8915 
   00292    0.4275   -1416.5661  0.8910 
   00293    0.4550   -1402.8514  0.8877 
   00294    0.4075   -1403.6775  0.8806 
   00295    0.4075   -1412.2710  0.8800 
   00296    0.3825   -1422.4808  0.8819 
   00297    0.4150   -1430.2510  0.8937 
   00298    0.4000   -1419.3328  0.8894 
   00299    0.4425   -1430.0414  0.8955 
   00300    0.4375   -1439.2886  0.8982 
   00301    0.4125   -1432.7687  0.8966 
   00302    0.4175   -1422.5019  0.8917 
   00303    0.4125   -1413.7422  0.8875 
   00304    0.4625   -1415.1911  0.8878 
   00305    0.3750   -1410.3274  0.8851 
   00306    0.4325   -1425.2400  0.8983 
   00307    0.4650   -1421.7248  0.8955 
   00308    0.4325   -1434.5886  0.9016 
   00309    0.4350   -1442.3843  0.9019 
   00310    0.4000   -1434.3893  0.8964 
   00311    0.4200   -1430.0003  0.8988 
   00312    0.3975   -1438.4274  0.9033 
   00313    0.4075   -1440.1846  0.9047 
   00314    0.3925   -1436.7191  0.8975 
   00315    0.4400   -1420.6031  0.8873 
   00316    0.4275   -1404.8582  0.8829 
   00317    0.4525   -1415.9070  0.8987 
   00318    0.4375   -1419.1240  0.9025 
   00319    0.3975   -1426.3574  0.9028 
   00320    0.4250   -1435.5201  0.9054 
   00321    0.4075   -1441.2995  0.9027 
   00322    0.4300   -1440.3745  0.8954 
   00323    0.4075   -1442.9356  0.8975 
   00324    0.4175   -1430.2875  0.8959 
   00325    0.4425   -1415.2396  0.8832 
   00326    0.4300   -1420.7999  0.8782 
   00327    0.4650   -1418.4585  0.8828 
   00328    0.4125   -1429.5277  0.8864 
   00329    0.4300   -1434.8064  0.8926 
   00330    0.4075   -1437.3529  0.8945 
   00331    0.3775   -1426.4904  0.8932 
   00332    0.4000   -1433.2835  0.8947 
   00333    0.4525   -1430.4229  0.8953 
   00334    0.4050   -1426.6535  0.8914 
   00335    0.4225   -1421.7581  0.8961 
   00336    0.3675   -1431.7560  0.8991 
   00337    0.4125   -1431.0473  0.8998 
   00338    0.4150   -1430.4944  0.9013 
   00339    0.4025   -1433.2198  0.9029 
   00340    0.4425   -1432.4478  0.9006 
   00341    0.4300   -1421.5399  0.9041 
   00342    0.4350   -1421.8223  0.9056 
   00343    0.4075   -1416.2715  0.8987 
   00344    0.4225   -1437.4376  0.9033 
   00345    0.4325   -1425.3018  0.8979 
   00346    0.3975   -1427.1284  0.9001 
   00347    0.4400   -1419.0570  0.8991 
   00348    0.4375   -1424.9789  0.9074 
   00349    0.4425   -1423.7013  0.9053 
   00350    0.4175   -1419.4079  0.9015 
   00351    0.4900   -1426.0382  0.9000 
   00352    0.4100   -1440.5179  0.9015 
   00353    0.4300   -1439.3686  0.8964 
   00354    0.3950   -1441.5398  0.8956 
   00355    0.4075   -1428.6471  0.8993 
   00356    0.4250   -1422.8747  0.8921 
   00357    0.3775   -1418.2361  0.8912 
   00358    0.4150   -1419.9984  0.8957 
   00359    0.4200   -1435.8427  0.8970 
   00360    0.3900   -1416.5337  0.8953 
   00361    0.4575   -1432.6232  0.8967 
   00362    0.4100   -1437.9409  0.8954 
   00363    0.4250   -1432.4684  0.8915 
   00364    0.4375   -1442.6551  0.8931 
   00365    0.3675   -1444.5669  0.8929 
   00366    0.4350   -1436.6972  0.8785 
   00367    0.4575   -1426.0367  0.8651 
   00368    0.4450   -1427.2524  0.8612 
   00369    0.4600   -1415.1616  0.8596 
   00370    0.3925   -1409.9394  0.8522 
   00371    0.4100   -1414.5277  0.8579 
   00372    0.4025   -1405.0430  0.8530 
   00373    0.4225   -1410.4085  0.8518 
   00374    0.3925   -1417.2374  0.8564 
   00375    0.4200   -1408.7366  0.8556 
   00376    0.4250   -1408.3596  0.8593 
   00377    0.4025   -1412.9686  0.8534 
   00378    0.4300   -1414.1803  0.8650 
   00379    0.4375   -1407.9511  0.8609 
   00380    0.4175   -1400.1654  0.8520 
   00381    0.4025   -1384.3823  0.8460 
   00382    0.4300   -1397.0092  0.8534 
   00383    0.4725   -1398.3803  0.8651 
   00384    0.4325   -1400.0657  0.8689 
   00385    0.4350   -1407.9995  0.8673 
   00386    0.4200   -1416.3566  0.8749 
   00387    0.4325   -1412.5982  0.8729 
   00388    0.4750   -1427.9862  0.8793 
   00389    0.4525   -1408.5684  0.8698 
   00390    0.4125   -1413.0137  0.8715 
   00391    0.3950   -1416.7662  0.8710 
   00392    0.4400   -1429.1261  0.8805 
   00393    0.3675   -1432.6420  0.8845 
   00394    0.3925   -1436.4498  0.8925 
   00395    0.4250   -1440.1986  0.8968 
   00396    0.4400   -1431.5378  0.8930 
   00397    0.4150   -1427.6725  0.8904 
   00398    0.4200   -1430.6702  0.8864 
   00399    0.4050   -1432.7736  0.8834 
   00400    0.4575   -1433.8670  0.8868 
   00401    0.4025   -1422.0882  0.8799 
   00402    0.4150   -1424.5607  0.8856 
   00403    0.4075   -1442.9121  0.8902 
   00404    0.4125   -1443.0613  0.8919 
   00405    0.3900   -1436.1268  0.8893 
   00406    0.4275   -1447.1322  0.8962 
   00407    0.4350   -1447.0280  0.8896 
   00408    0.3850   -1454.8617  0.8847 
   00409    0.3925   -1444.6569  0.8860 
   00410    0.4425   -1440.4852  0.8892 
   00411    0.4275   -1441.7662  0.8924 
   00412    0.4250   -1436.5060  0.8852 
   00413    0.4500   -1435.0208  0.8888 
   00414    0.4450   -1433.7449  0.8917 
   00415    0.4300   -1445.0823  0.8962 
   00416    0.3975   -1441.2959  0.8895 
   00417    0.4250   -1425.8556  0.8856 
   00418    0.4125   -1418.5798  0.8863 
   00419    0.4350   -1418.6201  0.8859 
   00420    0.4275   -1422.7791  0.8894 
   00421    0.4050   -1425.1887  0.8967 
   00422    0.4450   -1436.8565  0.8951 
   00423    0.4500   -1434.3765  0.8946 
   00424    0.4100   -1438.8028  0.8980 
   00425    0.3950   -1424.7397  0.8905 
   00426    0.4100   -1422.9969  0.8835 
   00427    0.4550   -1417.8149  0.8744 
   00428    0.3925   -1411.9515  0.8696 
   00429    0.4325   -1417.9785  0.8626 
   00430    0.4100   -1419.2070  0.8586 
   00431    0.4075   -1412.8703  0.8596 
   00432    0.4550   -1400.8443  0.8555 
   00433    0.4000   -1407.0309  0.8563 
   00434    0.4500   -1413.0816  0.8613 
   00435    0.4225   -1413.2104  0.8575 
   00436    0.4075   -1425.0353  0.8738 
   00437    0.4000   -1410.3145  0.8655 
   00438    0.4175   -1419.5656  0.8726 
   00439    0.4125   -1411.9998  0.8636 
   00440    0.4350   -1412.4453  0.8719 
   00441    0.4450   -1418.6648  0.8781 
   00442    0.3725   -1401.4097  0.8657 
   00443    0.4700   -1398.7687  0.8615 
   00444    0.4225   -1409.5247  0.8670 
   00445    0.4400   -1398.8677  0.8657 
   00446    0.4175   -1416.1147  0.8620 
   00447    0.4125   -1417.5977  0.8673 
   00448    0.4775   -1411.3561  0.8592 
   00449    0.3925   -1419.9985  0.8699 
   00450    0.4550   -1407.6299  0.8626 
   00451    0.4400   -1424.3704  0.8693 
   00452    0.4150   -1422.2913  0.8617 
   00453    0.4100   -1412.0056  0.8491 
   00454    0.4425   -1410.3278  0.8518 
   00455    0.4800   -1408.6128  0.8571 
   00456    0.4450   -1411.8156  0.8555 
   00457    0.4350   -1412.9800  0.8598 
   00458    0.4525   -1402.3610  0.8577 
   00459    0.4200   -1426.2874  0.8661 
   00460    0.4475   -1420.3415  0.8593 
   00461    0.3700   -1420.6352  0.8644 
   00462    0.4425   -1422.5115  0.8641 
   00463    0.3800   -1427.8100  0.8706 
   00464    0.4275   -1417.0719  0.8647 
   00465    0.4275   -1439.9587  0.8696 
   00466    0.3950   -1435.3605  0.8686 
   00467    0.4375   -1420.2956  0.8640 
   00468    0.4375   -1421.8967  0.8712 
   00469    0.3925   -1417.9443  0.8719 
   00470    0.4000   -1422.9834  0.8629 
   00471    0.4150   -1438.8961  0.8670 
   00472    0.3925   -1429.3540  0.8649 
   00473    0.4400   -1437.9472  0.8677 
   00474    0.4250   -1428.9026  0.8627 
   00475    0.4425   -1436.2963  0.8657 
   00476    0.3875   -1427.8009  0.8595 
   00477    0.4400   -1425.2505  0.8569 
   00478    0.4200   -1439.1015  0.8660 
   00479    0.4025   -1430.8594  0.8626 
   00480    0.4000   -1426.2803  0.8534 
   00481    0.4575   -1437.3579  0.8699 
   00482    0.3750   -1444.2384  0.8672 
   00483    0.4050   -1445.3537  0.8762 
   00484    0.3850   -1441.7622  0.8761 
   00485    0.4500   -1454.6293  0.8800 
   00486    0.4125   -1440.1810  0.8660 
   00487    0.4125   -1430.1624  0.8567 
   00488    0.4200   -1430.9724  0.8621 
   00489    0.4600   -1437.1552  0.8566 
   00490    0.3800   -1432.4905  0.8553 
   00491    0.4600   -1418.4313  0.8490 
   00492    0.4400   -1429.9702  0.8566 
   00493    0.4150   -1435.2522  0.8676 
   00494    0.4225   -1432.1998  0.8660 
   00495    0.4375   -1430.9664  0.8599 
   00496    0.4200   -1417.0226  0.8540 
   00497    0.4325   -1412.4975  0.8599 
   00498    0.3950   -1419.4023  0.8683 
   00499    0.4750   -1424.3153  0.8649 
   00500    0.4350   -1425.8974  0.8685 
   00501    0.4375   -1423.4335  0.8764 
   00502    0.4250   -1431.3000  0.8764 
   00503    0.4075   -1439.3049  0.8725 
   00504    0.4100   -1424.4041  0.8711 
   00505    0.4000   -1425.0205  0.8718 
   00506    0.4100   -1422.7956  0.8658 
   00507    0.3900   -1421.6779  0.8685 
   00508    0.4050   -1444.1780  0.8783 
   00509    0.4000   -1428.2479  0.8768 
   00510    0.3650   -1435.7178  0.8839 
   00511    0.4300   -1443.4680  0.8791 
   00512    0.4425   -1434.2313  0.8872 
   00513    0.4350   -1443.6219  0.8906 
   00514    0.4250   -1449.5637  0.8914 
   00515    0.4600   -1438.6324  0.8886 
   00516    0.4275   -1445.2330  0.8857 
   00517    0.4450   -1437.0266  0.8867 
   00518    0.4075   -1416.7802  0.8745 
   00519    0.4375   -1428.7060  0.8824 
   00520    0.4225   -1420.5440  0.8856 
   00521    0.4075   -1422.7789  0.8856 
   00522    0.4275   -1432.3840  0.8870 
   00523    0.4025   -1438.9655  0.8933 
   00524    0.4400   -1435.2405  0.8928 
   00525    0.3500   -1441.1148  0.8903 
   00526    0.4200   -1431.7888  0.8918 
   00527    0.4600   -1418.6974  0.8891 
   00528    0.4225   -1420.7756  0.8923 
   00529    0.4500   -1421.0527  0.8970 
   00530    0.4175   -1439.5807  0.9033 
   00531    0.3925   -1432.3603  0.8975 
   00532    0.4300   -1437.3692  0.8978 
   00533    0.4425   -1433.3217  0.8961 
   00534    0.4375   -1431.9195  0.8933 
   00535    0.4300   -1422.6199  0.8903 
   00536    0.4325   -1418.1236  0.8937 
   00537    0.4375   -1429.9026  0.8902 
   00538    0.4000   -1445.4445  0.9002 
   00539    0.3925   -1446.4510  0.9027 
   00540    0.4050   -1437.0307  0.9001 
   00541    0.4400   -1430.3343  0.8939 
   00542    0.4125   -1416.4114  0.8888 
   00543    0.4525   -1412.0591  0.8856 
   00544    0.4250   -1410.0306  0.8841 
   00545    0.4375   -1416.4873  0.8893 
   00546    0.4200   -1438.5563  0.8913 
   00547    0.4150   -1441.9520  0.8859 
   00548    0.4275   -1435.5787  0.8811 
   00549    0.4200   -1417.4834  0.8722 
   00550    0.4200   -1415.6599  0.8694 
   00551    0.4375   -1425.4918  0.8771 
   00552    0.4125   -1431.0204  0.8813 
   00553    0.4775   -1433.1063  0.8757 
   00554    0.4325   -1428.0347  0.8672 
   00555    0.3800   -1429.8869  0.8715 
   00556    0.3725   -1421.3884  0.8711 
   00557    0.4325   -1422.7422  0.8724 
   00558    0.3900   -1411.8654  0.8643 
   00559    0.4425   -1415.0655  0.8515 
   00560    0.4550   -1416.2722  0.8496 
   00561    0.4675   -1426.0220  0.8505 
   00562    0.4325   -1425.9557  0.8493 
   00563    0.4075   -1417.2637  0.8352 
   00564    0.4400   -1417.8040  0.8361 
   00565    0.4125   -1423.4792  0.8442 
   00566    0.4075   -1433.4188  0.8481 
   00567    0.4475   -1434.6791  0.8443 
   00568    0.3900   -1434.6050  0.8510 
   00569    0.4500   -1428.1323  0.8472 
   00570    0.4075   -1425.1277  0.8466 
   00571    0.4300   -1415.9015  0.8511 
   00572    0.4375   -1406.1385  0.8466 
   00573    0.4400   -1400.7953  0.8462 
   00574    0.4300   -1414.5114  0.8518 
   00575    0.3850   -1418.6740  0.8578 
   00576    0.3950   -1420.0264  0.8568 
   00577    0.4025   -1415.9018  0.8565 
   00578    0.4175   -1409.2014  0.8530 
   00579    0.4175   -1410.2715  0.8592 
   00580    0.4150   -1406.3801  0.8621 
   00581    0.4325   -1405.2273  0.8695 
   00582    0.4200   -1411.1510  0.8677 
   00583    0.4100   -1414.1551  0.8725 
   00584    0.3900   -1420.1868  0.8828 
   00585    0.4300   -1428.9443  0.8831 
   00586    0.4650   -1424.3901  0.8787 
   00587    0.4500   -1417.9948  0.8718 
   00588    0.4350   -1421.3602  0.8728 
   00589    0.3900   -1426.1598  0.8662 
   00590    0.4525   -1407.6591  0.8687 
   00591    0.4300   -1426.7130  0.8759 
   00592    0.4275   -1424.4817  0.8778 
   00593    0.4050   -1400.9263  0.8601 
   00594    0.4000   -1417.3684  0.8632 
   00595    0.4300   -1422.4307  0.8694 
   00596    0.4025   -1412.7834  0.8752 
   00597    0.3900   -1416.1010  0.8803 
   00598    0.4250   -1427.7582  0.8889 
   00599    0.4325   -1424.5541  0.8882 
   00600    0.4150   -1429.6705  0.8955 
   00601    0.4000   -1421.6861  0.8985 
   00602    0.3825   -1428.4068  0.8992 
   00603    0.4175   -1434.4770  0.8964 
   00604    0.4275   -1427.1171  0.8923 
   00605    0.4100   -1429.7680  0.8951 
   00606    0.4425   -1430.1594  0.8991 
   00607    0.4025   -1423.7267  0.8966 
   00608    0.4050   -1426.4284  0.8995 
   00609    0.4175   -1405.8940  0.8907 
   00610    0.4050   -1430.3097  0.8973 
   00611    0.4175   -1425.8854  0.8946 
   00612    0.4275   -1415.8670  0.8830 
   00613    0.3850   -1417.9975  0.8796 
   00614    0.4225   -1429.8479  0.8857 
   00615    0.4200   -1415.9251  0.8786 
   00616    0.3775   -1420.9169  0.8793 
   00617    0.3900   -1420.1461  0.8799 
   00618    0.4400   -1422.3978  0.8852 
   00619    0.4125   -1407.9411  0.8842 
   00620    0.4325   -1407.7124  0.8869 
   00621    0.4325   -1413.9513  0.8907 
   00622    0.4050   -1420.7067  0.8998 
   00623    0.4275   -1419.6234  0.8958 
   00624    0.4100   -1407.1568  0.8899 
   00625    0.4200   -1426.6878  0.8908 
   00626    0.4200   -1419.4444  0.8880 
   00627    0.4125   -1408.3242  0.8857 
   00628    0.4000   -1404.2219  0.8907 
   00629    0.4450   -1408.8916  0.8865 
   00630    0.4550   -1406.7334  0.8905 
   00631    0.4250   -1398.4957  0.8928 
   00632    0.4225   -1414.1178  0.8992 
   00633    0.4450   -1434.5888  0.9069 
   00634    0.4025   -1439.9995  0.9092 
   00635    0.4100   -1439.7885  0.9047 
   00636    0.4475   -1423.9633  0.9018 
   00637    0.3950   -1409.8378  0.8977 
   00638    0.4350   -1439.8364  0.9047 
   00639    0.4325   -1444.5750  0.8991 
   00640    0.4025   -1450.2678  0.9050 
   00641    0.4075   -1453.9878  0.9008 
   00642    0.3975   -1445.2618  0.8981 
   00643    0.4050   -1446.5503  0.8966 
   00644    0.4250   -1437.5378  0.8998 
   00645    0.4150   -1426.7383  0.8964 
   00646    0.4450   -1424.9566  0.8956 
   00647    0.4400   -1435.7922  0.8932 
   00648    0.3950   -1443.6917  0.9023 
   00649    0.4300   -1435.1480  0.8946 
   00650    0.4375   -1437.5410  0.8965 
   00651    0.4000   -1439.1707  0.8968 
   00652    0.4350   -1434.0883  0.8994 
   00653    0.4200   -1435.2456  0.8930 
   00654    0.3550   -1439.2932  0.8886 
   00655    0.4250   -1425.8596  0.8882 
   00656    0.4325   -1409.1209  0.8807 
   00657    0.4200   -1401.4168  0.8733 
   00658    0.4400   -1396.4339  0.8730 
   00659    0.4050   -1410.8660  0.8805 
   00660    0.4100   -1414.4696  0.8761 
   00661    0.4425   -1419.6677  0.8800 
   00662    0.4450   -1418.6856  0.8771 
   00663    0.4350   -1413.9508  0.8691 
   00664    0.4350   -1425.2833  0.8681 
   00665    0.4650   -1418.1320  0.8559 
   00666    0.3950   -1418.2709  0.8599 
   00667    0.4150   -1415.5868  0.8602 
   00668    0.4500   -1408.6846  0.8533 
   00669    0.4275   -1427.5033  0.8601 
   00670    0.4125   -1434.7471  0.8637 
   00671    0.4375   -1437.1276  0.8714 
   00672    0.4550   -1436.3038  0.8748 
   00673    0.4150   -1419.8386  0.8687 
   00674    0.4275   -1416.5401  0.8636 
   00675    0.4400   -1419.5571  0.8707 
   00676    0.4450   -1431.2338  0.8709 
   00677    0.4025   -1437.8153  0.8738 
   00678    0.4200   -1423.2516  0.8645 
   00679    0.4625   -1426.6508  0.8649 
   00680    0.4225   -1418.8797  0.8562 
   00681    0.4175   -1411.5218  0.8496 
   00682    0.4275   -1408.3026  0.8511 
   00683    0.4275   -1411.9825  0.8586 
   00684    0.3925   -1420.7562  0.8562 
   00685    0.4200   -1432.0737  0.8704 
   00686    0.4425   -1447.7516  0.8706 
   00687    0.4050   -1433.7427  0.8696 
   00688    0.4125   -1432.8535  0.8684 
   00689    0.4875   -1443.1341  0.8775 
   00690    0.4100   -1431.6268  0.8686 
   00691    0.4250   -1421.1220  0.8731 
   00692    0.4125   -1419.0536  0.8743 
   00693    0.3975   -1423.7337  0.8707 
   00694    0.3975   -1432.0773  0.8707 
   00695    0.3725   -1436.4421  0.8748 
   00696    0.4325   -1432.4839  0.8682 
   00697    0.4450   -1442.4118  0.8648 
   00698    0.3925   -1423.9354  0.8669 
   00699    0.4050   -1423.8250  0.8667 
   00700    0.4325   -1425.8473  0.8732 
   00701    0.4350   -1431.9733  0.8778 
   00702    0.4175   -1429.2700  0.8775 
   00703    0.3725   -1422.6884  0.8792 
   00704    0.4200   -1420.4819  0.8765 
   00705    0.4350   -1425.4930  0.8757 
   00706    0.4575   -1428.9246  0.8672 
   00707    0.4800   -1427.8431  0.8703 
   00708    0.4125   -1413.9277  0.8598 
   00709    0.4275   -1422.2036  0.8693 
   00710    0.4500   -1409.8176  0.8664 
   00711    0.4300   -1402.7612  0.8581 
   00712    0.3900   -1405.8061  0.8562 
   00713    0.3850   -1405.3504  0.8654 
   00714    0.3875   -1423.0975  0.8682 
   00715    0.4600   -1428.4252  0.8793 
   00716    0.4100   -1415.1506  0.8842 
   00717    0.4425   -1408.9775  0.8825 
   00718    0.3975   -1389.6917  0.8742 
   00719    0.4475   -1410.4431  0.8734 
   00720    0.4400   -1415.5396  0.8764 
   00721    0.4325   -1423.7070  0.8800 
   00722    0.4250   -1417.2936  0.8829 
   00723    0.4050   -1405.5603  0.8749 
   00724    0.4100   -1390.5246  0.8739 
   00725    0.4400   -1412.0231  0.8830 
   00726    0.4400   -1425.0752  0.8838 
   00727    0.4425   -1421.8861  0.8822 
   00728    0.4200   -1416.2126  0.8782 
   00729    0.4000   -1410.6397  0.8844 
   00730    0.4450   -1410.2641  0.8918 
   00731    0.4650   -1407.1607  0.8875 
   00732    0.4250   -1416.2977  0.8879 
   00733    0.4175   -1414.0610  0.8850 
   00734    0.4300   -1428.0160  0.8910 
   00735    0.4725   -1412.1169  0.8901 
   00736    0.3625   -1407.2699  0.8911 
   00737    0.4675   -1415.4780  0.8904 
   00738    0.4300   -1412.3186  0.8789 
   00739    0.4275   -1415.1362  0.8825 
   00740    0.4325   -1434.7875  0.8882 
   00741    0.4050   -1447.2233  0.8804 
   00742    0.3925   -1430.4384  0.8731 
   00743    0.4475   -1421.0417  0.8679 
   00744    0.4275   -1417.0863  0.8578 
   00745    0.4725   -1421.0497  0.8575 
   00746    0.4525   -1403.0585  0.8535 
   00747    0.4325   -1401.1868  0.8547 
   00748    0.4550   -1412.7831  0.8541 
   00749    0.4750   -1427.6299  0.8610 
   00750    0.4300   -1432.8712  0.8711 
   00751    0.4250   -1433.6942  0.8688 
   00752    0.4250   -1431.5684  0.8682 
   00753    0.4150   -1432.5353  0.8760 
   00754    0.3900   -1439.7917  0.8794 
   00755    0.4150   -1440.0459  0.8846 
   00756    0.4425   -1437.4327  0.8847 
   00757    0.4050   -1423.2142  0.8780 
   00758    0.4200   -1430.6578  0.8765 
   00759    0.3850   -1423.3930  0.8718 
   00760    0.4300   -1424.1429  0.8683 
   00761    0.4200   -1426.8367  0.8726 
   00762    0.4100   -1423.5889  0.8761 
   00763    0.4400   -1420.4815  0.8775 
   00764    0.4475   -1411.5465  0.8724 
   00765    0.4100   -1422.9933  0.8798 
   00766    0.4275   -1426.5631  0.8844 
   00767    0.4275   -1418.1562  0.8836 
   00768    0.4275   -1431.1418  0.8990 
   00769    0.4025   -1430.1315  0.8943 
   00770    0.4275   -1437.0800  0.8938 
   00771    0.4100   -1432.1452  0.8879 
   00772    0.4050   -1436.4462  0.8909 
   00773    0.4400   -1427.0168  0.8901 
   00774    0.3850   -1427.3441  0.8922 
   00775    0.4250   -1435.2904  0.9021 
   00776    0.4075   -1428.9670  0.9095 
   00777    0.4850   -1437.8670  0.9131 
   00778    0.3825   -1430.2002  0.9082 
   00779    0.4350   -1418.0787  0.9056 
   00780    0.4600   -1429.3721  0.9071 
   00781    0.4025   -1423.9588  0.9019 
   00782    0.4475   -1407.3207  0.8973 
   00783    0.3975   -1419.1205  0.9049 
   00784    0.4250   -1427.0430  0.9021 
   00785    0.4100   -1408.0492  0.8949 
   00786    0.4500   -1426.9390  0.9000 
   00787    0.4700   -1433.8215  0.9032 
   00788    0.3875   -1431.5783  0.9056 
   00789    0.4375   -1429.7622  0.9096 
   00790    0.3900   -1427.4444  0.9043 
   00791    0.4325   -1433.1757  0.9110 
   00792    0.4400   -1443.8985  0.9126 
   00793    0.4200   -1451.9882  0.9186 
   00794    0.3875   -1456.8069  0.9173 
   00795    0.4025   -1460.3239  0.9185 
   00796    0.4325   -1434.1566  0.9138 
   00797    0.4075   -1427.6527  0.9077 
   00798    0.4000   -1424.0705  0.9035 
   00799    0.4300   -1428.3204  0.9029 
   00800    0.4275   -1423.7448  0.9020 
   00801    0.4125   -1425.5960  0.8980 
   00802    0.4600   -1432.7898  0.9050 
   00803    0.4625   -1428.1458  0.8970 
   00804    0.4475   -1422.6510  0.8894 
   00805    0.4625   -1440.1237  0.8989 
   00806    0.4100   -1440.7380  0.9017 
   00807    0.4550   -1445.6606  0.9092 
   00808    0.4100   -1445.6432  0.9107 
   00809    0.4300   -1452.4891  0.9113 
   00810    0.3825   -1441.1375  0.9118 
   00811    0.4475   -1439.3333  0.9050 
   00812    0.3950   -1443.4831  0.9045 
   00813    0.4400   -1441.0971  0.9037 
   00814    0.4400   -1441.4404  0.9081 
   00815    0.4125   -1427.1254  0.9052 
   00816    0.4075   -1420.1699  0.9036 
   00817    0.4225   -1418.8252  0.8984 
   00818    0.4725   -1428.2832  0.8924 
   00819    0.4075   -1423.8378  0.8902 
   00820    0.4200   -1432.1103  0.8941 
   00821    0.4025   -1421.0450  0.8907 
   00822    0.4775   -1438.0223  0.8835 
   00823    0.4300   -1433.5817  0.8933 
   00824    0.4700   -1431.6997  0.8967 
   00825    0.3975   -1429.7685  0.8869 
   00826    0.3975   -1425.4254  0.8830 
   00827    0.4275   -1430.3683  0.8805 
   00828    0.4475   -1417.9106  0.8737 
   00829    0.4275   -1429.4950  0.8757 
   00830    0.4400   -1422.7038  0.8727 
   00831    0.4400   -1430.0365  0.8722 
   00832    0.4200   -1418.8777  0.8697 
   00833    0.3900   -1428.2924  0.8684 
   00834    0.3800   -1418.2392  0.8711 
   00835    0.4175   -1420.9252  0.8824 
   00836    0.4425   -1431.1949  0.8836 
   00837    0.4425   -1429.5581  0.8810 
   00838    0.4150   -1425.0828  0.8793 
   00839    0.4225   -1424.4751  0.8797 
   00840    0.4525   -1430.1114  0.8865 
   00841    0.4525   -1433.2507  0.8846 
   00842    0.4250   -1417.4686  0.8835 
   00843    0.4775   -1400.4799  0.8743 
   00844    0.4350   -1403.5922  0.8775 
   00845    0.4675   -1418.9142  0.8864 
   00846    0.4200   -1424.2013  0.8849 
   00847    0.4200   -1400.7027  0.8764 
   00848    0.4200   -1400.0783  0.8739 
   00849    0.3775   -1403.1056  0.8694 
   00850    0.4300   -1402.2495  0.8680 
   00851    0.4400   -1412.5735  0.8744 
   00852    0.4425   -1412.0702  0.8742 
   00853    0.4325   -1409.4157  0.8638 
   00854    0.4800   -1402.4084  0.8571 
   00855    0.4025   -1411.7753  0.8632 
   00856    0.4425   -1419.8361  0.8678 
   00857    0.4250   -1425.1751  0.8672 
   00858    0.3700   -1427.3216  0.8681 
   00859    0.4575   -1415.5180  0.8666 
   00860    0.4350   -1411.4649  0.8585 
   00861    0.4175   -1427.4960  0.8607 
   00862    0.4125   -1418.4142  0.8635 
   00863    0.3800   -1411.2741  0.8604 
   00864    0.4500   -1415.3227  0.8622 
   00865    0.4050   -1406.5271  0.8542 
   00866    0.4100   -1430.3834  0.8669 
   00867    0.3975   -1415.7013  0.8694 
   00868    0.4050   -1421.9967  0.8744 
   00869    0.3875   -1449.0817  0.8825 
   00870    0.4575   -1432.9434  0.8844 
   00871    0.4050   -1427.9122  0.8814 
   00872    0.4400   -1426.1666  0.8778 
   00873    0.4075   -1408.0328  0.8680 
   00874    0.4400   -1403.1358  0.8600 
   00875    0.4600   -1417.1368  0.8609 
   00876    0.4425   -1419.6788  0.8596 
   00877    0.4125   -1430.7484  0.8687 
   00878    0.4275   -1413.3755  0.8576 
   00879    0.4475   -1411.1187  0.8562 
   00880    0.4750   -1416.5586  0.8591 
   00881    0.3925   -1418.5336  0.8627 
   00882    0.4025   -1415.3975  0.8555 
   00883    0.4300   -1415.4036  0.8507 
   00884    0.4850   -1410.0443  0.8553 
   00885    0.4650   -1396.0833  0.8512 
   00886    0.4425   -1377.6064  0.8360 
   00887    0.3975   -1377.7689  0.8422 
   00888    0.4450   -1397.2211  0.8561 
   00889    0.4450   -1400.5223  0.8626 
   00890    0.4900   -1400.7228  0.8466 
   00891    0.4275   -1404.1780  0.8509 
   00892    0.4500   -1410.0082  0.8423 
   00893    0.4550   -1392.4415  0.8373 
   00894    0.4350   -1400.9855  0.8410 
   00895    0.4550   -1402.0192  0.8447 
   00896    0.4250   -1401.4298  0.8395 
   00897    0.4350   -1419.2342  0.8550 
   00898    0.4575   -1408.0472  0.8575 
   00899    0.3750   -1408.6991  0.8567 
   00900    0.3950   -1412.3447  0.8632 
   00901    0.3775   -1407.4294  0.8596 
   00902    0.4500   -1412.7259  0.8568 
   00903    0.4100   -1412.1569  0.8550 
   00904    0.4425   -1411.6818  0.8578 
   00905    0.4400   -1432.3161  0.8575 
   00906    0.4475   -1424.6044  0.8564 
   00907    0.4350   -1431.7470  0.8416 
   00908    0.3975   -1433.1271  0.8383 
   00909    0.4050   -1436.2790  0.8417 
   00910    0.4275   -1434.4548  0.8410 
   00911    0.4750   -1436.0638  0.8455 
   00912    0.3775   -1435.1779  0.8530 
   00913    0.4225   -1435.0380  0.8548 
   00914    0.4175   -1426.7601  0.8552 
   00915    0.3775   -1431.7531  0.8482 
   00916    0.3975   -1434.3404  0.8558 
   00917    0.4225   -1437.0649  0.8544 
   00918    0.4450   -1424.5334  0.8488 
   00919    0.4175   -1415.6643  0.8325 
   00920    0.4600   -1410.8845  0.8251 
   00921    0.4200   -1411.9087  0.8226 
   00922    0.4300   -1413.1694  0.8243 
   00923    0.4050   -1416.5353  0.8213 
   00924    0.4425   -1421.8312  0.8220 
   00925    0.4275   -1423.8682  0.8278 
   00926    0.4200   -1418.3731  0.8215 
   00927    0.4275   -1429.4695  0.8356 
   00928    0.4500   -1432.5690  0.8379 
   00929    0.3925   -1423.5475  0.8377 
   00930    0.4225   -1413.2279  0.8368 
   00931    0.4300   -1407.9951  0.8273 
   00932    0.3850   -1398.4163  0.8240 
   00933    0.4375   -1408.0183  0.8285 
   00934    0.4125   -1422.1297  0.8266 
   00935    0.3875   -1414.8011  0.8178 
   00936    0.4325   -1404.7072  0.8272 
   00937    0.4275   -1404.6972  0.8352 
   00938    0.4225   -1411.9333  0.8459 
   00939    0.4175   -1409.5280  0.8542 
   00940    0.4050   -1413.6663  0.8529 
   00941    0.4250   -1417.3017  0.8581 
   00942    0.4350   -1410.3593  0.8609 
   00943    0.4675   -1413.0558  0.8637 
   00944    0.4275   -1418.1890  0.8547 
   00945    0.3875   -1433.2787  0.8627 
   00946    0.4400   -1431.0752  0.8582 
   00947    0.4325   -1428.0248  0.8643 
   00948    0.4175   -1431.5414  0.8727 
   00949    0.4350   -1434.1245  0.8746 
   00950    0.4125   -1417.5245  0.8728 
   00951    0.4075   -1415.6132  0.8720 
   00952    0.4075   -1425.3687  0.8734 
   00953    0.4075   -1414.4125  0.8702 
   00954    0.4200   -1426.9746  0.8693 
   00955    0.4100   -1434.7815  0.8689 
   00956    0.4425   -1428.3595  0.8700 
   00957    0.4025   -1427.5106  0.8757 
   00958    0.4125   -1418.7345  0.8729 
   00959    0.4200   -1422.6447  0.8845 
   00960    0.4525   -1436.9337  0.8881 
   00961    0.4525   -1426.0681  0.8840 
   00962    0.4050   -1444.9165  0.8920 
   00963    0.4575   -1450.8323  0.8988 
   00964    0.4350   -1435.0203  0.8980 
   00965    0.4250   -1419.2018  0.8909 
   00966    0.4400   -1419.1889  0.8891 
   00967    0.4075   -1436.0671  0.8971 
   00968    0.4025   -1429.1192  0.9002 
   00969    0.4450   -1421.7236  0.8963 
   00970    0.4425   -1428.7647  0.8929 
   00971    0.4275   -1420.3685  0.8877 
   00972    0.4225   -1428.3831  0.8862 
   00973    0.4225   -1425.9086  0.8868 
   00974    0.4275   -1418.3041  0.8795 
   00975    0.4050   -1419.0889  0.8874 
   00976    0.4700   -1403.7583  0.8836 
   00977    0.4650   -1406.9033  0.8831 
   00978    0.4175   -1393.7806  0.8747 
   00979    0.4575   -1400.4998  0.8758 
   00980    0.4125   -1405.9732  0.8833 
   00981    0.4075   -1409.4273  0.8882 
   00982    0.4350   -1404.4882  0.8843 
   00983    0.4475   -1414.4134  0.8871 
   00984    0.4400   -1413.4057  0.8792 
   00985    0.4125   -1424.2304  0.8924 
   00986    0.4325   -1421.7589  0.8950 
   00987    0.4100   -1417.2199  0.8898 
   00988    0.4425   -1423.4863  0.8920 
   00989    0.4400   -1426.2759  0.8968 
   00990    0.4350   -1421.8571  0.8956 
   00991    0.4400   -1410.0514  0.8963 
   00992    0.3950   -1413.0353  0.8949 
   00993    0.4300   -1403.3247  0.8855 
   00994    0.3700   -1390.3751  0.8810 
   00995    0.4250   -1385.4673  0.8802 
   00996    0.4250   -1384.1828  0.8812 
   00997    0.4225   -1392.4702  0.8807 
   00998    0.4650   -1404.8305  0.8864 
   00999    0.4500   -1425.2457  0.9048 
   01000    0.4400   -1408.8572  0.8968 
