#=====================================================
# File created:        Wed-05-Nov-2025-at-03-14-58AM
# Size of lattice:     20x20
# Number of MC steps:  1000
# Reduced temperature: 0.350
# Run time (s):        7.725115
#=====================================================
# MC step:  Ratio:     Energy:   Order:
#=====================================================
   00000    0.5000    -397.0002  0.2804 
   00001    0.6625    -550.4402  0.3126 
   00002    0.6125    -645.4338  0.3064 
   00003    0.6225    -748.4567  0.3146 
   00004    0.6000    -853.6235  0.3295 
   00005    0.5650    -923.6205  0.3155 
   00006    0.5825    -974.7834  0.3032 
   00007    0.5600   -1023.3806  0.3206 
   00008    0.5050   -1069.6978  0.3309 
   00009    0.5325   -1125.5444  0.3547 
   00010    0.4875   -1153.1939  0.3352 
   00011    0.4950   -1188.5992  0.3452 
   00012    0.4625   -1191.6067  0.3508 
   00013    0.5100   -1218.4288  0.3582 
   00014    0.4950   -1236.2957  0.3701 
   00015    0.4825   -1261.0929  0.3782 
   00016    0.4275   -1268.6731  0.3669 
   00017    0.5075   -1267.4429  0.3678 
   00018    0.4875   -1275.7267  0.3708 
   00019    0.4600   -1279.7802  0.3781 
   00020    0.4750   -1304.1277  0.4021 
   00021    0.4575   -1309.0902  0.4009 
   00022    0.4550   -1307.6374  0.4139 
   00023    0.5050   -1313.7836  0.4194 
   00024    0.4550   -1298.5753  0.4258 
   00025    0.4375   -1308.8380  0.4251 
   00026    0.5350   -1303.8033  0.4387 
   00027    0.4525   -1293.0428  0.4545 
   00028    0.4625   -1299.8352  0.4367 
   00029    0.4525   -1304.2238  0.4435 
   00030    0.4975   -1312.2519  0.4391 
   00031    0.5050   -1312.2731  0.4372 
   00032    0.4600   -1310.2017  0.4362 
   00033    0.4575   -1318.9450  0.4246 
   00034    0.4725   -1325.8493  0.4225 
   00035    0.4425   -1325.7488  0.4134 
   00036    0.4050   -1329.0568  0.4232 
   00037    0.4575   -1335.5840  0.4127 
   00038    0.4400   -1328.1140  0.3961 
   00039    0.4975   -1337.1151  0.4015 
   00040    0.4700   -1345.4014  0.4207 
   00041    0.4525   -1350.5291  0.4109 
   00042    0.4500   -1354.3641  0.4207 
   00043    0.4525   -1365.1269  0.4163 
   00044    0.4550   -1372.0114  0.4089 
   00045    0.4550   -1376.9780  0.4176 
   00046    0.4550   -1382.2897  0.4197 
   00047    0.4375   -1378.1454  0.4316 
   00048    0.3775   -1379.4193  0.4300 
   00049    0.4325   -1387.1217  0.4282 
   00050    0.4500   -1393.4341  0.4306 
   00051    0.4475   -1389.1795  0.4302 
   00052    0.4625   -1374.4354  0.4281 
   00053    0.4300   -1381.3981  0.4323 
   00054    0.4250   -1382.5390  0.4399 
   00055    0.4425   -1385.0462  0.4438 
   00056    0.4725   -1398.9993  0.4378 
   00057    0.4550   -1394.4302  0.4412 
   00058    0.4575   -1384.4186  0.4323 
   00059    0.4150   -1370.6316  0.4217 
   00060    0.4600   -1375.2872  0.4146 
   00061    0.4325   -1378.6728  0.4234 
   00062    0.4350   -1366.7239  0.4415 
   00063    0.4325   -1366.2879  0.4392 
   00064    0.4475   -1377.1945  0.4331 
   00065    0.4575   -1393.9176  0.4483 
   00066    0.4125   -1394.0887  0.4658 
   00067    0.4825   -1394.2952  0.4741 
   00068    0.4150   -1392.3990  0.4816 
   00069    0.4125   -1386.3966  0.4731 
   00070    0.4225   -1390.0402  0.4895 
   00071    0.4450   -1381.5288  0.4974 
   00072    0.3875   -1399.3819  0.5026 
   00073    0.4225   -1406.1998  0.5201 
   00074    0.4825   -1385.9988  0.5224 
   00075    0.4375   -1385.9807  0.5203 
   00076    0.4525   -1397.4831  0.5160 
   00077    0.4375   -1392.6604  0.5218 
   00078    0.4675   -1392.6637  0.5155 
   00079    0.4275   -1392.1232  0.5075 
   00080    0.4200   -1393.8224  0.5083 
   00081    0.4275   -1397.7371  0.5210 
   00082    0.4175   -1394.7428  0.5118 
   00083    0.4225   -1395.5420  0.5085 
   00084    0.4475   -1386.0422  0.5027 
   00085    0.4350   -1393.7213  0.5087 
   00086    0.4250   -1381.0612  0.5132 
   00087    0.4800   -1381.7349  0.5320 
   00088    0.4525   -1385.1207  0.5313 
   00089    0.4875   -1370.3858  0.5186 
   00090    0.4500   -1375.7392  0.5240 
   00091    0.4425   -1384.3546  0.5166 
   00092    0.4400   -1391.4814  0.5256 
   00093    0.4275   -1385.5243  0.5213 
   00094    0.4450   -1387.2750  0.5163 
   00095    0.4225   -1382.1094  0.5193 
   00096    0.4375   -1389.1171  0.4993 
   00097    0.4475   -1403.9765  0.5148 
   00098    0.3800   -1407.3788  0.5144 
   00099    0.4250   -1400.1703  0.4981 
   00100    0.4625   -1390.9191  0.4942 
   00101    0.4375   -1384.6377  0.4859 
   00102    0.4225   -1392.0959  0.4787 
   00103    0.4500   -1393.5862  0.4887 
   00104    0.4025   -1393.1777  0.4955 
   00105    0.3925   -1390.9635  0.4911 
   00106    0.4475   -1381.4591  0.4825 
   00107    0.4300   -1374.1017  0.4907 
   00108    0.4100   -1378.7248  0.4907 
   00109    0.4200   -1376.4999  0.5022 
   00110    0.4250   -1389.2089  0.5040 
   00111    0.4475   -1396.1304  0.5103 
   00112    0.4350   -1387.4791  0.5184 
   00113    0.4575   -1378.2820  0.5325 
   00114    0.4800   -1380.9906  0.5349 
   00115    0.4350   -1384.6031  0.5467 
   00116    0.4600   -1381.1095  0.5418 
   00117    0.4925   -1377.4169  0.5588 
   00118    0.4425   -1373.4839  0.5530 
   00119    0.4275   -1374.8304  0.5514 
   00120    0.4700   -1378.0441  0.5517 
   00121    0.4150   -1382.7008  0.5629 
   00122    0.4825   -1387.4086  0.5660 
   00123    0.4400   -1387.4125  0.5590 
   00124    0.4575   -1379.9907  0.5772 
   00125    0.4075   -1378.4934  0.5898 
   00126    0.4875   -1382.4745  0.5972 
   00127    0.4900   -1383.4181  0.5946 
   00128    0.4500   -1372.0072  0.6094 
   00129    0.4050   -1369.3222  0.6156 
   00130    0.4475   -1361.9204  0.6200 
   00131    0.4400   -1379.4998  0.6255 
   00132    0.4500   -1391.3777  0.6292 
   00133    0.4350   -1396.8619  0.6400 
   00134    0.4400   -1393.4159  0.6364 
   00135    0.4625   -1394.1586  0.6324 
   00136    0.4375   -1399.8464  0.6385 
   00137    0.4400   -1411.0403  0.6462 
   00138    0.4375   -1415.2891  0.6487 
   00139    0.4450   -1411.2320  0.6599 
   00140    0.4300   -1410.8034  0.6712 
   00141    0.5050   -1425.2470  0.6652 
   00142    0.3950   -1418.3114  0.6632 
   00143    0.4550   -1413.5724  0.6573 
   00144    0.4200   -1417.0170  0.6575 
   00145    0.4425   -1415.1916  0.6494 
   00146    0.4425   -1396.9879  0.6591 
   00147    0.4525   -1383.9647  0.6579 
   00148    0.4550   -1388.7844  0.6567 
   00149    0.4350   -1403.4817  0.6608 
   00150    0.4225   -1400.9232  0.6697 
   00151    0.4600   -1403.8527  0.6703 
   00152    0.4650   -1396.0642  0.6818 
   00153    0.4375   -1408.8732  0.6915 
   00154    0.4100   -1411.2954  0.6912 
   00155    0.4650   -1414.0291  0.6905 
   00156    0.4400   -1411.9031  0.6922 
   00157    0.4500   -1410.9841  0.7022 
   00158    0.4700   -1401.0945  0.7063 
   00159    0.4425   -1412.3231  0.7101 
   00160    0.4400   -1416.7786  0.7091 
   00161    0.4550   -1425.3314  0.7185 
   00162    0.4300   -1426.4231  0.7114 
   00163    0.4475   -1423.7980  0.7131 
   00164    0.4400   -1409.3208  0.7022 
   00165    0.4200   -1410.9813  0.7041 
   00166    0.4300   -1415.5998  0.7124 
   00167    0.4575   -1403.1664  0.7078 
   00168    0.4500   -1411.2932  0.7130 
   00169    0.4175   -1409.8796  0.7114 
   00170    0.4575   -1418.9323  0.7228 
   00171    0.4025   -1409.2008  0.7171 
   00172    0.4150   -1401.6585  0.7158 
   00173    0.4500   -1405.5166  0.7152 
   00174    0.3875   -1415.2164  0.7131 
   00175    0.4550   -1411.3126  0.7166 
   00176    0.3675   -1412.2656  0.7273 
   00177    0.4050   -1419.0670  0.7266 
   00178    0.4200   -1420.9732  0.7350 
   00179    0.5050   -1422.2679  0.7439 
   00180    0.4375   -1421.5804  0.7329 
   00181    0.4500   -1421.7988  0.7396 
   00182    0.4625   -1417.6998  0.7311 
   00183    0.4725   -1418.2360  0.7236 
   00184    0.4300   -1421.5834  0.7232 
   00185    0.3975   -1420.7635  0.7208 
   00186    0.4400   -1417.8997  0.7244 
   00187    0.4325   -1409.4269  0.7332 
   00188    0.4375   -1414.9257  0.7344 
   00189    0.4350   -1423.5479  0.7332 
   00190    0.4050   -1417.8576  0.7273 
   00191    0.4250   -1412.9874  0.7245 
   00192    0.4425   -1415.4845  0.7249 
   00193    0.4325   -1425.1670  0.7323 
   00194    0.4625   -1418.6590  0.7214 
   00195    0.4625   -1408.3970  0.7197 
   00196    0.4325   -1406.0132  0.7233 
   00197    0.4075   -1418.0862  0.7311 
   00198    0.4600   -1413.9661  0.7315 
   00199    0.4200   -1418.6038  0.7256 
   00200    0.4450   -1422.8001  0.7146 
   00201    0.4450   -1416.9258  0.7074 
   00202    0.4175   -1419.5886  0.7031 
   00203    0.4500   -1427.3242  0.7021 
   00204    0.4025   -1416.0130  0.6901 
   00205    0.4125   -1414.2645  0.6912 
   00206    0.4275   -1406.6047  0.6946 
   00207    0.4250   -1408.5366  0.7110 
   00208    0.4450   -1416.3881  0.7131 
   00209    0.4375   -1431.8695  0.7071 
   00210    0.4625   -1429.4457  0.7171 
   00211    0.4350   -1416.6055  0.7263 
   00212    0.4450   -1415.2471  0.7375 
   00213    0.4575   -1411.0833  0.7441 
   00214    0.4925   -1416.0602  0.7515 
   00215    0.4700   -1416.4870  0.7443 
   00216    0.4825   -1422.2185  0.7431 
   00217    0.3950   -1414.4807  0.7377 
   00218    0.4325   -1424.4873  0.7436 
   00219    0.4650   -1426.2803  0.7358 
   00220    0.4350   -1424.4624  0.7359 
   00221    0.4200   -1430.7942  0.7399 
   00222    0.4375   -1437.3715  0.7344 
   00223    0.4150   -1435.7056  0.7325 
   00224    0.4375   -1434.6820  0.7355 
   00225    0.4200   -1432.2537  0.7405 
   00226    0.4050   -1419.4254  0.7371 
   00227    0.4600   -1423.7972  0.7402 
   00228    0.4125   -1435.5259  0.7415 
   00229    0.4650   -1423.7385  0.7404 
   00230    0.4025   -1424.6386  0.7454 
   00231    0.4575   -1421.0418  0.7484 
   00232    0.4025   -1422.6224  0.7505 
   00233    0.4575   -1424.3025  0.7486 
   00234    0.4525   -1422.2371  0.7400 
   00235    0.4500   -1420.5419  0.7398 
   00236    0.4675   -1419.8583  0.7413 
   00237    0.4325   -1432.2246  0.7593 
   00238    0.4025   -1421.8354  0.7626 
   00239    0.4025   -1425.3454  0.7680 
   00240    0.4275   -1428.7173  0.7814 
   00241    0.4050   -1416.0169  0.7828 
   00242    0.4275   -1428.0186  0.7894 
   00243    0.4425   -1421.7626  0.7877 
   00244    0.4675   -1416.8203  0.7829 
   00245    0.4450   -1406.7638  0.7835 
   00246    0.4700   -1404.0017  0.7811 
   00247    0.4500   -1408.7607  0.7872 
   00248    0.4600   -1408.1985  0.7855 
   00249    0.4450   -1418.8300  0.7861 
   00250    0.4050   -1425.3153  0.7955 
   00251    0.4400   -1429.5230  0.7970 
   00252    0.4125   -1428.7659  0.8031 
   00253    0.4775   -1411.0230  0.8028 
   00254    0.4825   -1423.2665  0.8011 
   00255    0.4400   -1429.8713  0.8094 
   00256    0.4400   -1425.1772  0.8129 
   00257    0.4150   -1425.7431  0.8159 
   00258    0.4875   -1435.8520  0.8030 
   00259    0.4650   -1445.0092  0.8127 
   00260    0.4525   -1439.5403  0.8184 
   00261    0.4000   -1430.7868  0.8166 
   00262    0.4250   -1444.7361  0.8198 
   00263    0.4600   -1434.9931  0.8261 
   00264    0.4300   -1425.5176  0.8260 
   00265    0.4575   -1433.3112  0.8403 
   00266    0.4350   -1428.8478  0.8426 
   00267    0.3950   -1424.7232  0.8433 
   00268    0.4375   -1432.2725  0.8487 
   00269    0.4100   -1436.1481  0.8486 
   00270    0.3950   -1446.2592  0.8511 
   00271    0.4075   -1457.9573  0.8589 
   00272    0.4725   -1447.7491  0.8551 
   00273    0.3925   -1442.8269  0.8559 
   00274    0.4600   -1437.6874  0.8532 
   00275    0.4400   -1436.2830  0.8571 
   00276    0.4100   -1432.5910  0.8609 
   00277    0.4325   -1440.3366  0.8672 
   00278    0.3900   -1446.4700  0.8732 
   00279    0.4400   -1439.9073  0.8683 
   00280    0.4325   -1440.5410  0.8684 
   00281    0.4450   -1439.7284  0.8700 
   00282    0.3650   -1444.7900  0.8774 
   00283    0.4000   -1445.0277  0.8772 
   00284    0.4175   -1440.9641  0.8722 
   00285    0.4425   -1445.5817  0.8774 
   00286    0.4675   -1452.2344  0.8813 
   00287    0.4525   -1454.0371  0.8855 
   00288    0.4750   -1463.9194  0.8852 
   00289    0.3875   -1464.8312  0.8845 
   00290    0.4150   -1462.7185  0.8861 
   00291    0.4275   -1458.5108  0.8813 
   00292    0.4275   -1441.8288  0.8781 
   00293    0.4450   -1438.4238  0.8761 
   00294    0.4450   -1451.9023  0.8846 
   00295    0.4475   -1440.0415  0.8833 
   00296    0.4700   -1444.7256  0.8954 
   00297    0.4250   -1441.0599  0.8996 
   00298    0.4525   -1439.8751  0.8946 
   00299    0.4350   -1430.9963  0.8911 
   00300    0.4625   -1452.3100  0.9049 
   00301    0.4200   -1446.1304  0.9040 
   00302    0.4300   -1454.2865  0.9053 
   00303    0.4025   -1458.5635  0.9042 
   00304    0.4075   -1446.4931  0.9013 
   00305    0.4475   -1446.7883  0.9017 
   00306    0.4475   -1430.7622  0.8935 
   00307    0.4850   -1431.5874  0.8865 
   00308    0.4700   -1426.9627  0.8864 
   00309    0.4150   -1437.7728  0.8898 
   00310    0.4425   -1450.1873  0.8946 
   00311    0.4425   -1440.0118  0.8945 
   00312    0.4325   -1449.3383  0.8958 
   00313    0.3950   -1443.5763  0.8865 
   00314    0.4025   -1433.3911  0.8895 
   00315    0.4525   -1424.7728  0.8820 
   00316    0.4750   -1445.3578  0.8941 
   00317    0.4475   -1445.8638  0.8844 
   00318    0.5075   -1437.7489  0.8876 
   00319    0.4375   -1425.7882  0.8810 
   00320    0.4625   -1422.2805  0.8738 
   00321    0.4275   -1422.2796  0.8726 
   00322    0.4750   -1435.6888  0.8773 
   00323    0.4250   -1431.4611  0.8744 
   00324    0.4600   -1444.2324  0.8762 
   00325    0.4825   -1456.2424  0.8881 
   00326    0.4150   -1447.7369  0.8860 
   00327    0.4800   -1438.0579  0.8880 
   00328    0.4500   -1428.4198  0.8849 
   00329    0.4475   -1429.2365  0.8808 
   00330    0.4300   -1441.3505  0.8835 
   00331    0.4275   -1454.5470  0.8821 
   00332    0.4675   -1441.3121  0.8719 
   00333    0.4375   -1436.7584  0.8678 
   00334    0.4250   -1434.6657  0.8755 
   00335    0.4325   -1434.5486  0.8658 
   00336    0.4375   -1434.4708  0.8626 
   00337    0.4075   -1436.7308  0.8680 
   00338    0.4275   -1434.8079  0.8584 
   00339    0.4275   -1429.1312  0.8675 
   00340    0.4250   -1435.7653  0.8648 
   00341    0.4150   -1444.8478  0.8761 
   00342    0.4525   -1447.7552  0.8784 
   00343    0.4175   -1444.8663  0.8727 
   00344    0.4550   -1439.0846  0.8724 
   00345    0.4625   -1439.8728  0.8748 
   00346    0.4525   -1442.2482  0.8792 
   00347    0.4350   -1430.2577  0.8663 
   00348    0.4000   -1432.5293  0.8705 
   00349    0.4275   -1440.6159  0.8730 
   00350    0.4200   -1439.7704  0.8762 
   00351    0.4200   -1433.1654  0.8798 
   00352    0.4575   -1450.2525  0.8888 
   00353    0.3950   -1449.6932  0.8870 
   00354    0.4225   -1450.4294  0.8827 
   00355    0.4450   -1447.8420  0.8781 
   00356    0.4350   -1456.6367  0.8790 
   00357    0.4100   -1459.0307  0.8839 
   00358    0.4575   -1462.6067  0.8917 
   00359    0.4125   -1464.5484  0.8902 
   00360    0.4150   -1459.4158  0.8862 
   00361    0.4125   -1457.1158  0.8839 
   00362    0.4050   -1450.2208  0.8797 
   00363    0.4325   -1447.9095  0.8788 
   00364    0.4450   -1450.8390  0.8778 
   00365    0.4025   -1443.5567  0.8776 
   00366    0.4300   -1447.2014  0.8782 
   00367    0.4675   -1451.5157  0.8816 
   00368    0.4125   -1460.4083  0.8893 
   00369    0.4275   -1452.5606  0.8859 
   00370    0.3700   -1445.7022  0.8859 
   00371    0.4650   -1436.2263  0.8839 
   00372    0.4875   -1447.3361  0.8882 
   00373    0.4900   -1442.1458  0.8953 
   00374    0.4400   -1444.6069  0.8988 
   00375    0.4175   -1451.8085  0.9004 
   00376    0.4250   -1447.7879  0.9047 
   00377    0.4275   -1447.6404  0.9047 
   00378    0.4450   -1451.6412  0.9034 
   00379    0.4300   -1459.4083  0.9100 
   00380    0.4200   -1448.9531  0.9020 
   00381    0.4350   -1446.6320  0.8959 
   00382    0.4250   -1439.9471  0.8922 
   00383    0.4475   -1455.0668  0.8971 
   00384    0.4450   -1442.4107  0.8903 
   00385    0.4300   -1446.7358  0.8907 
   00386    0.3975   -1455.4014  0.8939 
   00387    0.4225   -1451.0172  0.8968 
   00388    0.4800   -1450.0630  0.8917 
   00389    0.4675   -1448.7948  0.8880 
   00390    0.4325   -1448.7286  0.8921 
   00391    0.4625   -1439.9231  0.8912 
   00392    0.4925   -1441.1441  0.8912 
   00393    0.4400   -1449.5202  0.8977 
   00394    0.4250   -1448.9006  0.8984 
   00395    0.4625   -1432.5837  0.8905 
   00396    0.4775   -1431.8585  0.8877 
   00397    0.4625   -1440.4814  0.8926 
   00398    0.4350   -1439.9011  0.8911 
   00399    0.4400   -1432.5319  0.8869 
   00400    0.4025   -1432.9902  0.8861 
   00401    0.4150   -1450.5857  0.8856 
   00402    0.4150   -1453.5100  0.8878 
   00403    0.4050   -1441.2006  0.8841 
   00404    0.4200   -1435.6553  0.8895 
   00405    0.4550   -1444.4633  0.8916 
   00406    0.4650   -1436.1721  0.8861 
   00407    0.3950   -1455.7936  0.8957 
   00408    0.4200   -1450.6114  0.8924 
   00409    0.4225   -1445.7521  0.8926 
   00410    0.4050   -1429.7184  0.8884 
   00411    0.4575   -1432.0592  0.8853 
   00412    0.4350   -1436.4364  0.8900 
   00413    0.4500   -1439.8658  0.8879 
   00414    0.4600   -1438.9116  0.8865 
   00415    0.4325   -1449.0010  0.8854 
   00416    0.4250   -1461.9528  0.8938 
   00417    0.3925   -1457.6767  0.8910 
   00418    0.4200   -1459.1437  0.8938 
   00419    0.3925   -1459.5667  0.8923 
   00420    0.3900   -1452.3671  0.8961 
   00421    0.4450   -1439.8702  0.8925 
   00422    0.4225   -1438.8945  0.8915 
   00423    0.4350   -1444.7902  0.8906 
   00424    0.4275   -1440.4403  0.8913 
   00425    0.3950   -1441.1945  0.8986 
   00426    0.4600   -1449.2497  0.9009 
   00427    0.4475   -1446.2119  0.9087 
   00428    0.4175   -1444.9285  0.9047 
   00429    0.4225   -1458.4547  0.9114 
   00430    0.4675   -1457.7999  0.9026 
   00431    0.4325   -1458.8365  0.9077 
   00432    0.4350   -1449.6323  0.9026 
   00433    0.4225   -1436.4910  0.8993 
   00434    0.3900   -1444.8832  0.8966 
   00435    0.4175   -1456.4508  0.8965 
   00436    0.4075   -1454.2998  0.8955 
   00437    0.3900   -1451.5199  0.8942 
   00438    0.4200   -1447.5257  0.8975 
   00439    0.4450   -1456.2680  0.9023 
   00440    0.4400   -1459.4964  0.9024 
   00441    0.4125   -1453.6644  0.9014 
   00442    0.4650   -1454.0087  0.9036 
   00443    0.4175   -1449.0336  0.9085 
   00444    0.4700   -1444.1363  0.9113 
   00445    0.4125   -1439.1065  0.9050 
   00446    0.3900   -1435.1931  0.8993 
   00447    0.4000   -1430.5961  0.8922 
   00448    0.4150   -1433.1650  0.8929 
   00449    0.4525   -1443.1725  0.8999 
   00450    0.4650   -1445.8047  0.8991 
   00451    0.5025   -1450.0292  0.8997 
   00452    0.4400   -1456.2603  0.9020 
   00453    0.4425   -1456.2057  0.9018 
   00454    0.4050   -1447.5439  0.8949 
   00455    0.4075   -1436.5617  0.8949 
   00456    0.3850   -1426.1783  0.8911 
   00457    0.4325   -1436.4262  0.8918 
   00458    0.4450   -1435.6848  0.8919 
   00459    0.4275   -1440.2057  0.9020 
   00460    0.4525   -1446.2760  0.9057 
   00461    0.4400   -1442.3113  0.9000 
   00462    0.4100   -1456.6092  0.9083 
   00463    0.4275   -1449.2052  0.9053 
   00464    0.4650   -1444.1127  0.9070 
   00465    0.4750   -1454.9551  0.9108 
   00466    0.4525   -1453.5838  0.9143 
   00467    0.4350   -1449.1250  0.9090 
   00468    0.4250   -1445.5624  0.9100 
   00469    0.4425   -1453.0910  0.9152 
   00470    0.4050   -1458.8098  0.9143 
   00471    0.4325   -1452.8885  0.9144 
   00472    0.4075   -1447.6839  0.9134 
   00473    0.4425   -1452.4386  0.9135 
   00474    0.4175   -1453.1325  0.9079 
   00475    0.4425   -1461.3311  0.9092 
   00476    0.4300   -1453.6805  0.9027 
   00477    0.3950   -1456.7584  0.8978 
   00478    0.4275   -1448.1382  0.8966 
   00479    0.4300   -1451.9813  0.8962 
   00480    0.4325   -1460.9622  0.8970 
   00481    0.4025   -1453.7826  0.8973 
   00482    0.4250   -1441.4567  0.8816 
   00483    0.4325   -1437.9924  0.8822 
   00484    0.4050   -1452.4094  0.8815 
   00485    0.4200   -1461.7128  0.8810 
   00486    0.4700   -1453.9155  0.8802 
   00487    0.4775   -1454.9913  0.8857 
   00488    0.3975   -1447.5673  0.8883 
   00489    0.4300   -1441.4198  0.8768 
   00490    0.4075   -1443.8616  0.8812 
   00491    0.4325   -1450.7906  0.8789 
   00492    0.4425   -1448.4643  0.8886 
   00493    0.4175   -1448.1364  0.8924 
   00494    0.4150   -1455.6817  0.8910 
   00495    0.4200   -1456.6033  0.8813 
   00496    0.4325   -1446.6284  0.8803 
   00497    0.4475   -1444.1380  0.8784 
   00498    0.4275   -1438.2874  0.8765 
   00499    0.4600   -1437.5391  0.8778 
   00500    0.4425   -1442.4441  0.8824 
   00501    0.4325   -1440.5000  0.8865 
   00502    0.4275   -1443.9853  0.8935 
   00503    0.4150   -1459.9673  0.9011 
   00504    0.3800   -1468.6290  0.9017 
   00505    0.4175   -1460.0216  0.8934 
   00506    0.4025   -1455.6442  0.8899 
   00507    0.4275   -1455.7053  0.8875 
   00508    0.4400   -1448.2535  0.8898 
   00509    0.4550   -1447.6378  0.8833 
   00510    0.4125   -1440.2031  0.8767 
   00511    0.4150   -1434.1205  0.8764 
   00512    0.4200   -1437.0645  0.8796 
   00513    0.4325   -1440.7380  0.8700 
   00514    0.5075   -1428.6359  0.8701 
   00515    0.4850   -1424.5580  0.8738 
   00516    0.4375   -1437.0759  0.8786 
   00517    0.4525   -1436.0743  0.8778 
   00518    0.4775   -1453.7200  0.8876 
   00519    0.3700   -1451.7226  0.8885 
   00520    0.4275   -1444.8432  0.8879 
   00521    0.4725   -1442.8340  0.8849 
   00522    0.3950   -1444.8782  0.8886 
   00523    0.4150   -1455.3618  0.8941 
   00524    0.4450   -1453.1531  0.8943 
   00525    0.4250   -1453.1868  0.8940 
   00526    0.4600   -1443.8564  0.8910 
   00527    0.4850   -1451.3479  0.8961 
   00528    0.3900   -1449.4582  0.8955 
   00529    0.4250   -1442.1454  0.8877 
   00530    0.4575   -1442.3862  0.8860 
   00531    0.5000   -1442.9208  0.8834 
   00532    0.4350   -1444.9621  0.8859 
   00533    0.4500   -1438.0786  0.8857 
   00534    0.4475   -1446.6371  0.8876 
   00535    0.4300   -1455.7286  0.8922 
   00536    0.4250   -1452.5575  0.8907 
   00537    0.4350   -1450.1666  0.8954 
   00538    0.4600   -1457.8213  0.9042 
   00539    0.3700   -1455.2584  0.9064 
   00540    0.4400   -1462.3966  0.9091 
   00541    0.4125   -1463.9932  0.9078 
   00542    0.4325   -1461.2805  0.9120 
   00543    0.4275   -1466.6629  0.9160 
   00544    0.4225   -1477.6465  0.9128 
   00545    0.4300   -1477.1117  0.9090 
   00546    0.4575   -1471.2029  0.9073 
   00547    0.4700   -1458.2238  0.9001 
   00548    0.4550   -1457.1603  0.9048 
   00549    0.4500   -1459.9217  0.9049 
   00550    0.4150   -1464.4557  0.9089 
   00551    0.4525   -1455.9242  0.9038 
   00552    0.4025   -1453.9840  0.9045 
   00553    0.4325   -1445.6516  0.9014 
   00554    0.4075   -1437.4899  0.9048 
   00555    0.4200   -1436.1952  0.9012 
   00556    0.4400   -1444.9010  0.9028 
   00557    0.4250   -1448.0132  0.9046 
   00558    0.4650   -1447.7119  0.9003 
   00559    0.4275   -1446.1445  0.9036 
   00560    0.4650   -1429.7054  0.9030 
   00561    0.4200   -1427.1481  0.9043 
   00562    0.4100   -1437.6232  0.9123 
   00563    0.4175   -1428.8917  0.9131 
   00564    0.4400   -1442.9447  0.9155 
   00565    0.4175   -1451.0624  0.9188 
   00566    0.4750   -1450.4502  0.9141 
   00567    0.4650   -1433.0396  0.9151 
   00568    0.4350   -1442.6429  0.9187 
   00569    0.4075   -1441.3723  0.9171 
   00570    0.4450   -1445.2758  0.9160 
   00571    0.4200   -1460.9362  0.9167 
   00572    0.4150   -1466.5789  0.9237 
   00573    0.3850   -1469.1018  0.9241 
   00574    0.4400   -1466.7735  0.9203 
   00575    0.3950   -1465.1438  0.9182 
   00576    0.4025   -1459.5899  0.9158 
   00577    0.4325   -1450.1287  0.9138 
   00578    0.4500   -1430.9975  0.9084 
   00579    0.3850   -1445.5312  0.9093 
   00580    0.4300   -1439.5685  0.9106 
   00581    0.4475   -1442.7927  0.9134 
   00582    0.4650   -1441.8348  0.9121 
   00583    0.4475   -1441.9530  0.9151 
   00584    0.3825   -1440.8263  0.9130 
   00585    0.4400   -1445.1927  0.9131 
   00586    0.4350   -1441.4513  0.9112 
   00587    0.4350   -1442.6040  0.9075 
   00588    0.4650   -1455.0992  0.9153 
   00589    0.3825   -1457.2712  0.9115 
   00590    0.4900   -1447.1533  0.9132 
   00591    0.4625   -1463.2104  0.9167 
   00592    0.4625   -1452.3231  0.9142 
   00593    0.4725   -1457.5708  0.9142 
   00594    0.4075   -1459.7872  0.9175 
   00595    0.4050   -1459.8171  0.9190 
   00596    0.4575   -1463.6791  0.9220 
   00597    0.3950   -1461.9595  0.9229 
   00598    0.4350   -1456.2416  0.9183 
   00599    0.4325   -1447.7754  0.9136 
   00600    0.4100   -1451.5124  0.9155 
   00601    0.4475   -1438.8298  0.9086 
   00602    0.4100   -1448.0674  0.9119 
   00603    0.4450   -1448.3873  0.9120 
   00604    0.4025   -1449.8398  0.9120 
   00605    0.4125   -1447.2112  0.9136 
   00606    0.4250   -1457.2852  0.9226 
   00607    0.4400   -1459.4066  0.9194 
   00608    0.4675   -1466.9349  0.9198 
   00609    0.4500   -1455.8250  0.9135 
   00610    0.4250   -1446.6527  0.9100 
   00611    0.4450   -1450.2221  0.9054 
   00612    0.4000   -1450.9722  0.9064 
   00613    0.4125   -1455.2265  0.9122 
   00614    0.4175   -1442.2215  0.9081 
   00615    0.3775   -1449.3745  0.9119 
   00616    0.4075   -1433.9551  0.9060 
   00617    0.3725   -1445.9614  0.9077 
   00618    0.4450   -1455.8401  0.9105 
   00619    0.4600   -1469.6302  0.9197 
   00620    0.4175   -1466.1410  0.9226 
   00621    0.3900   -1472.2557  0.9213 
   00622    0.4225   -1457.4129  0.9244 
   00623    0.4575   -1443.4854  0.9224 
   00624    0.4550   -1442.0178  0.9241 
   00625    0.4350   -1441.2418  0.9266 
   00626    0.4275   -1450.4532  0.9295 
   00627    0.4525   -1449.4551  0.9270 
   00628    0.4375   -1452.0338  0.9271 
   00629    0.4700   -1451.3851  0.9227 
   00630    0.4325   -1456.9035  0.9247 
   00631    0.4325   -1469.2792  0.9266 
   00632    0.4200   -1464.6266  0.9233 
   00633    0.4150   -1465.8103  0.9203 
   00634    0.4400   -1447.9583  0.9165 
   00635    0.4300   -1438.8245  0.9111 
   00636    0.4325   -1446.0521  0.9090 
   00637    0.4100   -1447.5783  0.9109 
   00638    0.4275   -1448.8966  0.9147 
   00639    0.4375   -1446.2099  0.9109 
   00640    0.4425   -1449.3051  0.9076 
   00641    0.4050   -1457.2198  0.9084 
   00642    0.4750   -1461.5946  0.9168 
   00643    0.3900   -1460.3170  0.9180 
   00644    0.4325   -1457.2758  0.9094 
   00645    0.4125   -1458.3454  0.9070 
   00646    0.4200   -1450.8939  0.9041 
   00647    0.4575   -1452.9805  0.9058 
   00648    0.4050   -1452.3328  0.9092 
   00649    0.4300   -1440.1979  0.9038 
   00650    0.4275   -1430.5650  0.9027 
   00651    0.4475   -1434.5937  0.9015 
   00652    0.3950   -1435.7559  0.9025 
   00653    0.4300   -1434.2180  0.9050 
   00654    0.4250   -1426.1518  0.9009 
   00655    0.4275   -1436.4245  0.9068 
   00656    0.3675   -1445.2788  0.9087 
   00657    0.4625   -1438.2206  0.9064 
   00658    0.4275   -1450.7279  0.9104 
   00659    0.4075   -1448.9316  0.9141 
   00660    0.4500   -1455.6410  0.9174 
   00661    0.4200   -1453.0025  0.9175 
   00662    0.4175   -1450.2907  0.9131 
   00663    0.4125   -1426.0599  0.9017 
   00664    0.4150   -1425.3119  0.9028 
   00665    0.4500   -1424.3754  0.9048 
   00666    0.4200   -1434.7385  0.8994 
   00667    0.4625   -1439.7948  0.8977 
   00668    0.4450   -1438.5451  0.9037 
   00669    0.4550   -1441.0977  0.8997 
   00670    0.4275   -1422.7352  0.9003 
   00671    0.4525   -1439.5847  0.9070 
   00672    0.4150   -1444.4940  0.9103 
   00673    0.4475   -1437.1855  0.9112 
   00674    0.4150   -1450.5398  0.9163 
   00675    0.4500   -1454.5194  0.9187 
   00676    0.4200   -1447.8065  0.9135 
   00677    0.4625   -1463.9608  0.9239 
   00678    0.4350   -1458.3746  0.9229 
   00679    0.4225   -1459.3295  0.9206 
   00680    0.4550   -1452.4162  0.9235 
   00681    0.4475   -1468.0489  0.9311 
   00682    0.4275   -1483.3222  0.9311 
   00683    0.4500   -1472.8944  0.9279 
   00684    0.4250   -1471.6905  0.9264 
   00685    0.4500   -1457.6767  0.9206 
   00686    0.3775   -1456.5900  0.9179 
   00687    0.4450   -1462.9788  0.9226 
   00688    0.3950   -1453.2296  0.9253 
   00689    0.4350   -1451.6687  0.9221 
   00690    0.4450   -1452.3078  0.9184 
   00691    0.4050   -1447.9092  0.9143 
   00692    0.4775   -1452.8672  0.9147 
   00693    0.4425   -1460.5946  0.9143 
   00694    0.4625   -1468.8678  0.9272 
   00695    0.4625   -1473.1804  0.9294 
   00696    0.4050   -1460.7578  0.9234 
   00697    0.4225   -1453.0136  0.9154 
   00698    0.4175   -1450.6960  0.9167 
   00699    0.4550   -1459.2891  0.9202 
   00700    0.4300   -1457.1175  0.9200 
   00701    0.4550   -1465.0629  0.9258 
   00702    0.4100   -1464.6907  0.9200 
   00703    0.4400   -1458.3312  0.9137 
   00704    0.4225   -1439.0281  0.9038 
   00705    0.4175   -1443.7432  0.9066 
   00706    0.4300   -1448.6684  0.9078 
   00707    0.4175   -1447.9898  0.9025 
   00708    0.4450   -1441.8728  0.9005 
   00709    0.4225   -1455.0307  0.9100 
   00710    0.4350   -1463.6648  0.9131 
   00711    0.4100   -1460.5666  0.9129 
   00712    0.4275   -1459.7923  0.9087 
   00713    0.4225   -1462.4881  0.9063 
   00714    0.4575   -1457.0054  0.8970 
   00715    0.3950   -1460.7267  0.9020 
   00716    0.4300   -1465.8350  0.9088 
   00717    0.4775   -1456.7482  0.9078 
   00718    0.4375   -1465.9914  0.9099 
   00719    0.4125   -1467.2887  0.9116 
   00720    0.4075   -1458.3494  0.9123 
   00721    0.4300   -1453.0834  0.9072 
   00722    0.4800   -1457.7372  0.9088 
   00723    0.3850   -1459.6272  0.9116 
   00724    0.4175   -1452.8647  0.9134 
   00725    0.4600   -1452.1744  0.9107 
   00726    0.4375   -1445.1366  0.9029 
   00727    0.4025   -1442.3946  0.8981 
   00728    0.4050   -1451.3649  0.9016 
   00729    0.4475   -1445.4027  0.9044 
   00730    0.4175   -1458.3706  0.9063 
   00731    0.4050   -1452.7672  0.9072 
   00732    0.4025   -1447.4833  0.9086 
   00733    0.4100   -1451.5687  0.9084 
   00734    0.4375   -1445.3046  0.9032 
   00735    0.3800   -1441.6914  0.9060 
   00736    0.4400   -1452.7814  0.9125 
   00737    0.4075   -1451.3464  0.9118 
   00738    0.4300   -1456.6680  0.9139 
   00739    0.3950   -1451.8406  0.9101 
   00740    0.3825   -1455.2951  0.9138 
   00741    0.4100   -1446.3466  0.9126 
   00742    0.4150   -1453.7420  0.9149 
   00743    0.4700   -1450.8507  0.9113 
   00744    0.4500   -1460.2246  0.9185 
   00745    0.4625   -1433.2536  0.9152 
   00746    0.4375   -1436.4081  0.9160 
   00747    0.3950   -1447.9175  0.9200 
   00748    0.4375   -1442.9789  0.9234 
   00749    0.4175   -1454.8846  0.9287 
   00750    0.4125   -1463.8627  0.9285 
   00751    0.4450   -1454.6810  0.9221 
   00752    0.4100   -1455.0745  0.9272 
   00753    0.4325   -1464.4387  0.9269 
   00754    0.4250   -1462.8297  0.9250 
   00755    0.4375   -1443.7249  0.9150 
   00756    0.4300   -1447.7184  0.9161 
   00757    0.4375   -1432.6677  0.9077 
   00758    0.4275   -1429.8900  0.9063 
   00759    0.4475   -1433.0100  0.9012 
   00760    0.4750   -1418.2643  0.9048 
   00761    0.4500   -1431.0244  0.9116 
   00762    0.4725   -1447.3774  0.9107 
   00763    0.4450   -1453.6882  0.9082 
   00764    0.4425   -1460.0098  0.9108 
   00765    0.4475   -1455.3949  0.9121 
   00766    0.4000   -1450.7494  0.9105 
   00767    0.4025   -1459.4118  0.9144 
   00768    0.3900   -1458.8887  0.9105 
   00769    0.4125   -1453.9560  0.9098 
   00770    0.4600   -1455.2511  0.9053 
   00771    0.4250   -1446.4732  0.9063 
   00772    0.4350   -1443.6476  0.9088 
   00773    0.4025   -1456.9466  0.9203 
   00774    0.4275   -1454.4368  0.9173 
   00775    0.3875   -1453.4809  0.9133 
   00776    0.4150   -1451.8137  0.9108 
   00777    0.4225   -1455.4324  0.9126 
   00778    0.4350   -1443.5900  0.8961 
   00779    0.4150   -1440.1189  0.8924 
   00780    0.4250   -1435.4504  0.8883 
   00781    0.4775   -1444.4878  0.8887 
   00782    0.4525   -1441.4165  0.8885 
   00783    0.4450   -1463.0497  0.8973 
   00784    0.4625   -1449.4461  0.8996 
   00785    0.4425   -1465.2972  0.9058 
   00786    0.4075   -1459.6447  0.8962 
   00787    0.4075   -1445.8521  0.8882 
   00788    0.4225   -1439.3119  0.8882 
   00789    0.4350   -1449.7478  0.8891 
   00790    0.4475   -1457.4353  0.8886 
   00791    0.4225   -1456.5575  0.8929 
   00792    0.3900   -1450.9224  0.8982 
   00793    0.4700   -1434.8592  0.8869 
   00794    0.4025   -1434.2047  0.8850 
   00795    0.4250   -1431.3054  0.8847 
   00796    0.3975   -1441.6589  0.8820 
   00797    0.4800   -1444.6853  0.8817 
   00798    0.4400   -1459.0641  0.8865 
   00799    0.4450   -1458.9154  0.8834 
   00800    0.4375   -1454.4772  0.8911 
   00801    0.4225   -1461.5180  0.8835 
   00802    0.4250   -1464.4391  0.8962 
   00803    0.4250   -1459.5097  0.8949 
   00804    0.4225   -1476.0095  0.8995 
   00805    0.3900   -1467.4325  0.9034 
   00806    0.4025   -1468.3449  0.9010 
   00807    0.4025   -1474.0701  0.9063 
   00808    0.4375   -1475.1383  0.9064 
   00809    0.4000   -1471.2422  0.9075 
   00810    0.4375   -1469.6906  0.9089 
   00811    0.4325   -1461.2186  0.9056 
   00812    0.4575   -1456.3983  0.9098 
   00813    0.4200   -1443.2295  0.9011 
   00814    0.4175   -1454.4696  0.9094 
   00815    0.4200   -1454.3830  0.9107 
   00816    0.3750   -1442.9390  0.9140 
   00817    0.4325   -1456.8158  0.9161 
   00818    0.4025   -1462.0064  0.9202 
   00819    0.4725   -1463.0840  0.9197 
   00820    0.4475   -1464.8169  0.9194 
   00821    0.4200   -1456.3386  0.9153 
   00822    0.4300   -1454.8709  0.9104 
   00823    0.4325   -1450.8801  0.9124 
   00824    0.4300   -1430.1830  0.9034 
   00825    0.4450   -1440.6761  0.8987 
   00826    0.3950   -1440.4384  0.8959 
   00827    0.4175   -1450.1250  0.8960 
   00828    0.4500   -1438.2282  0.8901 
   00829    0.4525   -1437.8770  0.8909 
   00830    0.4350   -1436.0748  0.8924 
   00831    0.4225   -1428.5184  0.8874 
   00832    0.4350   -1431.1925  0.8961 
   00833    0.5025   -1441.3160  0.9039 
   00834    0.4450   -1449.9840  0.9045 
   00835    0.4500   -1455.3155  0.9022 
   00836    0.4125   -1452.8256  0.9083 
   00837    0.4350   -1445.6673  0.9069 
   00838    0.4125   -1440.4212  0.9123 
   00839    0.4050   -1437.7720  0.9091 
   00840    0.4425   -1432.4624  0.9099 
   00841    0.4025   -1451.2728  0.9174 
   00842    0.4625   -1458.2161  0.9179 
   00843    0.4400   -1459.8148  0.9195 
   00844    0.4250   -1444.3980  0.9149 
   00845    0.4400   -1434.3600  0.9118 
   00846    0.4425   -1442.3845  0.9105 
   00847    0.4550   -1449.1760  0.9124 
   00848    0.3900   -1447.2479  0.9117 
   00849    0.4475   -1448.0577  0.9136 
   00850    0.4300   -1445.2820  0.9122 
   00851    0.4400   -1449.0822  0.9137 
   00852    0.4350   -1448.0233  0.9147 
   00853    0.4475   -1444.3844  0.9145 
   00854    0.4025   -1457.5567  0.9172 
   00855    0.4675   -1457.7637  0.9108 
   00856    0.4075   -1456.7672  0.9110 
   00857    0.4250   -1464.7384  0.9162 
   00858    0.4125   -1473.4410  0.9214 
   00859    0.4550   -1465.9157  0.9206 
   00860    0.4250   -1461.7619  0.9187 
   00861    0.4375   -1448.7640  0.9122 
   00862    0.4200   -1447.1896  0.9196 
   00863    0.3900   -1440.3914  0.9197 
   00864    0.4575   -1445.9862  0.9135 
   00865    0.4525   -1460.4500  0.9228 
   00866    0.4550   -1464.4564  0.9237 
   00867    0.4250   -1458.0270  0.9222 
   00868    0.4400   -1449.3842  0.9231 
   00869    0.4150   -1457.8369  0.9255 
   00870    0.4200   -1450.8610  0.9250 
   00871    0.4250   -1444.1148  0.9215 
   00872    0.4250   -1438.3572  0.9177 
   00873    0.4625   -1449.4847  0.9201 
   00874    0.4350   -1455.2825  0.9221 
   00875    0.5000   -1451.6712  0.9167 
   00876    0.4400   -1454.6141  0.9206 
   00877    0.4375   -1447.4971  0.9177 
   00878    0.4550   -1461.0429  0.9253 
   00879    0.4350   -1475.9487  0.9313 
   00880    0.4175   -1479.1247  0.9306 
   00881    0.4300   -1475.5454  0.9284 
   00882    0.4200   -1457.6645  0.9241 
   00883    0.4700   -1448.1924  0.9154 
   00884    0.4400   -1439.3547  0.9148 
   00885    0.4425   -1457.9044  0.9247 
   00886    0.4600   -1462.3381  0.9262 
   00887    0.4325   -1450.6238  0.9210 
   00888    0.4200   -1453.8732  0.9271 
   00889    0.4000   -1458.7779  0.9245 
   00890    0.4000   -1464.9701  0.9185 
   00891    0.4075   -1455.8067  0.9188 
   00892    0.4150   -1459.1982  0.9133 
   00893    0.4175   -1457.5193  0.9145 
   00894    0.4025   -1450.6131  0.9072 
   00895    0.4125   -1450.6839  0.9099 
   00896    0.4325   -1454.8337  0.9065 
   00897    0.4850   -1440.6806  0.9044 
   00898    0.4725   -1436.1552  0.9070 
   00899    0.4400   -1442.9063  0.9107 
   00900    0.4675   -1447.8677  0.9070 
   00901    0.4325   -1465.8523  0.9166 
   00902    0.4375   -1454.5891  0.9065 
   00903    0.4625   -1463.8304  0.9122 
   00904    0.4375   -1464.4864  0.9051 
   00905    0.4300   -1461.3268  0.9052 
   00906    0.4525   -1467.2411  0.9073 
   00907    0.4150   -1468.7568  0.9151 
   00908    0.4475   -1476.2209  0.9196 
   00909    0.4175   -1471.1917  0.9221 
   00910    0.4475   -1465.5990  0.9213 
   00911    0.4300   -1453.6307  0.9135 
   00912    0.4675   -1443.6533  0.9016 
   00913    0.4175   -1442.3066  0.9021 
   00914    0.4250   -1434.0727  0.8956 
   00915    0.4025   -1442.0745  0.9039 
   00916    0.4400   -1457.3551  0.9155 
   00917    0.4575   -1458.4808  0.9140 
   00918    0.4200   -1459.0212  0.9143 
   00919    0.4900   -1455.5744  0.9083 
   00920    0.4050   -1444.5314  0.9015 
   00921    0.4050   -1441.4618  0.9026 
   00922    0.3900   -1451.6244  0.9031 
   00923    0.4150   -1451.3851  0.9038 
   00924    0.4100   -1448.0516  0.9030 
   00925    0.4175   -1448.3890  0.9087 
   00926    0.4000   -1457.4531  0.9122 
   00927    0.4525   -1467.3259  0.9145 
   00928    0.4250   -1457.5544  0.9046 
   00929    0.3925   -1461.8910  0.9075 
   00930    0.4175   -1452.9031  0.8995 
   00931    0.4275   -1454.0216  0.8981 
   00932    0.4550   -1461.9894  0.9044 
   00933    0.4450   -1453.9010  0.9012 
   00934    0.4200   -1444.3559  0.9020 
   00935    0.4325   -1446.4510  0.9073 
   00936    0.4375   -1449.4821  0.9062 
   00937    0.4450   -1449.6566  0.9052 
   00938    0.4225   -1461.7627  0.9073 
   00939    0.3950   -1450.8774  0.9042 
   00940    0.4400   -1452.4169  0.9069 
   00941    0.4575   -1448.1175  0.9030 
   00942    0.4050   -1438.5871  0.9031 
   00943    0.4125   -1444.6579  0.9026 
   00944    0.4375   -1449.1167  0.9009 
   00945    0.4325   -1444.0475  0.9014 
   00946    0.4625   -1441.2530  0.9013 
   00947    0.4250   -1441.8779  0.9000 
   00948    0.4500   -1441.2065  0.9025 
   00949    0.4075   -1437.0224  0.9045 
   00950    0.4250   -1425.4067  0.8978 
   00951    0.4100   -1427.1238  0.9028 
   00952    0.4450   -1435.5846  0.9127 
   00953    0.4550   -1452.3510  0.9197 
   00954    0.4100   -1457.1746  0.9165 
   00955    0.4400   -1454.5696  0.9148 
   00956    0.4200   -1445.9854  0.9138 
   00957    0.4125   -1450.1392  0.9161 
   00958    0.3725   -1454.1510  0.9222 
   00959    0.4700   -1468.8038  0.9247 
   00960    0.4775   -1458.1261  0.9195 
   00961    0.4525   -1457.6276  0.9154 
   00962    0.4325   -1449.0692  0.9150 
   00963    0.4375   -1454.1796  0.9184 
   00964    0.4275   -1447.8717  0.9210 
   00965    0.4200   -1447.8515  0.9195 
   00966    0.4275   -1455.4957  0.9211 
   00967    0.4225   -1431.7041  0.9097 
   00968    0.4300   -1438.2546  0.9095 
   00969    0.4875   -1441.4890  0.9127 
   00970    0.4050   -1442.7278  0.9154 
   00971    0.4325   -1451.2139  0.9176 
   00972    0.4600   -1458.6042  0.9192 
   00973    0.4650   -1470.6533  0.9230 
   00974    0.4000   -1457.5408  0.9178 
   00975    0.4300   -1457.8843  0.9112 
   00976    0.4275   -1462.3158  0.9156 
   00977    0.4625   -1455.9638  0.9082 
   00978    0.3875   -1457.5693  0.9163 
   00979    0.4300   -1454.4070  0.9177 
   00980    0.4350   -1451.6715  0.9107 
   00981    0.4300   -1460.1182  0.9196 
   00982    0.3775   -1456.2538  0.9176 
   00983    0.3950   -1441.9226  0.9102 
   00984    0.4100   -1444.8543  0.9161 
   00985    0.4775   -1449.7277  0.9161 
   00986    0.4600   -1449.3054  0.9111 
   00987    0.4200   -1449.9902  0.9117 
   00988    0.4550   -1460.6874  0.9145 
   00989    0.4425   -1452.0084  0.9107 
   00990    0.4350   -1449.5220  0.9124 
   00991    0.4250   -1460.0645  0.9146 
   00992    0.4300   -1462.0042  0.9045 
   00993    0.4300   -1458.1172  0.9066 
   00994    0.4575   -1450.9904  0.9141 
   00995    0.4200   -1456.7534  0.9195 
   00996    0.4525   -1463.6550  0.9207 
   00997    0.4475   -1466.0265  0.9188 
   00998    0.4100   -1465.7277  0.9156 
   00999    0.4100   -1453.9326  0.9095 
   01000    0.4375   -1448.1551  0.9027 
