#=====================================================
# File created:        Wed-05-Nov-2025-at-03-14-35AM
# Size of lattice:     20x20
# Number of MC steps:  1000
# Reduced temperature: 0.200
# Run time (s):        7.696583
#=====================================================
# MC step:  Ratio:     Energy:   Order:
#=====================================================
   00000    0.5000    -384.6447  0.3017 
   00001    0.6900    -524.7496  0.3108 
   00002    0.7075    -644.3982  0.3289 
   00003    0.5975    -735.3169  0.3439 
   00004    0.6400    -819.0736  0.3772 
   00005    0.6025    -906.0068  0.4033 
   00006    0.6000    -950.4322  0.4033 
   00007    0.5425   -1010.2551  0.4164 
   00008    0.5375   -1055.5517  0.4363 
   00009    0.5475   -1105.0304  0.4415 
   00010    0.5375   -1128.3886  0.4523 
   00011    0.5300   -1158.8912  0.4752 
   00012    0.5575   -1171.6861  0.4795 
   00013    0.5175   -1192.7998  0.4929 
   00014    0.6050   -1217.7880  0.5015 
   00015    0.5350   -1238.7550  0.5095 
   00016    0.4850   -1264.7322  0.5288 
   00017    0.5075   -1287.3639  0.5352 
   00018    0.5175   -1295.1815  0.5434 
   00019    0.5100   -1314.6876  0.5526 
   00020    0.4950   -1333.2164  0.5623 
   00021    0.5050   -1343.2933  0.5653 
   00022    0.5325   -1351.5176  0.5749 
   00023    0.5275   -1364.8248  0.5953 
   00024    0.5450   -1373.2444  0.6085 
   00025    0.4800   -1383.9579  0.6246 
   00026    0.4850   -1387.7221  0.6503 
   00027    0.4675   -1395.1568  0.6652 
   00028    0.5050   -1408.4237  0.6748 
   00029    0.5000   -1416.0474  0.6900 
   00030    0.4675   -1423.5304  0.6943 
   00031    0.4800   -1433.7447  0.6980 
   00032    0.4900   -1428.3140  0.6950 
   00033    0.4800   -1431.7468  0.7063 
   00034    0.5050   -1434.4194  0.7041 
   00035    0.4500   -1431.9726  0.7078 
   00036    0.4775   -1434.1774  0.7136 
   00037    0.4975   -1435.1241  0.7180 
   00038    0.5250   -1440.2124  0.7163 
   00039    0.4850   -1437.4815  0.7218 
   00040    0.4725   -1431.6751  0.7277 
   00041    0.4650   -1431.7156  0.7279 
   00042    0.4600   -1433.6606  0.7328 
   00043    0.4500   -1423.1410  0.7306 
   00044    0.4725   -1426.7653  0.7422 
   00045    0.5000   -1432.5859  0.7554 
   00046    0.5125   -1435.9346  0.7631 
   00047    0.5100   -1444.7645  0.7712 
   00048    0.4525   -1449.7291  0.7812 
   00049    0.4475   -1446.6396  0.7858 
   00050    0.5075   -1446.6143  0.7812 
   00051    0.4575   -1445.9245  0.7815 
   00052    0.5000   -1448.3788  0.7837 
   00053    0.4600   -1448.8150  0.7851 
   00054    0.4475   -1452.1076  0.7907 
   00055    0.5000   -1451.1471  0.7947 
   00056    0.4750   -1457.2220  0.7979 
   00057    0.5100   -1460.8623  0.8070 
   00058    0.4375   -1460.9978  0.8116 
   00059    0.4350   -1463.0715  0.8219 
   00060    0.4950   -1464.1432  0.8241 
   00061    0.4475   -1463.3662  0.8307 
   00062    0.4700   -1476.3928  0.8424 
   00063    0.4150   -1470.3581  0.8403 
   00064    0.4475   -1464.7265  0.8339 
   00065    0.4900   -1471.9750  0.8447 
   00066    0.4100   -1474.0456  0.8503 
   00067    0.4150   -1476.2529  0.8504 
   00068    0.4500   -1482.6255  0.8574 
   00069    0.4550   -1480.2119  0.8618 
   00070    0.4550   -1490.8868  0.8691 
   00071    0.4400   -1495.6621  0.8746 
   00072    0.4750   -1493.3296  0.8738 
   00073    0.4275   -1496.5787  0.8773 
   00074    0.4375   -1488.7241  0.8740 
   00075    0.4500   -1493.2248  0.8867 
   00076    0.4775   -1499.9393  0.8953 
   00077    0.4950   -1501.8808  0.9000 
   00078    0.4325   -1502.3308  0.9050 
   00079    0.4650   -1499.3588  0.9009 
   00080    0.4475   -1505.5392  0.9080 
   00081    0.4350   -1505.8689  0.9093 
   00082    0.4600   -1517.2253  0.9189 
   00083    0.4575   -1511.8390  0.9210 
   00084    0.5000   -1509.6244  0.9197 
   00085    0.4250   -1512.5570  0.9261 
   00086    0.4125   -1514.7270  0.9288 
   00087    0.4725   -1515.6077  0.9290 
   00088    0.4550   -1509.9445  0.9242 
   00089    0.4300   -1515.4094  0.9252 
   00090    0.5250   -1524.6803  0.9291 
   00091    0.4850   -1517.7892  0.9248 
   00092    0.4300   -1516.1361  0.9188 
   00093    0.4375   -1511.4559  0.9190 
   00094    0.4575   -1511.5486  0.9200 
   00095    0.4275   -1516.1950  0.9238 
   00096    0.4950   -1510.3959  0.9223 
   00097    0.4475   -1502.4596  0.9222 
   00098    0.4700   -1499.1336  0.9243 
   00099    0.4725   -1508.0434  0.9300 
   00100    0.4850   -1504.8327  0.9274 
   00101    0.5150   -1514.1302  0.9349 
   00102    0.4550   -1519.6252  0.9369 
   00103    0.4450   -1515.4734  0.9378 
   00104    0.4825   -1524.8143  0.9423 
   00105    0.4650   -1524.0025  0.9422 
   00106    0.4725   -1519.8656  0.9406 
   00107    0.4775   -1513.3931  0.9390 
   00108    0.4425   -1513.6045  0.9412 
   00109    0.4625   -1517.9020  0.9442 
   00110    0.4825   -1515.0007  0.9408 
   00111    0.4750   -1515.6047  0.9417 
   00112    0.4350   -1518.9532  0.9411 
   00113    0.4425   -1516.8116  0.9399 
   00114    0.5000   -1515.4642  0.9392 
   00115    0.4775   -1512.8466  0.9388 
   00116    0.4425   -1517.1371  0.9392 
   00117    0.4850   -1517.9567  0.9400 
   00118    0.4350   -1518.1610  0.9413 
   00119    0.4375   -1513.3142  0.9409 
   00120    0.4825   -1517.2316  0.9417 
   00121    0.4975   -1521.1203  0.9399 
   00122    0.4350   -1525.2256  0.9412 
   00123    0.4450   -1521.9268  0.9387 
   00124    0.5025   -1521.3084  0.9413 
   00125    0.4425   -1519.7517  0.9400 
   00126    0.4400   -1523.1725  0.9455 
   00127    0.4500   -1515.1125  0.9431 
   00128    0.4800   -1520.0817  0.9412 
   00129    0.4525   -1521.5993  0.9428 
   00130    0.4275   -1518.0478  0.9393 
   00131    0.5075   -1516.0230  0.9416 
   00132    0.4425   -1522.2193  0.9415 
   00133    0.5075   -1520.4869  0.9448 
   00134    0.4650   -1515.3623  0.9432 
   00135    0.4650   -1523.9194  0.9472 
   00136    0.5050   -1523.5106  0.9487 
   00137    0.4000   -1521.8637  0.9464 
   00138    0.4600   -1511.8509  0.9428 
   00139    0.4425   -1514.8612  0.9449 
   00140    0.4650   -1511.3118  0.9436 
   00141    0.4400   -1520.1340  0.9449 
   00142    0.4750   -1521.3028  0.9459 
   00143    0.4425   -1516.5501  0.9470 
   00144    0.4075   -1515.1828  0.9472 
   00145    0.4300   -1517.3831  0.9522 
   00146    0.4425   -1521.6730  0.9534 
   00147    0.4550   -1521.8880  0.9542 
   00148    0.4750   -1521.6089  0.9539 
   00149    0.4575   -1524.7668  0.9516 
   00150    0.4550   -1520.4052  0.9496 
   00151    0.4400   -1517.0073  0.9497 
   00152    0.4225   -1511.0688  0.9470 
   00153    0.4600   -1519.2149  0.9491 
   00154    0.4600   -1521.0566  0.9528 
   00155    0.4500   -1519.2306  0.9510 
   00156    0.4600   -1519.4552  0.9537 
   00157    0.4400   -1521.2536  0.9541 
   00158    0.4875   -1524.7199  0.9525 
   00159    0.4500   -1525.4171  0.9540 
   00160    0.4575   -1516.2669  0.9516 
   00161    0.4825   -1510.2251  0.9495 
   00162    0.4500   -1509.5602  0.9480 
   00163    0.4325   -1511.3600  0.9491 
   00164    0.5000   -1510.8008  0.9498 
   00165    0.4775   -1515.5188  0.9517 
   00166    0.4350   -1518.4529  0.9511 
   00167    0.4750   -1518.6251  0.9454 
   00168    0.4700   -1517.3213  0.9416 
   00169    0.4650   -1520.8863  0.9421 
   00170    0.4650   -1521.0851  0.9392 
   00171    0.4500   -1517.0715  0.9390 
   00172    0.4775   -1522.7396  0.9416 
   00173    0.4600   -1516.6597  0.9379 
   00174    0.4900   -1515.6675  0.9359 
   00175    0.4925   -1520.9866  0.9415 
   00176    0.4725   -1517.0653  0.9405 
   00177    0.4900   -1520.9548  0.9417 
   00178    0.4425   -1520.8908  0.9397 
   00179    0.4750   -1513.1774  0.9334 
   00180    0.4575   -1516.2143  0.9390 
   00181    0.4550   -1518.5962  0.9407 
   00182    0.4450   -1517.1179  0.9420 
   00183    0.4600   -1519.0672  0.9402 
   00184    0.4325   -1516.6199  0.9387 
   00185    0.4325   -1516.9114  0.9408 
   00186    0.4450   -1515.4513  0.9421 
   00187    0.4675   -1517.6259  0.9402 
   00188    0.4450   -1518.3593  0.9394 
   00189    0.4550   -1513.6941  0.9376 
   00190    0.4850   -1515.1308  0.9398 
   00191    0.4350   -1519.6259  0.9447 
   00192    0.4600   -1512.9662  0.9437 
   00193    0.4525   -1508.7394  0.9388 
   00194    0.4675   -1520.4504  0.9454 
   00195    0.4800   -1524.3050  0.9451 
   00196    0.4700   -1522.2524  0.9479 
   00197    0.4675   -1528.4636  0.9500 
   00198    0.4575   -1528.6162  0.9497 
   00199    0.4675   -1528.1447  0.9495 
   00200    0.4375   -1531.6408  0.9520 
   00201    0.4900   -1529.0991  0.9521 
   00202    0.5050   -1516.6325  0.9488 
   00203    0.4500   -1520.0972  0.9481 
   00204    0.4875   -1524.2149  0.9504 
   00205    0.4400   -1524.8285  0.9487 
   00206    0.4275   -1516.6933  0.9443 
   00207    0.4725   -1521.8959  0.9458 
   00208    0.4425   -1514.8313  0.9469 
   00209    0.4750   -1507.9606  0.9470 
   00210    0.4500   -1508.9808  0.9478 
   00211    0.4225   -1514.8275  0.9486 
   00212    0.4600   -1510.5593  0.9476 
   00213    0.4850   -1516.6216  0.9486 
   00214    0.4575   -1515.9848  0.9508 
   00215    0.4475   -1525.1187  0.9508 
   00216    0.4750   -1523.3291  0.9491 
   00217    0.4475   -1524.1977  0.9510 
   00218    0.4275   -1519.0848  0.9497 
   00219    0.4600   -1516.9961  0.9451 
   00220    0.5025   -1517.7936  0.9478 
   00221    0.4425   -1514.8514  0.9480 
   00222    0.4600   -1508.7914  0.9444 
   00223    0.4800   -1507.1408  0.9462 
   00224    0.5075   -1509.8491  0.9490 
   00225    0.4925   -1514.9233  0.9502 
   00226    0.4675   -1517.8180  0.9548 
   00227    0.4400   -1520.8672  0.9557 
   00228    0.4750   -1518.7777  0.9546 
   00229    0.4600   -1518.5715  0.9530 
   00230    0.5000   -1511.4994  0.9531 
   00231    0.4425   -1517.6273  0.9543 
   00232    0.4825   -1516.9823  0.9539 
   00233    0.4625   -1517.8535  0.9540 
   00234    0.4800   -1524.9901  0.9568 
   00235    0.4400   -1523.8735  0.9569 
   00236    0.4775   -1529.4646  0.9602 
   00237    0.4550   -1520.2980  0.9578 
   00238    0.4700   -1520.1770  0.9563 
   00239    0.4775   -1512.9370  0.9565 
   00240    0.4600   -1518.0173  0.9552 
   00241    0.4400   -1509.9145  0.9544 
   00242    0.4750   -1518.1731  0.9587 
   00243    0.4725   -1524.4028  0.9593 
   00244    0.4150   -1523.9724  0.9607 
   00245    0.5100   -1517.1142  0.9586 
   00246    0.4425   -1516.2936  0.9578 
   00247    0.4275   -1511.0896  0.9544 
   00248    0.4425   -1509.6016  0.9531 
   00249    0.4725   -1515.6253  0.9575 
   00250    0.4825   -1517.5930  0.9605 
   00251    0.4450   -1524.3664  0.9610 
   00252    0.4425   -1524.3481  0.9619 
   00253    0.4500   -1519.1374  0.9579 
   00254    0.4400   -1519.0282  0.9585 
   00255    0.4675   -1523.2130  0.9590 
   00256    0.4600   -1517.4734  0.9563 
   00257    0.4675   -1515.2149  0.9559 
   00258    0.4675   -1516.2867  0.9526 
   00259    0.5075   -1526.1773  0.9597 
   00260    0.4275   -1524.2980  0.9595 
   00261    0.4275   -1520.2805  0.9565 
   00262    0.4625   -1521.8786  0.9593 
   00263    0.5100   -1524.0195  0.9601 
   00264    0.4375   -1517.5583  0.9590 
   00265    0.4750   -1527.1700  0.9612 
   00266    0.4675   -1525.5019  0.9596 
   00267    0.4800   -1523.7129  0.9580 
   00268    0.4600   -1518.4242  0.9550 
   00269    0.4825   -1516.6317  0.9554 
   00270    0.4525   -1515.0259  0.9556 
   00271    0.4250   -1514.4897  0.9559 
   00272    0.4300   -1512.6151  0.9549 
   00273    0.4775   -1509.5428  0.9536 
   00274    0.4775   -1515.7079  0.9526 
   00275    0.4750   -1512.8227  0.9517 
   00276    0.4975   -1516.2893  0.9506 
   00277    0.4500   -1511.7483  0.9500 
   00278    0.4600   -1517.2001  0.9521 
   00279    0.5075   -1507.3070  0.9450 
   00280    0.4675   -1510.0729  0.9452 
   00281    0.4800   -1516.0593  0.9470 
   00282    0.4300   -1517.0796  0.9489 
   00283    0.4550   -1516.2613  0.9531 
   00284    0.4700   -1514.7195  0.9531 
   00285    0.4650   -1515.1500  0.9549 
   00286    0.5050   -1517.3077  0.9558 
   00287    0.5025   -1510.6222  0.9490 
   00288    0.5025   -1511.9967  0.9496 
   00289    0.4900   -1512.4501  0.9547 
   00290    0.4425   -1513.0853  0.9556 
   00291    0.4400   -1520.4851  0.9575 
   00292    0.4525   -1511.2138  0.9525 
   00293    0.4475   -1515.3686  0.9538 
   00294    0.4500   -1517.5512  0.9502 
   00295    0.4425   -1518.4139  0.9506 
   00296    0.4800   -1513.8031  0.9494 
   00297    0.4550   -1516.5035  0.9514 
   00298    0.4875   -1522.4332  0.9530 
   00299    0.4675   -1525.7903  0.9518 
   00300    0.4625   -1525.5294  0.9573 
   00301    0.4750   -1523.6978  0.9539 
   00302    0.4325   -1530.3713  0.9575 
   00303    0.4550   -1522.0526  0.9571 
   00304    0.4575   -1524.2306  0.9574 
   00305    0.4750   -1524.0259  0.9581 
   00306    0.4175   -1518.9731  0.9546 
   00307    0.5000   -1518.5598  0.9566 
   00308    0.4550   -1513.1296  0.9554 
   00309    0.4800   -1519.6241  0.9584 
   00310    0.4150   -1518.8444  0.9577 
   00311    0.4875   -1515.9494  0.9563 
   00312    0.4675   -1518.8879  0.9564 
   00313    0.4275   -1522.4821  0.9581 
   00314    0.5000   -1527.5764  0.9579 
   00315    0.4625   -1517.2946  0.9518 
   00316    0.4750   -1517.0217  0.9492 
   00317    0.4525   -1514.7926  0.9483 
   00318    0.4725   -1515.6260  0.9471 
   00319    0.4750   -1520.8878  0.9505 
   00320    0.4825   -1519.9915  0.9521 
   00321    0.4400   -1514.9884  0.9475 
   00322    0.4850   -1517.1440  0.9486 
   00323    0.4550   -1519.1307  0.9486 
   00324    0.4225   -1512.6691  0.9492 
   00325    0.4575   -1506.1550  0.9478 
   00326    0.4850   -1515.7022  0.9523 
   00327    0.4425   -1509.4987  0.9495 
   00328    0.4450   -1516.3304  0.9486 
   00329    0.4900   -1512.6977  0.9498 
   00330    0.4550   -1518.4005  0.9511 
   00331    0.4800   -1512.6853  0.9485 
   00332    0.4900   -1504.7948  0.9439 
   00333    0.4575   -1513.0813  0.9462 
   00334    0.4725   -1509.7548  0.9444 
   00335    0.4450   -1507.1209  0.9454 
   00336    0.4575   -1511.5805  0.9444 
   00337    0.5250   -1507.7654  0.9439 
   00338    0.4450   -1516.9587  0.9483 
   00339    0.4125   -1519.7932  0.9483 
   00340    0.4825   -1522.2003  0.9494 
   00341    0.4625   -1516.1468  0.9490 
   00342    0.4375   -1511.7190  0.9437 
   00343    0.5150   -1515.7575  0.9497 
   00344    0.4750   -1518.8453  0.9467 
   00345    0.5100   -1516.4214  0.9483 
   00346    0.4600   -1507.2110  0.9446 
   00347    0.4450   -1504.2532  0.9419 
   00348    0.4300   -1513.9964  0.9436 
   00349    0.4325   -1517.8235  0.9483 
   00350    0.4650   -1516.6699  0.9473 
   00351    0.4275   -1511.1905  0.9460 
   00352    0.4550   -1505.9822  0.9451 
   00353    0.5000   -1504.3466  0.9446 
   00354    0.4500   -1504.2339  0.9495 
   00355    0.4950   -1504.5618  0.9482 
   00356    0.4475   -1505.1942  0.9476 
   00357    0.4475   -1509.4367  0.9484 
   00358    0.4400   -1508.5185  0.9520 
   00359    0.4200   -1504.3382  0.9521 
   00360    0.4750   -1504.3984  0.9463 
   00361    0.4550   -1503.0396  0.9457 
   00362    0.4425   -1500.2056  0.9399 
   00363    0.4550   -1510.1645  0.9443 
   00364    0.5175   -1518.7788  0.9492 
   00365    0.4800   -1516.7743  0.9515 
   00366    0.4775   -1512.0102  0.9514 
   00367    0.4500   -1504.5490  0.9504 
   00368    0.4675   -1511.7783  0.9507 
   00369    0.4675   -1514.9633  0.9502 
   00370    0.4575   -1506.9626  0.9446 
   00371    0.4725   -1501.7563  0.9445 
   00372    0.3875   -1509.9259  0.9457 
   00373    0.4900   -1511.2014  0.9482 
   00374    0.4800   -1513.5946  0.9485 
   00375    0.4650   -1514.9637  0.9489 
   00376    0.5175   -1516.3495  0.9533 
   00377    0.4875   -1520.3111  0.9564 
   00378    0.4900   -1521.4475  0.9559 
   00379    0.4750   -1522.1538  0.9552 
   00380    0.4525   -1519.2541  0.9555 
   00381    0.4550   -1518.9051  0.9539 
   00382    0.4400   -1514.5501  0.9539 
   00383    0.4475   -1510.8875  0.9496 
   00384    0.4275   -1504.6959  0.9461 
   00385    0.4575   -1513.4151  0.9470 
   00386    0.4375   -1511.9021  0.9478 
   00387    0.4625   -1508.0093  0.9464 
   00388    0.4525   -1513.6780  0.9499 
   00389    0.4325   -1512.4155  0.9494 
   00390    0.4325   -1519.3166  0.9538 
   00391    0.4650   -1512.9490  0.9510 
   00392    0.4525   -1511.6470  0.9531 
   00393    0.4950   -1517.1108  0.9519 
   00394    0.4525   -1515.5822  0.9510 
   00395    0.4650   -1514.1824  0.9548 
   00396    0.4800   -1522.3098  0.9576 
   00397    0.4575   -1521.3866  0.9569 
   00398    0.4625   -1522.7082  0.9597 
   00399    0.4750   -1525.4037  0.9589 
   00400    0.4825   -1517.0189  0.9549 
   00401    0.4525   -1512.5345  0.9541 
   00402    0.4925   -1518.4929  0.9556 
   00403    0.4200   -1511.2570  0.9527 
   00404    0.4725   -1519.4576  0.9510 
   00405    0.4700   -1511.9985  0.9504 
   00406    0.4675   -1513.9025  0.9492 
   00407    0.4875   -1510.3897  0.9490 
   00408    0.4400   -1511.8202  0.9509 
   00409    0.4450   -1514.8409  0.9503 
   00410    0.4900   -1510.0682  0.9524 
   00411    0.4500   -1520.0120  0.9567 
   00412    0.4550   -1517.7631  0.9573 
   00413    0.4925   -1518.5965  0.9589 
   00414    0.4700   -1513.8339  0.9556 
   00415    0.4550   -1512.9359  0.9533 
   00416    0.4400   -1509.0569  0.9523 
   00417    0.4950   -1507.2222  0.9501 
   00418    0.4775   -1516.3781  0.9508 
   00419    0.4550   -1519.5927  0.9491 
   00420    0.4750   -1517.5298  0.9501 
   00421    0.4025   -1515.9552  0.9502 
   00422    0.4400   -1515.8314  0.9515 
   00423    0.4100   -1522.7933  0.9519 
   00424    0.4775   -1521.4764  0.9530 
   00425    0.4125   -1523.9903  0.9555 
   00426    0.5175   -1530.8698  0.9547 
   00427    0.4400   -1524.7252  0.9530 
   00428    0.4850   -1524.6315  0.9520 
   00429    0.4850   -1526.4747  0.9505 
   00430    0.4575   -1521.8883  0.9489 
   00431    0.4575   -1520.7600  0.9471 
   00432    0.4625   -1519.9145  0.9498 
   00433    0.4775   -1520.7200  0.9481 
   00434    0.4550   -1526.0521  0.9505 
   00435    0.4450   -1529.0627  0.9512 
   00436    0.4625   -1530.6206  0.9564 
   00437    0.4925   -1529.5442  0.9542 
   00438    0.4700   -1527.9701  0.9548 
   00439    0.5100   -1522.2299  0.9512 
   00440    0.5075   -1511.8565  0.9459 
   00441    0.4475   -1515.3009  0.9462 
   00442    0.4600   -1515.0429  0.9481 
   00443    0.4725   -1515.6214  0.9496 
   00444    0.4725   -1516.7067  0.9471 
   00445    0.4800   -1516.2060  0.9491 
   00446    0.4800   -1519.7640  0.9513 
   00447    0.4600   -1516.4230  0.9505 
   00448    0.4450   -1518.1104  0.9514 
   00449    0.4600   -1521.1737  0.9524 
   00450    0.4625   -1520.3143  0.9507 
   00451    0.4875   -1526.6122  0.9564 
   00452    0.4600   -1526.6255  0.9581 
   00453    0.4325   -1532.4260  0.9605 
   00454    0.4875   -1529.1402  0.9604 
   00455    0.4575   -1519.1114  0.9569 
   00456    0.4600   -1520.8393  0.9582 
   00457    0.4750   -1518.0537  0.9572 
   00458    0.4575   -1516.2658  0.9551 
   00459    0.4875   -1522.0353  0.9566 
   00460    0.4325   -1519.7178  0.9571 
   00461    0.5125   -1518.4940  0.9538 
   00462    0.4625   -1513.2100  0.9520 
   00463    0.4600   -1513.0225  0.9511 
   00464    0.4450   -1523.1189  0.9551 
   00465    0.4525   -1525.5454  0.9571 
   00466    0.4825   -1526.4309  0.9571 
   00467    0.4375   -1519.0511  0.9510 
   00468    0.4625   -1523.3090  0.9522 
   00469    0.4625   -1519.4101  0.9492 
   00470    0.4900   -1517.9695  0.9488 
   00471    0.3725   -1517.2919  0.9489 
   00472    0.4425   -1516.6677  0.9462 
   00473    0.4800   -1512.9435  0.9455 
   00474    0.4350   -1514.2083  0.9422 
   00475    0.4900   -1516.9000  0.9467 
   00476    0.4425   -1520.4169  0.9510 
   00477    0.4750   -1521.7826  0.9507 
   00478    0.4275   -1522.9631  0.9525 
   00479    0.4700   -1516.8581  0.9462 
   00480    0.4700   -1513.9998  0.9437 
   00481    0.4375   -1505.1539  0.9412 
   00482    0.4475   -1507.0548  0.9382 
   00483    0.4575   -1506.6329  0.9425 
   00484    0.5050   -1508.3061  0.9438 
   00485    0.4475   -1510.6765  0.9415 
   00486    0.4675   -1519.9097  0.9447 
   00487    0.4700   -1519.7285  0.9451 
   00488    0.4275   -1517.5385  0.9437 
   00489    0.5050   -1519.8705  0.9472 
   00490    0.4675   -1517.1710  0.9479 
   00491    0.4850   -1510.7305  0.9481 
   00492    0.4800   -1515.6590  0.9510 
   00493    0.4725   -1514.3083  0.9513 
   00494    0.4250   -1510.8197  0.9508 
   00495    0.4275   -1511.6058  0.9502 
   00496    0.4750   -1504.3979  0.9447 
   00497    0.4800   -1507.9003  0.9470 
   00498    0.4675   -1510.9692  0.9452 
   00499    0.5000   -1512.8081  0.9469 
   00500    0.4325   -1521.0260  0.9535 
   00501    0.4800   -1526.0135  0.9553 
   00502    0.4975   -1522.2330  0.9537 
   00503    0.4375   -1527.3259  0.9555 
   00504    0.4725   -1529.0241  0.9553 
   00505    0.4625   -1521.5082  0.9512 
   00506    0.4400   -1516.6382  0.9504 
   00507    0.4125   -1513.5415  0.9495 
   00508    0.4425   -1511.3383  0.9499 
   00509    0.4525   -1516.5513  0.9508 
   00510    0.4625   -1513.3238  0.9465 
   00511    0.4650   -1508.8682  0.9451 
   00512    0.4875   -1510.3254  0.9481 
   00513    0.4775   -1517.0490  0.9511 
   00514    0.4800   -1518.6716  0.9465 
   00515    0.4500   -1522.5213  0.9446 
   00516    0.4825   -1521.6253  0.9428 
   00517    0.4875   -1515.2455  0.9427 
   00518    0.4375   -1514.4486  0.9370 
   00519    0.4675   -1510.2385  0.9339 
   00520    0.4725   -1513.9688  0.9340 
   00521    0.4600   -1510.7221  0.9375 
   00522    0.4575   -1512.8230  0.9390 
   00523    0.4575   -1517.4523  0.9429 
   00524    0.4675   -1516.1877  0.9394 
   00525    0.4550   -1524.8678  0.9456 
   00526    0.4400   -1521.2278  0.9494 
   00527    0.4700   -1518.0908  0.9478 
   00528    0.4575   -1520.1359  0.9436 
   00529    0.4850   -1516.0382  0.9434 
   00530    0.4875   -1519.3135  0.9470 
   00531    0.4300   -1517.7077  0.9493 
   00532    0.4350   -1516.8016  0.9480 
   00533    0.5050   -1512.9037  0.9475 
   00534    0.4250   -1507.5477  0.9444 
   00535    0.4800   -1514.4778  0.9511 
   00536    0.4600   -1517.2392  0.9520 
   00537    0.4625   -1516.8834  0.9486 
   00538    0.4750   -1523.2909  0.9474 
   00539    0.4450   -1523.0970  0.9470 
   00540    0.4900   -1521.7194  0.9466 
   00541    0.4675   -1528.5303  0.9471 
   00542    0.4850   -1527.5284  0.9459 
   00543    0.4150   -1526.3817  0.9475 
   00544    0.4500   -1527.8903  0.9475 
   00545    0.4475   -1523.3009  0.9450 
   00546    0.4975   -1521.2638  0.9439 
   00547    0.5025   -1526.2654  0.9448 
   00548    0.5125   -1519.7243  0.9428 
   00549    0.4475   -1517.1387  0.9428 
   00550    0.4975   -1524.7221  0.9421 
   00551    0.4875   -1523.9501  0.9429 
   00552    0.4850   -1524.6274  0.9417 
   00553    0.4375   -1516.4643  0.9395 
   00554    0.4500   -1524.4415  0.9437 
   00555    0.4225   -1518.5461  0.9397 
   00556    0.4375   -1519.8084  0.9390 
   00557    0.4525   -1520.8905  0.9423 
   00558    0.4525   -1525.2494  0.9456 
   00559    0.4600   -1519.1817  0.9456 
   00560    0.4025   -1520.5523  0.9449 
   00561    0.4925   -1524.6396  0.9493 
   00562    0.4500   -1516.9365  0.9474 
   00563    0.4725   -1517.9433  0.9461 
   00564    0.4725   -1522.8373  0.9439 
   00565    0.4575   -1525.5292  0.9471 
   00566    0.4650   -1530.7048  0.9462 
   00567    0.4975   -1527.3744  0.9412 
   00568    0.4775   -1519.7002  0.9389 
   00569    0.4975   -1516.7973  0.9405 
   00570    0.4875   -1520.6047  0.9415 
   00571    0.4425   -1519.6012  0.9418 
   00572    0.5075   -1522.5520  0.9422 
   00573    0.4775   -1519.6108  0.9401 
   00574    0.4850   -1518.9317  0.9366 
   00575    0.4425   -1513.2499  0.9354 
   00576    0.4825   -1508.6846  0.9374 
   00577    0.4850   -1512.5081  0.9384 
   00578    0.4675   -1516.0306  0.9414 
   00579    0.4300   -1516.3760  0.9384 
   00580    0.4575   -1515.6853  0.9377 
   00581    0.4675   -1516.2499  0.9371 
   00582    0.4850   -1516.8463  0.9338 
   00583    0.4325   -1517.2812  0.9363 
   00584    0.4375   -1510.9773  0.9367 
   00585    0.4875   -1513.8227  0.9430 
   00586    0.3900   -1517.5111  0.9401 
   00587    0.4625   -1516.0284  0.9418 
   00588    0.4150   -1513.9131  0.9419 
   00589    0.4725   -1515.9482  0.9413 
   00590    0.5150   -1512.4818  0.9391 
   00591    0.3975   -1511.6684  0.9364 
   00592    0.4475   -1515.1790  0.9382 
   00593    0.4325   -1515.2855  0.9412 
   00594    0.4350   -1517.5674  0.9380 
   00595    0.4850   -1516.5646  0.9433 
   00596    0.4400   -1519.3195  0.9425 
   00597    0.5125   -1513.9676  0.9396 
   00598    0.4800   -1504.3448  0.9333 
   00599    0.4475   -1515.8563  0.9384 
   00600    0.4300   -1516.2145  0.9326 
   00601    0.5150   -1514.1020  0.9301 
   00602    0.4500   -1513.5195  0.9287 
   00603    0.4300   -1519.1576  0.9312 
   00604    0.4850   -1517.5463  0.9301 
   00605    0.4750   -1524.3357  0.9368 
   00606    0.4600   -1518.3682  0.9324 
   00607    0.4675   -1514.3474  0.9336 
   00608    0.4575   -1506.3954  0.9343 
   00609    0.4150   -1505.5939  0.9383 
   00610    0.4950   -1517.6200  0.9469 
   00611    0.4400   -1521.6580  0.9493 
   00612    0.4275   -1517.2034  0.9457 
   00613    0.4950   -1525.5300  0.9458 
   00614    0.4625   -1519.0485  0.9449 
   00615    0.4600   -1518.8867  0.9471 
   00616    0.4750   -1517.5244  0.9430 
   00617    0.4575   -1520.1794  0.9443 
   00618    0.4775   -1518.3023  0.9453 
   00619    0.4350   -1515.1732  0.9427 
   00620    0.4825   -1510.0043  0.9398 
   00621    0.4700   -1506.6367  0.9381 
   00622    0.4575   -1514.2314  0.9410 
   00623    0.4400   -1516.4947  0.9384 
   00624    0.4925   -1514.1871  0.9388 
   00625    0.4900   -1504.1655  0.9367 
   00626    0.4550   -1506.7345  0.9367 
   00627    0.5125   -1507.9009  0.9373 
   00628    0.4475   -1506.0715  0.9365 
   00629    0.4575   -1511.8368  0.9395 
   00630    0.4250   -1515.6359  0.9383 
   00631    0.4200   -1520.6576  0.9369 
   00632    0.4750   -1520.4160  0.9365 
   00633    0.4200   -1513.9387  0.9323 
   00634    0.4650   -1510.2537  0.9268 
   00635    0.4700   -1512.1691  0.9279 
   00636    0.4525   -1512.2675  0.9311 
   00637    0.4500   -1522.2040  0.9333 
   00638    0.4600   -1517.1144  0.9328 
   00639    0.4225   -1525.7607  0.9361 
   00640    0.4675   -1521.5287  0.9342 
   00641    0.4550   -1516.4996  0.9336 
   00642    0.4500   -1512.1921  0.9294 
   00643    0.4875   -1510.1130  0.9238 
   00644    0.4775   -1510.6779  0.9275 
   00645    0.4650   -1510.9673  0.9249 
   00646    0.4650   -1510.4578  0.9239 
   00647    0.4500   -1506.3816  0.9171 
   00648    0.4175   -1511.6213  0.9202 
   00649    0.4375   -1516.5654  0.9207 
   00650    0.4800   -1518.1097  0.9149 
   00651    0.4500   -1520.9044  0.9205 
   00652    0.4150   -1514.0158  0.9268 
   00653    0.4950   -1520.3065  0.9336 
   00654    0.5075   -1522.3995  0.9350 
   00655    0.4150   -1521.3179  0.9349 
   00656    0.4350   -1515.0691  0.9340 
   00657    0.4550   -1522.1674  0.9341 
   00658    0.4950   -1521.3810  0.9380 
   00659    0.3975   -1522.8294  0.9350 
   00660    0.4725   -1518.1879  0.9335 
   00661    0.4625   -1514.0805  0.9283 
   00662    0.4550   -1514.2365  0.9325 
   00663    0.4800   -1506.6406  0.9314 
   00664    0.4725   -1514.6762  0.9314 
   00665    0.4600   -1516.3884  0.9354 
   00666    0.4575   -1525.5047  0.9400 
   00667    0.4700   -1526.4171  0.9430 
   00668    0.4600   -1528.3441  0.9440 
   00669    0.4500   -1520.2464  0.9399 
   00670    0.4625   -1518.4828  0.9379 
   00671    0.5025   -1521.7175  0.9394 
   00672    0.4475   -1519.2906  0.9362 
   00673    0.4450   -1520.3152  0.9325 
   00674    0.4550   -1519.5678  0.9336 
   00675    0.4850   -1516.6086  0.9344 
   00676    0.4975   -1516.1485  0.9339 
   00677    0.5050   -1516.2262  0.9284 
   00678    0.4625   -1515.6714  0.9278 
   00679    0.4950   -1514.3972  0.9249 
   00680    0.4475   -1514.9129  0.9190 
   00681    0.4250   -1511.1198  0.9233 
   00682    0.4375   -1506.4298  0.9208 
   00683    0.4925   -1505.4508  0.9192 
   00684    0.4925   -1512.5481  0.9187 
   00685    0.4750   -1514.7748  0.9247 
   00686    0.4700   -1517.7842  0.9280 
   00687    0.5200   -1525.5138  0.9281 
   00688    0.4600   -1521.1420  0.9288 
   00689    0.4200   -1521.5560  0.9292 
   00690    0.4800   -1522.2170  0.9275 
   00691    0.4525   -1521.4414  0.9290 
   00692    0.5000   -1516.2213  0.9282 
   00693    0.4750   -1513.9763  0.9284 
   00694    0.4825   -1510.7927  0.9274 
   00695    0.4750   -1510.6091  0.9273 
   00696    0.5000   -1504.3661  0.9212 
   00697    0.4325   -1509.6671  0.9249 
   00698    0.4050   -1506.9515  0.9247 
   00699    0.4425   -1511.7106  0.9277 
   00700    0.4650   -1514.8181  0.9300 
   00701    0.4650   -1520.0269  0.9274 
   00702    0.4925   -1520.5687  0.9301 
   00703    0.4625   -1516.5888  0.9252 
   00704    0.4250   -1516.4031  0.9241 
   00705    0.4350   -1510.9630  0.9239 
   00706    0.4700   -1513.6357  0.9225 
   00707    0.4275   -1515.3754  0.9240 
   00708    0.4775   -1511.6973  0.9124 
   00709    0.4325   -1511.1500  0.9137 
   00710    0.4275   -1508.5048  0.9184 
   00711    0.4200   -1504.3451  0.9136 
   00712    0.4875   -1508.4318  0.9085 
   00713    0.4400   -1508.7337  0.9047 
   00714    0.4500   -1516.6571  0.9120 
   00715    0.4500   -1517.2581  0.9179 
   00716    0.4450   -1515.4471  0.9130 
   00717    0.4750   -1513.8473  0.9106 
   00718    0.4825   -1512.2684  0.9110 
   00719    0.4900   -1519.7853  0.9155 
   00720    0.4625   -1525.8213  0.9199 
   00721    0.4350   -1524.3246  0.9176 
   00722    0.4775   -1521.1552  0.9210 
   00723    0.4875   -1520.9673  0.9194 
   00724    0.4850   -1516.9508  0.9192 
   00725    0.4400   -1522.7190  0.9210 
   00726    0.4450   -1518.6692  0.9179 
   00727    0.4725   -1519.9504  0.9177 
   00728    0.4650   -1517.4274  0.9171 
   00729    0.4625   -1516.4563  0.9171 
   00730    0.4375   -1515.0897  0.9157 
   00731    0.4325   -1510.3100  0.9117 
   00732    0.4350   -1512.1009  0.9145 
   00733    0.4775   -1512.8439  0.9187 
   00734    0.4150   -1516.7668  0.9200 
   00735    0.4600   -1518.5506  0.9195 
   00736    0.4625   -1514.3105  0.9207 
   00737    0.4775   -1517.2640  0.9268 
   00738    0.4575   -1515.1764  0.9319 
   00739    0.4750   -1514.5793  0.9322 
   00740    0.4600   -1515.1941  0.9314 
   00741    0.4550   -1518.7400  0.9305 
   00742    0.4975   -1517.0824  0.9302 
   00743    0.4425   -1518.7323  0.9281 
   00744    0.5000   -1515.3701  0.9276 
   00745    0.4575   -1514.8039  0.9329 
   00746    0.4450   -1509.9334  0.9337 
   00747    0.4775   -1512.5152  0.9327 
   00748    0.4100   -1510.2675  0.9308 
   00749    0.4575   -1514.8994  0.9313 
   00750    0.5025   -1514.9307  0.9268 
   00751    0.4450   -1512.4769  0.9261 
   00752    0.4600   -1509.6640  0.9257 
   00753    0.4600   -1513.7936  0.9219 
   00754    0.4600   -1514.8940  0.9240 
   00755    0.4675   -1519.6339  0.9253 
   00756    0.4550   -1515.8445  0.9236 
   00757    0.4825   -1520.1344  0.9234 
   00758    0.4425   -1520.9086  0.9266 
   00759    0.4625   -1520.9594  0.9278 
   00760    0.4775   -1520.0148  0.9235 
   00761    0.4450   -1523.5623  0.9260 
   00762    0.4475   -1516.8871  0.9209 
   00763    0.4600   -1520.5407  0.9238 
   00764    0.4850   -1518.4894  0.9296 
   00765    0.4300   -1515.5046  0.9276 
   00766    0.4525   -1517.6236  0.9289 
   00767    0.4400   -1519.6186  0.9331 
   00768    0.4225   -1519.6863  0.9356 
   00769    0.4875   -1520.8649  0.9383 
   00770    0.4900   -1514.6030  0.9378 
   00771    0.4700   -1509.1416  0.9353 
   00772    0.4625   -1509.6007  0.9368 
   00773    0.4650   -1509.0554  0.9358 
   00774    0.4425   -1509.4829  0.9346 
   00775    0.4900   -1502.8049  0.9361 
   00776    0.5025   -1505.8091  0.9374 
   00777    0.4550   -1512.4718  0.9403 
   00778    0.4525   -1513.9312  0.9383 
   00779    0.4475   -1513.7609  0.9344 
   00780    0.5150   -1511.2662  0.9303 
   00781    0.4450   -1501.0801  0.9295 
   00782    0.4650   -1514.1372  0.9328 
   00783    0.4525   -1513.9208  0.9337 
   00784    0.4550   -1516.6663  0.9332 
   00785    0.4400   -1525.3892  0.9374 
   00786    0.4675   -1521.9975  0.9377 
   00787    0.4525   -1521.1430  0.9401 
   00788    0.4175   -1519.4057  0.9357 
   00789    0.4725   -1522.6086  0.9373 
   00790    0.4450   -1526.8900  0.9383 
   00791    0.4675   -1524.8169  0.9419 
   00792    0.4750   -1515.4682  0.9390 
   00793    0.4525   -1516.2983  0.9373 
   00794    0.5125   -1525.8441  0.9435 
   00795    0.4400   -1526.8706  0.9459 
   00796    0.4800   -1530.1084  0.9444 
   00797    0.4550   -1529.5711  0.9431 
   00798    0.4450   -1534.1049  0.9484 
   00799    0.4800   -1526.4101  0.9454 
   00800    0.4725   -1519.1727  0.9425 
   00801    0.5100   -1520.0356  0.9491 
   00802    0.4525   -1521.4983  0.9499 
   00803    0.4450   -1508.5849  0.9466 
   00804    0.4875   -1511.3066  0.9460 
   00805    0.4725   -1513.5197  0.9478 
   00806    0.4775   -1512.2322  0.9483 
   00807    0.4875   -1508.8403  0.9473 
   00808    0.4525   -1510.4108  0.9470 
   00809    0.4550   -1514.1858  0.9459 
   00810    0.4025   -1518.9734  0.9496 
   00811    0.4425   -1516.5199  0.9478 
   00812    0.5075   -1518.0198  0.9499 
   00813    0.4775   -1521.3868  0.9503 
   00814    0.4725   -1525.0806  0.9521 
   00815    0.5050   -1527.1648  0.9511 
   00816    0.4825   -1524.5088  0.9512 
   00817    0.4800   -1521.9590  0.9510 
   00818    0.4450   -1519.3833  0.9462 
   00819    0.4725   -1520.1742  0.9474 
   00820    0.4925   -1518.1516  0.9493 
   00821    0.4525   -1520.7423  0.9509 
   00822    0.4400   -1518.0643  0.9512 
   00823    0.4925   -1521.0648  0.9546 
   00824    0.4800   -1508.1005  0.9506 
   00825    0.4900   -1505.4293  0.9485 
   00826    0.4675   -1502.7152  0.9437 
   00827    0.4800   -1501.6177  0.9436 
   00828    0.4275   -1504.4372  0.9432 
   00829    0.4800   -1513.0844  0.9472 
   00830    0.4750   -1511.9877  0.9445 
   00831    0.4575   -1513.5617  0.9458 
   00832    0.4475   -1513.4324  0.9464 
   00833    0.4825   -1522.6053  0.9480 
   00834    0.4950   -1521.1516  0.9496 
   00835    0.4500   -1521.6073  0.9495 
   00836    0.4500   -1520.2602  0.9467 
   00837    0.4625   -1521.9840  0.9480 
   00838    0.4675   -1522.9721  0.9499 
   00839    0.4600   -1523.1457  0.9480 
   00840    0.4475   -1524.4770  0.9484 
   00841    0.4600   -1519.8207  0.9461 
   00842    0.4950   -1520.0077  0.9469 
   00843    0.4675   -1517.0963  0.9444 
   00844    0.4625   -1514.8182  0.9439 
   00845    0.4225   -1513.1157  0.9441 
   00846    0.5425   -1522.4787  0.9502 
   00847    0.4425   -1515.0753  0.9490 
   00848    0.4700   -1519.2737  0.9520 
   00849    0.4550   -1519.0477  0.9510 
   00850    0.4400   -1521.0392  0.9502 
   00851    0.4725   -1516.5231  0.9464 
   00852    0.4650   -1519.7647  0.9462 
   00853    0.4675   -1521.1383  0.9456 
   00854    0.4675   -1521.6410  0.9432 
   00855    0.4375   -1520.9389  0.9477 
   00856    0.4950   -1524.5989  0.9475 
   00857    0.4475   -1526.8560  0.9477 
   00858    0.5075   -1524.4360  0.9500 
   00859    0.4950   -1529.6790  0.9497 
   00860    0.4300   -1523.3345  0.9457 
   00861    0.4125   -1528.2648  0.9466 
   00862    0.4725   -1516.9552  0.9410 
   00863    0.4875   -1516.6399  0.9397 
   00864    0.4350   -1524.7147  0.9450 
   00865    0.4450   -1524.3518  0.9463 
   00866    0.4525   -1522.4162  0.9420 
   00867    0.4400   -1523.3214  0.9476 
   00868    0.4925   -1518.9081  0.9443 
   00869    0.4425   -1512.4064  0.9430 
   00870    0.4375   -1513.2039  0.9434 
   00871    0.4300   -1514.5541  0.9433 
   00872    0.5075   -1513.1239  0.9446 
   00873    0.4925   -1513.2700  0.9423 
   00874    0.4600   -1522.7025  0.9474 
   00875    0.4700   -1519.3658  0.9463 
   00876    0.4575   -1519.7015  0.9454 
   00877    0.4450   -1513.9949  0.9463 
   00878    0.4625   -1514.4484  0.9444 
   00879    0.3875   -1517.1667  0.9467 
   00880    0.4775   -1521.0851  0.9482 
   00881    0.4750   -1518.9619  0.9482 
   00882    0.4850   -1516.7261  0.9487 
   00883    0.4775   -1518.4990  0.9510 
   00884    0.4750   -1522.1191  0.9512 
   00885    0.4800   -1519.9965  0.9497 
   00886    0.4400   -1515.9063  0.9454 
   00887    0.4950   -1513.3677  0.9479 
   00888    0.4150   -1512.2088  0.9438 
   00889    0.4225   -1509.6882  0.9400 
   00890    0.5275   -1511.9087  0.9430 
   00891    0.4800   -1509.3726  0.9416 
   00892    0.4950   -1523.0786  0.9456 
   00893    0.4475   -1518.0512  0.9446 
   00894    0.4550   -1521.2689  0.9468 
   00895    0.4600   -1515.9264  0.9475 
   00896    0.4550   -1515.3283  0.9443 
   00897    0.4800   -1517.0978  0.9470 
   00898    0.5050   -1520.0210  0.9472 
   00899    0.4825   -1520.8014  0.9492 
   00900    0.4675   -1522.2439  0.9507 
   00901    0.4475   -1520.5343  0.9507 
   00902    0.4225   -1525.4375  0.9526 
   00903    0.4950   -1525.8597  0.9508 
   00904    0.4600   -1521.1337  0.9514 
   00905    0.4800   -1518.9911  0.9497 
   00906    0.4675   -1525.9153  0.9519 
   00907    0.4625   -1526.9540  0.9500 
   00908    0.4575   -1524.0578  0.9461 
   00909    0.4775   -1525.5961  0.9452 
   00910    0.4500   -1525.4808  0.9466 
   00911    0.4175   -1528.0910  0.9491 
   00912    0.4650   -1526.2095  0.9471 
   00913    0.4575   -1527.3643  0.9473 
   00914    0.4475   -1527.9775  0.9469 
   00915    0.4500   -1524.9038  0.9428 
   00916    0.4750   -1516.1422  0.9377 
   00917    0.4875   -1511.4290  0.9339 
   00918    0.4525   -1511.4191  0.9330 
   00919    0.4650   -1513.1185  0.9339 
   00920    0.4475   -1513.0134  0.9333 
   00921    0.4650   -1522.2942  0.9344 
   00922    0.4775   -1513.1215  0.9337 
   00923    0.4600   -1514.1705  0.9339 
   00924    0.4575   -1516.7178  0.9364 
   00925    0.4875   -1516.0988  0.9351 
   00926    0.4975   -1510.5011  0.9331 
   00927    0.4275   -1512.2182  0.9340 
   00928    0.4750   -1506.3609  0.9337 
   00929    0.4650   -1508.8353  0.9334 
   00930    0.4075   -1510.1393  0.9338 
   00931    0.4800   -1510.9080  0.9333 
   00932    0.4900   -1507.5019  0.9377 
   00933    0.4600   -1504.9212  0.9350 
   00934    0.4775   -1513.4785  0.9383 
   00935    0.4600   -1510.8708  0.9368 
   00936    0.4675   -1514.5949  0.9363 
   00937    0.4825   -1514.2258  0.9337 
   00938    0.4825   -1515.5867  0.9306 
   00939    0.4250   -1508.6742  0.9324 
   00940    0.4550   -1509.7508  0.9375 
   00941    0.4475   -1511.4013  0.9363 
   00942    0.4625   -1508.8503  0.9318 
   00943    0.4550   -1511.3735  0.9292 
   00944    0.3875   -1513.9649  0.9279 
   00945    0.4600   -1512.7596  0.9340 
   00946    0.4525   -1507.5502  0.9332 
   00947    0.4750   -1505.0730  0.9303 
   00948    0.4550   -1507.4097  0.9286 
   00949    0.4675   -1508.2045  0.9269 
   00950    0.4775   -1508.7861  0.9248 
   00951    0.5100   -1509.4726  0.9263 
   00952    0.4500   -1510.3307  0.9294 
   00953    0.4675   -1507.1586  0.9307 
   00954    0.4875   -1511.9440  0.9363 
   00955    0.4975   -1515.8430  0.9422 
   00956    0.4100   -1519.3993  0.9415 
   00957    0.4550   -1518.2127  0.9392 
   00958    0.4225   -1515.2747  0.9385 
   00959    0.4825   -1511.1512  0.9349 
   00960    0.4350   -1513.9443  0.9376 
   00961    0.5300   -1514.1649  0.9378 
   00962    0.4600   -1511.9662  0.9371 
   00963    0.4950   -1508.4940  0.9384 
   00964    0.4975   -1511.6088  0.9346 
   00965    0.5000   -1514.8108  0.9394 
   00966    0.4850   -1515.5507  0.9405 
   00967    0.4725   -1506.0616  0.9362 
   00968    0.4275   -1509.3673  0.9355 
   00969    0.4500   -1510.7138  0.9352 
   00970    0.4950   -1510.1452  0.9359 
   00971    0.4350   -1512.5435  0.9350 
   00972    0.5025   -1507.9725  0.9296 
   00973    0.4750   -1510.3469  0.9305 
   00974    0.4150   -1514.5560  0.9315 
   00975    0.4600   -1518.7750  0.9286 
   00976    0.4500   -1513.8957  0.9271 
   00977    0.4525   -1517.6969  0.9314 
   00978    0.4250   -1518.9064  0.9329 
   00979    0.4750   -1520.6719  0.9365 
   00980    0.4225   -1517.8752  0.9330 
   00981    0.4875   -1520.9809  0.9374 
   00982    0.5075   -1513.3507  0.9340 
   00983    0.4925   -1519.6994  0.9370 
   00984    0.4800   -1522.3458  0.9418 
   00985    0.4725   -1519.3487  0.9371 
   00986    0.4350   -1524.4560  0.9375 
   00987    0.4950   -1516.7458  0.9318 
   00988    0.5050   -1513.7750  0.9294 
   00989    0.4875   -1514.7681  0.9295 
   00990    0.4325   -1511.4223  0.9303 
   00991    0.4475   -1505.8613  0.9304 
   00992    0.4225   -1504.1328  0.9302 
   00993    0.4725   -1513.0475  0.9330 
   00994    0.4800   -1516.6745  0.9319 
   00995    0.4650   -1515.3921  0.9378 
   00996    0.5025   -1511.9104  0.9354 
   00997    0.4300   -1513.3088  0.9378 
   00998    0.4975   -1505.3746  0.9345 
   00999    0.4550   -1510.4508  0.9377 
   01000    0.5025   -1509.1308  0.9351 
