#=====================================================
# File created:        Wed-05-Nov-2025-at-03-14-12AM
# Size of lattice:     20x20
# Number of MC steps:  1000
# Reduced temperature: 0.050
# Run time (s):        7.846594
#=====================================================
# MC step:  Ratio:     Energy:   Order:
#=====================================================
   00000    0.5000    -428.0712  0.2730 
   00001    0.6125    -503.2607  0.2798 
   00002    0.6000    -580.6482  0.2913 
   00003    0.6050    -659.6383  0.3074 
   00004    0.5825    -727.1919  0.3178 
   00005    0.5800    -799.6283  0.3256 
   00006    0.6125    -863.8590  0.3463 
   00007    0.5875    -910.5816  0.3504 
   00008    0.5450    -954.2508  0.3566 
   00009    0.5825    -991.3055  0.3633 
   00010    0.5625   -1027.8205  0.3666 
   00011    0.5375   -1059.2658  0.3667 
   00012    0.5625   -1087.7604  0.3695 
   00013    0.5200   -1107.1572  0.3763 
   00014    0.5500   -1124.9482  0.3796 
   00015    0.5700   -1150.4052  0.3840 
   00016    0.4875   -1165.8189  0.3920 
   00017    0.5575   -1183.2283  0.3989 
   00018    0.5175   -1194.5878  0.3986 
   00019    0.5350   -1209.8465  0.3989 
   00020    0.4875   -1226.4768  0.4105 
   00021    0.5150   -1241.0018  0.4119 
   00022    0.5400   -1251.8912  0.4194 
   00023    0.5500   -1262.1783  0.4221 
   00024    0.4825   -1277.1781  0.4258 
   00025    0.4800   -1284.7979  0.4358 
   00026    0.5100   -1295.6045  0.4428 
   00027    0.5075   -1309.8479  0.4420 
   00028    0.5025   -1319.6267  0.4492 
   00029    0.5150   -1331.4579  0.4530 
   00030    0.4950   -1339.8280  0.4536 
   00031    0.4875   -1347.5802  0.4576 
   00032    0.4925   -1354.8537  0.4589 
   00033    0.4575   -1364.8236  0.4652 
   00034    0.5050   -1379.9795  0.4693 
   00035    0.5000   -1387.6778  0.4757 
   00036    0.4325   -1396.7316  0.4836 
   00037    0.4875   -1407.3639  0.4810 
   00038    0.5000   -1412.4637  0.4837 
   00039    0.4825   -1419.1320  0.4919 
   00040    0.4875   -1424.3830  0.4916 
   00041    0.4800   -1430.0741  0.4989 
   00042    0.5050   -1434.0432  0.4975 
   00043    0.4700   -1441.1826  0.5016 
   00044    0.4825   -1444.9392  0.5048 
   00045    0.5000   -1451.7751  0.5072 
   00046    0.4875   -1452.6247  0.5103 
   00047    0.4725   -1458.4548  0.5147 
   00048    0.4725   -1461.4549  0.5125 
   00049    0.4500   -1465.1392  0.5195 
   00050    0.4650   -1468.1371  0.5275 
   00051    0.4700   -1470.9604  0.5333 
   00052    0.4900   -1472.7812  0.5360 
   00053    0.4825   -1474.6276  0.5407 
   00054    0.4600   -1477.9415  0.5482 
   00055    0.5125   -1479.0310  0.5540 
   00056    0.4725   -1480.2398  0.5552 
   00057    0.4500   -1480.5453  0.5599 
   00058    0.4475   -1484.8511  0.5647 
   00059    0.5000   -1487.2578  0.5642 
   00060    0.5225   -1487.3794  0.5627 
   00061    0.4950   -1487.2751  0.5623 
   00062    0.4900   -1487.9145  0.5632 
   00063    0.4625   -1489.1934  0.5665 
   00064    0.4475   -1489.1655  0.5723 
   00065    0.4825   -1490.8118  0.5823 
   00066    0.4350   -1491.2706  0.5817 
   00067    0.4325   -1492.0595  0.5854 
   00068    0.4425   -1492.7449  0.5890 
   00069    0.4275   -1494.9160  0.5934 
   00070    0.4850   -1495.6016  0.5945 
   00071    0.4375   -1495.6861  0.5986 
   00072    0.4675   -1495.6242  0.5994 
   00073    0.4900   -1496.8834  0.6043 
   00074    0.5050   -1497.8549  0.6086 
   00075    0.4650   -1498.8644  0.6153 
   00076    0.4975   -1499.1553  0.6170 
   00077    0.4525   -1498.7515  0.6264 
   00078    0.4925   -1499.3275  0.6242 
   00079    0.4750   -1499.7004  0.6297 
   00080    0.4625   -1500.1461  0.6282 
   00081    0.4450   -1499.8869  0.6277 
   00082    0.4575   -1499.8464  0.6342 
   00083    0.4600   -1497.6540  0.6359 
   00084    0.4275   -1498.9619  0.6437 
   00085    0.4400   -1500.2576  0.6495 
   00086    0.4725   -1501.3579  0.6503 
   00087    0.4800   -1501.2756  0.6529 
   00088    0.4975   -1501.0678  0.6526 
   00089    0.4575   -1500.5099  0.6597 
   00090    0.4675   -1501.5403  0.6574 
   00091    0.4850   -1501.2543  0.6631 
   00092    0.4750   -1500.4210  0.6582 
   00093    0.4475   -1500.9190  0.6603 
   00094    0.5050   -1500.0445  0.6589 
   00095    0.4850   -1502.1745  0.6606 
   00096    0.5175   -1504.4367  0.6618 
   00097    0.5050   -1502.9994  0.6623 
   00098    0.4400   -1504.3143  0.6608 
   00099    0.4900   -1503.9563  0.6632 
   00100    0.4950   -1504.8360  0.6631 
   00101    0.4725   -1504.6346  0.6656 
   00102    0.4950   -1505.6817  0.6675 
   00103    0.4900   -1504.3291  0.6642 
   00104    0.4650   -1503.8933  0.6652 
   00105    0.4625   -1504.9034  0.6686 
   00106    0.4500   -1505.4252  0.6757 
   00107    0.5125   -1505.7575  0.6719 
   00108    0.4575   -1505.9266  0.6714 
   00109    0.4350   -1505.6250  0.6726 
   00110    0.4575   -1505.6035  0.6720 
   00111    0.4600   -1508.9914  0.6741 
   00112    0.4825   -1510.7638  0.6777 
   00113    0.4300   -1511.7178  0.6815 
   00114    0.4300   -1513.0513  0.6889 
   00115    0.5025   -1512.0483  0.6948 
   00116    0.4225   -1511.8306  0.6998 
   00117    0.4775   -1514.2178  0.7013 
   00118    0.4550   -1516.3962  0.7108 
   00119    0.4575   -1519.0413  0.7115 
   00120    0.5025   -1520.6661  0.7188 
   00121    0.4550   -1523.3256  0.7224 
   00122    0.4650   -1522.5527  0.7262 
   00123    0.4825   -1522.0928  0.7272 
   00124    0.4900   -1521.1672  0.7297 
   00125    0.4775   -1523.1969  0.7310 
   00126    0.4675   -1522.5670  0.7330 
   00127    0.4775   -1521.5786  0.7378 
   00128    0.4825   -1521.4556  0.7359 
   00129    0.4950   -1522.4686  0.7355 
   00130    0.4750   -1521.4859  0.7413 
   00131    0.4775   -1522.9090  0.7477 
   00132    0.4775   -1522.2424  0.7463 
   00133    0.5075   -1522.0387  0.7478 
   00134    0.4600   -1521.3461  0.7517 
   00135    0.4900   -1522.7995  0.7540 
   00136    0.4950   -1521.2883  0.7560 
   00137    0.4725   -1523.8509  0.7568 
   00138    0.4950   -1524.3381  0.7572 
   00139    0.5300   -1525.7393  0.7568 
   00140    0.4750   -1525.4929  0.7571 
   00141    0.4475   -1525.8282  0.7602 
   00142    0.4625   -1526.7459  0.7641 
   00143    0.4325   -1528.1315  0.7666 
   00144    0.4925   -1527.2096  0.7657 
   00145    0.4800   -1528.0799  0.7651 
   00146    0.4675   -1526.6913  0.7647 
   00147    0.4425   -1526.4488  0.7677 
   00148    0.4175   -1526.2492  0.7685 
   00149    0.4725   -1526.2909  0.7706 
   00150    0.4700   -1527.0886  0.7692 
   00151    0.4550   -1527.4164  0.7733 
   00152    0.4975   -1527.0872  0.7758 
   00153    0.4675   -1526.9425  0.7778 
   00154    0.4325   -1527.6257  0.7774 
   00155    0.4325   -1529.4852  0.7832 
   00156    0.4475   -1528.7238  0.7852 
   00157    0.4600   -1529.9175  0.7864 
   00158    0.4925   -1531.3215  0.7890 
   00159    0.4425   -1530.9193  0.7898 
   00160    0.4525   -1532.7972  0.7909 
   00161    0.5175   -1531.8066  0.7932 
   00162    0.4475   -1531.3023  0.7942 
   00163    0.4500   -1531.6409  0.7946 
   00164    0.4575   -1532.3759  0.7970 
   00165    0.4725   -1532.5419  0.7998 
   00166    0.4325   -1532.0160  0.8006 
   00167    0.4200   -1533.1181  0.8045 
   00168    0.4850   -1532.4350  0.8096 
   00169    0.4625   -1532.3465  0.8085 
   00170    0.4925   -1532.9257  0.8088 
   00171    0.4550   -1533.5297  0.8144 
   00172    0.4675   -1533.0985  0.8184 
   00173    0.5000   -1534.4372  0.8215 
   00174    0.4500   -1535.0719  0.8226 
   00175    0.4500   -1534.1400  0.8243 
   00176    0.4475   -1534.5295  0.8265 
   00177    0.4525   -1535.6812  0.8268 
   00178    0.4650   -1537.6755  0.8307 
   00179    0.4450   -1536.3678  0.8357 
   00180    0.4475   -1536.9121  0.8383 
   00181    0.4300   -1537.6836  0.8403 
   00182    0.4275   -1538.9991  0.8418 
   00183    0.4875   -1539.3266  0.8430 
   00184    0.4950   -1538.4271  0.8444 
   00185    0.4700   -1537.8523  0.8474 
   00186    0.4700   -1537.9386  0.8477 
   00187    0.4875   -1537.7698  0.8460 
   00188    0.4625   -1541.1998  0.8489 
   00189    0.4825   -1544.1206  0.8494 
   00190    0.4525   -1545.8522  0.8523 
   00191    0.4625   -1548.4427  0.8520 
   00192    0.4925   -1549.7782  0.8546 
   00193    0.4375   -1548.8611  0.8570 
   00194    0.4400   -1549.5302  0.8577 
   00195    0.4700   -1551.7725  0.8605 
   00196    0.4525   -1550.9928  0.8633 
   00197    0.4575   -1550.6591  0.8646 
   00198    0.4425   -1551.0041  0.8649 
   00199    0.4725   -1552.1798  0.8648 
   00200    0.4925   -1548.4084  0.8644 
   00201    0.4700   -1551.7331  0.8682 
   00202    0.4600   -1550.3958  0.8691 
   00203    0.4525   -1552.1617  0.8715 
   00204    0.4575   -1552.8044  0.8711 
   00205    0.4725   -1552.9228  0.8756 
   00206    0.4500   -1552.7639  0.8747 
   00207    0.4875   -1553.7968  0.8752 
   00208    0.4500   -1553.3416  0.8743 
   00209    0.4775   -1552.3542  0.8752 
   00210    0.4250   -1553.6779  0.8796 
   00211    0.4750   -1555.0530  0.8807 
   00212    0.4375   -1554.8440  0.8801 
   00213    0.4425   -1555.3072  0.8822 
   00214    0.4125   -1555.0082  0.8825 
   00215    0.4975   -1555.4701  0.8842 
   00216    0.4375   -1554.0345  0.8835 
   00217    0.4700   -1554.2803  0.8872 
   00218    0.4625   -1553.6848  0.8879 
   00219    0.4400   -1552.0235  0.8869 
   00220    0.4625   -1552.9426  0.8905 
   00221    0.4900   -1552.9144  0.8917 
   00222    0.4625   -1554.4215  0.8929 
   00223    0.4925   -1557.2211  0.8968 
   00224    0.4650   -1557.1945  0.8973 
   00225    0.4400   -1557.0596  0.8977 
   00226    0.5025   -1556.3874  0.8971 
   00227    0.4975   -1556.4605  0.9006 
   00228    0.4950   -1558.7367  0.9050 
   00229    0.4400   -1557.8215  0.9096 
   00230    0.4900   -1555.5969  0.9103 
   00231    0.4600   -1556.5140  0.9129 
   00232    0.4275   -1557.8939  0.9129 
   00233    0.4625   -1558.8408  0.9127 
   00234    0.4775   -1559.7910  0.9145 
   00235    0.4275   -1558.3571  0.9144 
   00236    0.4325   -1559.0276  0.9165 
   00237    0.4175   -1560.0173  0.9169 
   00238    0.4650   -1559.7035  0.9145 
   00239    0.4600   -1560.9727  0.9175 
   00240    0.4825   -1559.1040  0.9182 
   00241    0.4725   -1560.1004  0.9209 
   00242    0.4650   -1562.3352  0.9245 
   00243    0.4450   -1560.9112  0.9238 
   00244    0.4350   -1562.9699  0.9269 
   00245    0.5150   -1562.5518  0.9284 
   00246    0.5075   -1564.1565  0.9286 
   00247    0.4225   -1564.7933  0.9299 
   00248    0.5200   -1563.0633  0.9313 
   00249    0.4650   -1562.9039  0.9338 
   00250    0.4400   -1563.8979  0.9326 
   00251    0.4250   -1562.5172  0.9330 
   00252    0.4750   -1563.8272  0.9347 
   00253    0.4525   -1563.4350  0.9361 
   00254    0.4700   -1565.1567  0.9381 
   00255    0.4800   -1566.5431  0.9383 
   00256    0.4200   -1563.8112  0.9377 
   00257    0.4850   -1564.6669  0.9409 
   00258    0.4050   -1566.5620  0.9427 
   00259    0.4250   -1571.1823  0.9458 
   00260    0.4750   -1572.5991  0.9466 
   00261    0.4250   -1572.3157  0.9468 
   00262    0.4500   -1572.1031  0.9477 
   00263    0.4700   -1571.5827  0.9490 
   00264    0.4825   -1574.1023  0.9501 
   00265    0.4025   -1574.5676  0.9516 
   00266    0.4900   -1574.7615  0.9506 
   00267    0.4650   -1575.7322  0.9508 
   00268    0.4525   -1575.4201  0.9533 
   00269    0.4500   -1577.7539  0.9551 
   00270    0.4750   -1576.3284  0.9546 
   00271    0.4800   -1575.7581  0.9565 
   00272    0.4450   -1575.3409  0.9551 
   00273    0.4375   -1574.4968  0.9561 
   00274    0.4350   -1574.0906  0.9553 
   00275    0.4875   -1573.8934  0.9538 
   00276    0.4400   -1574.2488  0.9566 
   00277    0.4525   -1575.1350  0.9563 
   00278    0.4625   -1575.5222  0.9566 
   00279    0.4575   -1576.1622  0.9580 
   00280    0.4500   -1576.1227  0.9580 
   00281    0.4675   -1577.1469  0.9576 
   00282    0.4275   -1577.7610  0.9576 
   00283    0.4875   -1578.1036  0.9570 
   00284    0.4925   -1577.1384  0.9559 
   00285    0.4300   -1577.9827  0.9580 
   00286    0.4400   -1575.0264  0.9568 
   00287    0.4750   -1575.2308  0.9564 
   00288    0.4225   -1576.7847  0.9570 
   00289    0.4650   -1575.3833  0.9575 
   00290    0.4350   -1576.3356  0.9574 
   00291    0.4425   -1577.0282  0.9576 
   00292    0.5025   -1576.2738  0.9588 
   00293    0.4575   -1576.9291  0.9584 
   00294    0.4950   -1578.8082  0.9605 
   00295    0.4475   -1579.1176  0.9605 
   00296    0.4150   -1579.4614  0.9614 
   00297    0.4750   -1578.2380  0.9590 
   00298    0.4400   -1577.4296  0.9592 
   00299    0.4225   -1577.4054  0.9598 
   00300    0.4600   -1578.8384  0.9616 
   00301    0.4375   -1580.3965  0.9620 
   00302    0.4300   -1579.6573  0.9636 
   00303    0.4925   -1579.7594  0.9640 
   00304    0.4500   -1578.0466  0.9608 
   00305    0.4925   -1577.9555  0.9635 
   00306    0.4325   -1578.1082  0.9636 
   00307    0.4550   -1576.5169  0.9647 
   00308    0.4325   -1575.3632  0.9654 
   00309    0.4575   -1575.2533  0.9646 
   00310    0.4125   -1575.8116  0.9646 
   00311    0.4625   -1575.2474  0.9639 
   00312    0.4925   -1575.4581  0.9631 
   00313    0.4600   -1574.6958  0.9618 
   00314    0.4775   -1575.9552  0.9628 
   00315    0.4675   -1577.6603  0.9650 
   00316    0.4475   -1580.2258  0.9651 
   00317    0.4375   -1578.3220  0.9638 
   00318    0.4275   -1578.9734  0.9621 
   00319    0.4550   -1579.9380  0.9641 
   00320    0.4425   -1580.3303  0.9625 
   00321    0.4575   -1580.3683  0.9632 
   00322    0.4275   -1577.6581  0.9634 
   00323    0.4275   -1576.5484  0.9640 
   00324    0.4175   -1576.5787  0.9634 
   00325    0.4600   -1579.0196  0.9638 
   00326    0.4375   -1580.5831  0.9647 
   00327    0.4675   -1580.3184  0.9637 
   00328    0.4600   -1579.7489  0.9617 
   00329    0.4375   -1579.4893  0.9612 
   00330    0.4425   -1580.3525  0.9593 
   00331    0.4575   -1579.5416  0.9603 
   00332    0.4450   -1580.7264  0.9619 
   00333    0.4350   -1580.1589  0.9657 
   00334    0.4100   -1578.8547  0.9659 
   00335    0.4125   -1579.0447  0.9664 
   00336    0.5025   -1578.8362  0.9678 
   00337    0.4725   -1579.8676  0.9679 
   00338    0.4625   -1581.5010  0.9686 
   00339    0.5025   -1580.4338  0.9685 
   00340    0.4650   -1581.0763  0.9718 
   00341    0.4375   -1581.2844  0.9715 
   00342    0.4475   -1580.0248  0.9697 
   00343    0.4825   -1579.3622  0.9717 
   00344    0.4275   -1579.4680  0.9740 
   00345    0.4600   -1580.7314  0.9734 
   00346    0.4600   -1580.3436  0.9738 
   00347    0.4225   -1581.0261  0.9729 
   00348    0.4175   -1581.3674  0.9718 
   00349    0.4175   -1580.2567  0.9722 
   00350    0.4425   -1579.6800  0.9703 
   00351    0.4250   -1577.8415  0.9700 
   00352    0.4875   -1576.8085  0.9699 
   00353    0.4500   -1576.5586  0.9696 
   00354    0.4600   -1577.1077  0.9692 
   00355    0.4625   -1577.3993  0.9700 
   00356    0.4500   -1577.7794  0.9692 
   00357    0.4525   -1579.1177  0.9696 
   00358    0.4600   -1578.6119  0.9701 
   00359    0.4225   -1580.4428  0.9715 
   00360    0.4100   -1579.4966  0.9720 
   00361    0.4525   -1580.5205  0.9715 
   00362    0.4425   -1580.2471  0.9714 
   00363    0.4250   -1579.3362  0.9725 
   00364    0.4775   -1578.1977  0.9732 
   00365    0.4825   -1578.5998  0.9731 
   00366    0.4250   -1579.7383  0.9730 
   00367    0.5050   -1578.9462  0.9739 
   00368    0.4850   -1577.1163  0.9714 
   00369    0.4525   -1577.8752  0.9728 
   00370    0.4325   -1577.6188  0.9746 
   00371    0.4700   -1578.3522  0.9738 
   00372    0.4400   -1579.7742  0.9753 
   00373    0.4725   -1580.1665  0.9760 
   00374    0.4425   -1581.2335  0.9767 
   00375    0.4550   -1580.4293  0.9755 
   00376    0.4525   -1580.9354  0.9748 
   00377    0.4750   -1579.4894  0.9743 
   00378    0.4075   -1579.7129  0.9756 
   00379    0.4575   -1578.9716  0.9770 
   00380    0.4475   -1579.6001  0.9759 
   00381    0.4525   -1580.9883  0.9753 
   00382    0.4625   -1580.3408  0.9766 
   00383    0.4925   -1579.4120  0.9772 
   00384    0.4400   -1580.1277  0.9773 
   00385    0.4150   -1580.4308  0.9772 
   00386    0.4475   -1580.4055  0.9771 
   00387    0.5500   -1580.2528  0.9778 
   00388    0.4450   -1579.7669  0.9771 
   00389    0.4300   -1579.8021  0.9774 
   00390    0.5425   -1580.3989  0.9776 
   00391    0.4300   -1580.0181  0.9778 
   00392    0.4425   -1579.6752  0.9788 
   00393    0.4625   -1578.2362  0.9786 
   00394    0.4675   -1578.8852  0.9795 
   00395    0.4450   -1579.4842  0.9800 
   00396    0.5025   -1579.6905  0.9821 
   00397    0.4700   -1579.7375  0.9824 
   00398    0.4275   -1579.0007  0.9823 
   00399    0.4675   -1578.4261  0.9840 
   00400    0.4500   -1578.4453  0.9835 
   00401    0.4550   -1580.0857  0.9847 
   00402    0.4350   -1579.5043  0.9839 
   00403    0.4800   -1579.3494  0.9838 
   00404    0.4325   -1577.8293  0.9840 
   00405    0.4325   -1577.4322  0.9841 
   00406    0.4450   -1578.8409  0.9846 
   00407    0.4775   -1579.5782  0.9856 
   00408    0.4325   -1578.7844  0.9850 
   00409    0.4975   -1579.1540  0.9855 
   00410    0.4525   -1580.5564  0.9865 
   00411    0.4500   -1580.1667  0.9862 
   00412    0.4925   -1579.6114  0.9850 
   00413    0.4025   -1579.9900  0.9850 
   00414    0.4475   -1580.5383  0.9853 
   00415    0.4450   -1582.1986  0.9864 
   00416    0.4850   -1581.8759  0.9858 
   00417    0.4850   -1581.2831  0.9856 
   00418    0.4575   -1581.4101  0.9856 
   00419    0.4825   -1580.8965  0.9853 
   00420    0.4525   -1580.4222  0.9863 
   00421    0.4475   -1579.3491  0.9855 
   00422    0.4750   -1581.2097  0.9870 
   00423    0.4525   -1580.9661  0.9872 
   00424    0.4775   -1580.0476  0.9870 
   00425    0.4400   -1576.9200  0.9866 
   00426    0.4725   -1579.6754  0.9869 
   00427    0.4950   -1579.9640  0.9869 
   00428    0.4925   -1579.1558  0.9865 
   00429    0.4425   -1578.4741  0.9859 
   00430    0.4450   -1577.1314  0.9859 
   00431    0.4600   -1578.2347  0.9873 
   00432    0.4575   -1578.5377  0.9874 
   00433    0.4325   -1580.5136  0.9881 
   00434    0.4650   -1581.9543  0.9885 
   00435    0.4650   -1581.2169  0.9884 
   00436    0.4575   -1579.4877  0.9872 
   00437    0.4325   -1580.9953  0.9867 
   00438    0.4725   -1581.3224  0.9869 
   00439    0.4525   -1580.6376  0.9860 
   00440    0.4525   -1579.2019  0.9854 
   00441    0.4775   -1579.0656  0.9854 
   00442    0.4800   -1580.9894  0.9854 
   00443    0.4800   -1579.7190  0.9849 
   00444    0.4850   -1580.6702  0.9848 
   00445    0.4500   -1579.3772  0.9846 
   00446    0.4300   -1580.6966  0.9845 
   00447    0.4250   -1580.5435  0.9848 
   00448    0.4575   -1578.8214  0.9842 
   00449    0.4625   -1578.8372  0.9847 
   00450    0.4450   -1578.0390  0.9844 
   00451    0.4900   -1578.8875  0.9840 
   00452    0.4575   -1580.5704  0.9841 
   00453    0.5000   -1580.6851  0.9840 
   00454    0.4900   -1580.9691  0.9846 
   00455    0.4325   -1580.1400  0.9847 
   00456    0.4925   -1580.0656  0.9850 
   00457    0.4475   -1579.1596  0.9838 
   00458    0.4725   -1579.3105  0.9842 
   00459    0.4175   -1580.1579  0.9852 
   00460    0.4525   -1580.9860  0.9863 
   00461    0.4750   -1581.3499  0.9870 
   00462    0.4550   -1579.4429  0.9855 
   00463    0.4675   -1581.2297  0.9852 
   00464    0.4075   -1580.5276  0.9853 
   00465    0.4650   -1579.3991  0.9860 
   00466    0.4700   -1580.1874  0.9855 
   00467    0.4450   -1580.4988  0.9850 
   00468    0.4025   -1580.1712  0.9849 
   00469    0.4275   -1579.8477  0.9846 
   00470    0.4575   -1580.8212  0.9854 
   00471    0.4725   -1579.0403  0.9845 
   00472    0.4575   -1580.3781  0.9846 
   00473    0.4950   -1579.0247  0.9840 
   00474    0.4775   -1580.3437  0.9837 
   00475    0.4450   -1580.7204  0.9836 
   00476    0.4775   -1580.9598  0.9831 
   00477    0.4650   -1579.7692  0.9818 
   00478    0.4200   -1579.1908  0.9818 
   00479    0.4975   -1581.4697  0.9833 
   00480    0.4325   -1582.6430  0.9839 
   00481    0.4475   -1583.6914  0.9844 
   00482    0.4675   -1581.2195  0.9849 
   00483    0.5050   -1580.0239  0.9847 
   00484    0.4725   -1580.2155  0.9844 
   00485    0.4925   -1580.6282  0.9846 
   00486    0.4675   -1578.3581  0.9845 
   00487    0.4900   -1579.1541  0.9850 
   00488    0.4725   -1578.7240  0.9854 
   00489    0.4200   -1579.1625  0.9845 
   00490    0.4350   -1579.3328  0.9833 
   00491    0.4650   -1577.7134  0.9828 
   00492    0.4700   -1579.5990  0.9829 
   00493    0.4125   -1579.3949  0.9825 
   00494    0.4500   -1578.0643  0.9829 
   00495    0.4375   -1578.5963  0.9834 
   00496    0.4675   -1579.9580  0.9836 
   00497    0.4650   -1580.2514  0.9835 
   00498    0.4375   -1579.8776  0.9841 
   00499    0.4575   -1580.7385  0.9844 
   00500    0.4375   -1580.0773  0.9832 
   00501    0.4450   -1579.3898  0.9842 
   00502    0.4175   -1578.6879  0.9846 
   00503    0.4425   -1578.8985  0.9844 
   00504    0.4375   -1580.3501  0.9856 
   00505    0.4650   -1579.8935  0.9853 
   00506    0.4375   -1580.7418  0.9845 
   00507    0.4850   -1578.1190  0.9830 
   00508    0.4675   -1578.6114  0.9830 
   00509    0.4325   -1579.4662  0.9831 
   00510    0.4250   -1578.8328  0.9834 
   00511    0.4725   -1578.9591  0.9828 
   00512    0.4525   -1581.1628  0.9834 
   00513    0.4525   -1581.4679  0.9840 
   00514    0.4175   -1580.8933  0.9831 
   00515    0.4500   -1579.8717  0.9831 
   00516    0.4575   -1581.1080  0.9842 
   00517    0.4575   -1580.4481  0.9840 
   00518    0.4725   -1580.8772  0.9833 
   00519    0.4550   -1581.0484  0.9833 
   00520    0.4250   -1581.2311  0.9848 
   00521    0.4850   -1579.2941  0.9840 
   00522    0.4575   -1580.0210  0.9840 
   00523    0.4300   -1580.5917  0.9848 
   00524    0.4275   -1578.8484  0.9834 
   00525    0.5025   -1578.6911  0.9828 
   00526    0.4150   -1578.6787  0.9822 
   00527    0.4575   -1579.1440  0.9816 
   00528    0.4550   -1578.9841  0.9819 
   00529    0.4325   -1579.9160  0.9820 
   00530    0.4650   -1578.5359  0.9831 
   00531    0.4550   -1578.5361  0.9834 
   00532    0.4525   -1580.5410  0.9843 
   00533    0.4750   -1581.0164  0.9850 
   00534    0.4450   -1579.9805  0.9843 
   00535    0.4550   -1580.1962  0.9837 
   00536    0.4300   -1578.2376  0.9824 
   00537    0.4700   -1577.7348  0.9823 
   00538    0.5000   -1576.5232  0.9821 
   00539    0.4900   -1577.7190  0.9818 
   00540    0.4600   -1577.7747  0.9818 
   00541    0.4625   -1579.2581  0.9824 
   00542    0.4800   -1578.6960  0.9824 
   00543    0.4875   -1579.5252  0.9820 
   00544    0.4350   -1579.7017  0.9819 
   00545    0.4525   -1581.2387  0.9827 
   00546    0.4525   -1579.6600  0.9828 
   00547    0.4875   -1578.7717  0.9823 
   00548    0.4550   -1579.4977  0.9833 
   00549    0.5050   -1577.4971  0.9831 
   00550    0.4475   -1575.5272  0.9819 
   00551    0.4925   -1576.3875  0.9824 
   00552    0.4600   -1577.9640  0.9823 
   00553    0.4350   -1578.8323  0.9825 
   00554    0.4400   -1579.0030  0.9827 
   00555    0.4525   -1581.0557  0.9841 
   00556    0.4550   -1579.3576  0.9842 
   00557    0.4200   -1580.1098  0.9846 
   00558    0.4325   -1580.8926  0.9850 
   00559    0.4775   -1580.3662  0.9851 
   00560    0.4225   -1579.5475  0.9840 
   00561    0.4700   -1576.6440  0.9833 
   00562    0.4675   -1578.9825  0.9844 
   00563    0.4525   -1578.8644  0.9844 
   00564    0.5050   -1579.6464  0.9852 
   00565    0.4350   -1580.5695  0.9855 
   00566    0.4175   -1581.2841  0.9862 
   00567    0.4475   -1579.8613  0.9855 
   00568    0.4425   -1579.5762  0.9863 
   00569    0.4300   -1581.2435  0.9859 
   00570    0.4875   -1582.4656  0.9862 
   00571    0.4725   -1581.3461  0.9860 
   00572    0.4525   -1581.4426  0.9864 
   00573    0.4725   -1578.3859  0.9861 
   00574    0.4175   -1578.4949  0.9873 
   00575    0.4525   -1577.6227  0.9861 
   00576    0.4425   -1578.1585  0.9860 
   00577    0.4650   -1578.3061  0.9859 
   00578    0.4850   -1577.9773  0.9857 
   00579    0.4575   -1577.6701  0.9862 
   00580    0.4900   -1576.8748  0.9871 
   00581    0.4300   -1577.1146  0.9875 
   00582    0.3825   -1577.3902  0.9870 
   00583    0.4125   -1578.4483  0.9874 
   00584    0.4250   -1578.9436  0.9869 
   00585    0.4800   -1579.4269  0.9867 
   00586    0.4325   -1578.8201  0.9861 
   00587    0.4825   -1579.7913  0.9866 
   00588    0.4875   -1579.9166  0.9862 
   00589    0.4750   -1581.3118  0.9872 
   00590    0.4725   -1580.7098  0.9867 
   00591    0.4350   -1580.6211  0.9867 
   00592    0.4625   -1580.3374  0.9867 
   00593    0.4475   -1580.3651  0.9863 
   00594    0.3925   -1580.0328  0.9870 
   00595    0.4675   -1579.6398  0.9869 
   00596    0.5000   -1579.1350  0.9865 
   00597    0.4825   -1579.9834  0.9860 
   00598    0.4600   -1580.8072  0.9861 
   00599    0.4725   -1581.5801  0.9867 
   00600    0.4700   -1581.9630  0.9869 
   00601    0.4650   -1580.8704  0.9865 
   00602    0.4150   -1580.8911  0.9868 
   00603    0.4375   -1579.5287  0.9864 
   00604    0.4675   -1578.8867  0.9860 
   00605    0.4475   -1579.4756  0.9858 
   00606    0.4625   -1578.8783  0.9850 
   00607    0.4475   -1578.6349  0.9857 
   00608    0.4525   -1577.7387  0.9862 
   00609    0.4725   -1576.6961  0.9857 
   00610    0.4100   -1575.8552  0.9852 
   00611    0.4625   -1575.9846  0.9856 
   00612    0.4875   -1576.6268  0.9858 
   00613    0.4800   -1577.4528  0.9865 
   00614    0.4200   -1577.6834  0.9860 
   00615    0.4675   -1579.6845  0.9868 
   00616    0.4475   -1579.0552  0.9867 
   00617    0.4700   -1578.9304  0.9866 
   00618    0.4925   -1581.0100  0.9875 
   00619    0.4325   -1581.2591  0.9875 
   00620    0.4325   -1582.0506  0.9877 
   00621    0.4800   -1582.4449  0.9874 
   00622    0.4275   -1580.6232  0.9872 
   00623    0.4350   -1580.7282  0.9868 
   00624    0.4475   -1578.6121  0.9857 
   00625    0.4850   -1580.1137  0.9859 
   00626    0.4725   -1578.9300  0.9871 
   00627    0.4500   -1579.2273  0.9865 
   00628    0.4175   -1579.7395  0.9864 
   00629    0.4300   -1580.5603  0.9864 
   00630    0.4075   -1580.8942  0.9875 
   00631    0.4200   -1581.8469  0.9880 
   00632    0.4525   -1581.3957  0.9873 
   00633    0.4500   -1580.1039  0.9869 
   00634    0.4225   -1579.7243  0.9863 
   00635    0.4425   -1580.1109  0.9870 
   00636    0.4325   -1582.0046  0.9877 
   00637    0.4575   -1578.7581  0.9869 
   00638    0.4250   -1577.6780  0.9864 
   00639    0.4575   -1578.3722  0.9860 
   00640    0.5175   -1578.8172  0.9865 
   00641    0.4775   -1578.4874  0.9875 
   00642    0.4850   -1579.0241  0.9871 
   00643    0.4575   -1581.5303  0.9877 
   00644    0.4775   -1582.3805  0.9874 
   00645    0.4400   -1582.6037  0.9877 
   00646    0.4525   -1581.7704  0.9870 
   00647    0.4550   -1581.4741  0.9863 
   00648    0.5050   -1581.3674  0.9864 
   00649    0.4300   -1581.0762  0.9851 
   00650    0.4600   -1581.0595  0.9850 
   00651    0.4375   -1578.6522  0.9841 
   00652    0.4400   -1578.1072  0.9837 
   00653    0.4725   -1578.4951  0.9830 
   00654    0.4700   -1579.7701  0.9822 
   00655    0.4575   -1580.9216  0.9843 
   00656    0.4500   -1580.0989  0.9848 
   00657    0.4450   -1580.7636  0.9842 
   00658    0.4325   -1580.6130  0.9849 
   00659    0.4725   -1580.7118  0.9852 
   00660    0.4100   -1580.4251  0.9845 
   00661    0.4425   -1577.9852  0.9838 
   00662    0.4475   -1578.0626  0.9839 
   00663    0.4425   -1578.5946  0.9836 
   00664    0.4575   -1577.6773  0.9835 
   00665    0.4575   -1578.1019  0.9835 
   00666    0.4575   -1577.4164  0.9839 
   00667    0.4550   -1578.7265  0.9857 
   00668    0.5275   -1578.7017  0.9863 
   00669    0.4425   -1579.3208  0.9866 
   00670    0.4675   -1579.0907  0.9859 
   00671    0.4575   -1580.7638  0.9859 
   00672    0.4050   -1580.2431  0.9858 
   00673    0.4600   -1579.4156  0.9844 
   00674    0.5275   -1578.8732  0.9841 
   00675    0.4700   -1579.8587  0.9838 
   00676    0.4475   -1578.5860  0.9846 
   00677    0.4725   -1577.4029  0.9837 
   00678    0.4450   -1577.9747  0.9844 
   00679    0.4625   -1579.4526  0.9847 
   00680    0.4800   -1577.5827  0.9829 
   00681    0.4975   -1577.8559  0.9828 
   00682    0.4725   -1576.5531  0.9821 
   00683    0.4850   -1577.0185  0.9817 
   00684    0.5050   -1578.9331  0.9814 
   00685    0.4625   -1576.6564  0.9805 
   00686    0.4575   -1576.0225  0.9803 
   00687    0.4950   -1578.0124  0.9814 
   00688    0.4800   -1577.6253  0.9821 
   00689    0.4450   -1577.8537  0.9814 
   00690    0.4525   -1577.7326  0.9826 
   00691    0.4550   -1579.5477  0.9833 
   00692    0.4350   -1579.9405  0.9822 
   00693    0.4950   -1580.8964  0.9823 
   00694    0.4600   -1580.8627  0.9832 
   00695    0.4625   -1581.5791  0.9824 
   00696    0.4550   -1581.3294  0.9818 
   00697    0.4250   -1581.7647  0.9816 
   00698    0.4375   -1581.1505  0.9804 
   00699    0.4525   -1579.6250  0.9808 
   00700    0.4500   -1579.5653  0.9800 
   00701    0.4850   -1579.3612  0.9800 
   00702    0.4875   -1579.7709  0.9803 
   00703    0.5100   -1580.3807  0.9803 
   00704    0.4100   -1580.5996  0.9807 
   00705    0.4675   -1579.5969  0.9815 
   00706    0.4300   -1579.6194  0.9823 
   00707    0.4275   -1579.2948  0.9819 
   00708    0.4350   -1578.9415  0.9809 
   00709    0.4300   -1578.1190  0.9813 
   00710    0.4800   -1579.5132  0.9819 
   00711    0.4300   -1579.9565  0.9816 
   00712    0.4975   -1580.5008  0.9818 
   00713    0.4800   -1579.7390  0.9820 
   00714    0.4450   -1578.6184  0.9837 
   00715    0.4725   -1575.8000  0.9827 
   00716    0.4625   -1577.7900  0.9823 
   00717    0.5025   -1577.8274  0.9820 
   00718    0.4950   -1580.5988  0.9831 
   00719    0.4100   -1580.5185  0.9834 
   00720    0.4350   -1577.2564  0.9810 
   00721    0.4475   -1579.1364  0.9820 
   00722    0.4875   -1579.0882  0.9827 
   00723    0.4425   -1579.9385  0.9835 
   00724    0.4775   -1579.8665  0.9834 
   00725    0.4575   -1579.7122  0.9824 
   00726    0.4600   -1581.0651  0.9827 
   00727    0.4250   -1582.2524  0.9828 
   00728    0.4525   -1581.4952  0.9834 
   00729    0.5100   -1580.4717  0.9837 
   00730    0.4700   -1580.6976  0.9838 
   00731    0.4150   -1579.5746  0.9833 
   00732    0.4150   -1579.3779  0.9823 
   00733    0.4675   -1577.3382  0.9817 
   00734    0.4200   -1576.3437  0.9808 
   00735    0.4550   -1577.1154  0.9821 
   00736    0.5000   -1579.1320  0.9818 
   00737    0.4300   -1577.3810  0.9809 
   00738    0.4975   -1578.3473  0.9816 
   00739    0.4375   -1579.5244  0.9823 
   00740    0.3900   -1579.2995  0.9823 
   00741    0.4850   -1579.0611  0.9818 
   00742    0.4475   -1580.6241  0.9821 
   00743    0.4900   -1579.4316  0.9811 
   00744    0.4750   -1579.4566  0.9807 
   00745    0.4350   -1579.4822  0.9813 
   00746    0.4075   -1580.0641  0.9821 
   00747    0.4825   -1579.4102  0.9817 
   00748    0.4475   -1578.5971  0.9815 
   00749    0.4500   -1578.2086  0.9817 
   00750    0.4625   -1577.4761  0.9820 
   00751    0.4950   -1576.6582  0.9805 
   00752    0.4425   -1576.6927  0.9816 
   00753    0.4875   -1578.2067  0.9830 
   00754    0.4850   -1578.5247  0.9840 
   00755    0.4850   -1578.1713  0.9840 
   00756    0.4700   -1577.8190  0.9834 
   00757    0.4050   -1579.4410  0.9834 
   00758    0.4700   -1578.3741  0.9822 
   00759    0.4200   -1579.4239  0.9818 
   00760    0.4425   -1578.8475  0.9813 
   00761    0.4225   -1578.7249  0.9816 
   00762    0.4425   -1578.7810  0.9803 
   00763    0.4150   -1578.5392  0.9792 
   00764    0.4675   -1578.0884  0.9789 
   00765    0.4450   -1577.0196  0.9801 
   00766    0.4950   -1577.2666  0.9802 
   00767    0.4300   -1578.3209  0.9808 
   00768    0.4350   -1579.1255  0.9816 
   00769    0.4350   -1578.9881  0.9812 
   00770    0.4225   -1579.2236  0.9805 
   00771    0.4775   -1579.4897  0.9805 
   00772    0.4375   -1579.5603  0.9792 
   00773    0.4350   -1580.7951  0.9809 
   00774    0.4475   -1581.1148  0.9814 
   00775    0.4425   -1580.3429  0.9808 
   00776    0.4075   -1578.2653  0.9794 
   00777    0.4550   -1579.4092  0.9792 
   00778    0.4425   -1578.6056  0.9791 
   00779    0.4375   -1581.2467  0.9800 
   00780    0.4400   -1579.6061  0.9794 
   00781    0.4325   -1578.3308  0.9780 
   00782    0.4625   -1579.6938  0.9786 
   00783    0.4200   -1579.0415  0.9789 
   00784    0.4475   -1578.0386  0.9788 
   00785    0.4200   -1577.0509  0.9765 
   00786    0.4525   -1578.8904  0.9770 
   00787    0.4700   -1576.0237  0.9769 
   00788    0.4725   -1578.4066  0.9770 
   00789    0.4325   -1578.0274  0.9764 
   00790    0.3875   -1578.9482  0.9757 
   00791    0.4950   -1578.0753  0.9760 
   00792    0.5250   -1577.3330  0.9743 
   00793    0.4675   -1576.6137  0.9747 
   00794    0.4525   -1578.5982  0.9767 
   00795    0.4700   -1578.4489  0.9769 
   00796    0.4400   -1578.7937  0.9777 
   00797    0.4950   -1578.0013  0.9768 
   00798    0.4600   -1577.5887  0.9771 
   00799    0.5050   -1577.1352  0.9791 
   00800    0.4250   -1578.0476  0.9783 
   00801    0.3900   -1578.2536  0.9772 
   00802    0.4700   -1580.0905  0.9804 
   00803    0.4475   -1580.1675  0.9799 
   00804    0.4275   -1580.2395  0.9795 
   00805    0.4175   -1580.5291  0.9804 
   00806    0.4925   -1580.1764  0.9812 
   00807    0.4500   -1579.9921  0.9813 
   00808    0.4700   -1580.0844  0.9810 
   00809    0.4650   -1579.8903  0.9815 
   00810    0.4400   -1578.0019  0.9808 
   00811    0.4550   -1578.7400  0.9811 
   00812    0.4050   -1579.2778  0.9819 
   00813    0.4300   -1579.1698  0.9818 
   00814    0.4850   -1578.6986  0.9818 
   00815    0.4325   -1577.7838  0.9829 
   00816    0.4550   -1578.0261  0.9839 
   00817    0.4400   -1577.9338  0.9837 
   00818    0.4475   -1577.7763  0.9833 
   00819    0.4700   -1578.4509  0.9822 
   00820    0.4925   -1579.1949  0.9833 
   00821    0.4025   -1579.3842  0.9844 
   00822    0.4425   -1578.7336  0.9846 
   00823    0.3950   -1579.4698  0.9841 
   00824    0.4975   -1578.3839  0.9840 
   00825    0.5075   -1579.7142  0.9841 
   00826    0.4825   -1580.5506  0.9850 
   00827    0.4200   -1580.9440  0.9845 
   00828    0.4350   -1582.7405  0.9856 
   00829    0.4375   -1581.6331  0.9845 
   00830    0.4250   -1580.4894  0.9846 
   00831    0.4550   -1580.5780  0.9844 
   00832    0.4675   -1580.7298  0.9850 
   00833    0.4800   -1581.8203  0.9854 
   00834    0.4400   -1582.6540  0.9866 
   00835    0.4400   -1581.0286  0.9865 
   00836    0.4725   -1579.0029  0.9862 
   00837    0.4350   -1579.5135  0.9865 
   00838    0.4700   -1579.5724  0.9853 
   00839    0.4675   -1579.1291  0.9858 
   00840    0.4775   -1578.2811  0.9847 
   00841    0.4325   -1579.1930  0.9850 
   00842    0.4450   -1579.6600  0.9855 
   00843    0.5000   -1580.1125  0.9854 
   00844    0.4525   -1581.5164  0.9857 
   00845    0.4650   -1579.8179  0.9852 
   00846    0.4625   -1580.3111  0.9850 
   00847    0.4150   -1579.8974  0.9856 
   00848    0.4300   -1579.4649  0.9855 
   00849    0.4400   -1578.5833  0.9851 
   00850    0.4625   -1578.5607  0.9848 
   00851    0.4825   -1578.2017  0.9840 
   00852    0.4475   -1578.9402  0.9838 
   00853    0.4125   -1580.2196  0.9842 
   00854    0.4500   -1579.1755  0.9840 
   00855    0.5150   -1579.8905  0.9848 
   00856    0.4100   -1579.6829  0.9852 
   00857    0.4700   -1579.3556  0.9849 
   00858    0.4225   -1579.0606  0.9844 
   00859    0.4825   -1579.2538  0.9837 
   00860    0.4475   -1578.4714  0.9840 
   00861    0.4600   -1579.9301  0.9845 
   00862    0.4575   -1580.1509  0.9842 
   00863    0.4375   -1579.5017  0.9847 
   00864    0.4900   -1579.9571  0.9849 
   00865    0.4825   -1581.5160  0.9852 
   00866    0.4550   -1580.9094  0.9842 
   00867    0.4600   -1581.3993  0.9846 
   00868    0.4475   -1579.7976  0.9848 
   00869    0.4650   -1580.6510  0.9851 
   00870    0.4775   -1582.6425  0.9851 
   00871    0.4575   -1582.1293  0.9849 
   00872    0.4650   -1581.1825  0.9848 
   00873    0.3950   -1582.3596  0.9854 
   00874    0.4525   -1583.5166  0.9869 
   00875    0.4300   -1581.6683  0.9860 
   00876    0.4675   -1580.3938  0.9860 
   00877    0.4600   -1580.4454  0.9868 
   00878    0.4675   -1577.7783  0.9861 
   00879    0.5050   -1578.1440  0.9862 
   00880    0.4625   -1579.4420  0.9861 
   00881    0.4350   -1579.7947  0.9862 
   00882    0.4575   -1579.4729  0.9869 
   00883    0.4425   -1579.5653  0.9874 
   00884    0.4550   -1577.8413  0.9875 
   00885    0.4775   -1576.3269  0.9870 
   00886    0.4625   -1576.8732  0.9869 
   00887    0.4450   -1577.2128  0.9870 
   00888    0.4525   -1580.6123  0.9881 
   00889    0.4425   -1580.6303  0.9879 
   00890    0.4500   -1580.7457  0.9880 
   00891    0.4875   -1582.1681  0.9886 
   00892    0.4600   -1580.9817  0.9884 
   00893    0.4400   -1581.0751  0.9888 
   00894    0.4900   -1581.3564  0.9883 
   00895    0.4400   -1581.8042  0.9887 
   00896    0.4600   -1582.1333  0.9880 
   00897    0.4475   -1580.6327  0.9873 
   00898    0.4575   -1579.2317  0.9859 
   00899    0.4325   -1578.8285  0.9856 
   00900    0.4325   -1579.9830  0.9863 
   00901    0.4600   -1580.0787  0.9868 
   00902    0.4125   -1580.2446  0.9869 
   00903    0.4600   -1580.5642  0.9882 
   00904    0.4875   -1580.4089  0.9885 
   00905    0.4300   -1579.3290  0.9883 
   00906    0.4625   -1580.4647  0.9882 
   00907    0.4475   -1578.9898  0.9881 
   00908    0.5000   -1579.5342  0.9882 
   00909    0.4575   -1579.7479  0.9871 
   00910    0.4225   -1580.8609  0.9876 
   00911    0.4775   -1579.8602  0.9875 
   00912    0.4625   -1580.4531  0.9881 
   00913    0.4575   -1580.9040  0.9883 
   00914    0.4625   -1579.3442  0.9878 
   00915    0.5050   -1579.5877  0.9869 
   00916    0.4400   -1579.6861  0.9862 
   00917    0.4525   -1578.4584  0.9854 
   00918    0.4550   -1577.6680  0.9841 
   00919    0.4500   -1577.8829  0.9839 
   00920    0.4850   -1579.9771  0.9847 
   00921    0.4200   -1581.4115  0.9857 
   00922    0.4425   -1580.6301  0.9843 
   00923    0.4375   -1581.5842  0.9853 
   00924    0.4900   -1581.9878  0.9861 
   00925    0.4750   -1581.9036  0.9855 
   00926    0.4225   -1581.3650  0.9852 
   00927    0.4675   -1580.2694  0.9850 
   00928    0.4425   -1582.7410  0.9851 
   00929    0.4675   -1582.6595  0.9854 
   00930    0.4875   -1581.8801  0.9850 
   00931    0.4450   -1579.8078  0.9839 
   00932    0.4550   -1577.2624  0.9817 
   00933    0.4575   -1578.7221  0.9826 
   00934    0.4725   -1578.0194  0.9833 
   00935    0.4500   -1578.7962  0.9844 
   00936    0.4500   -1580.2066  0.9841 
   00937    0.4375   -1580.1762  0.9845 
   00938    0.4775   -1580.6161  0.9847 
   00939    0.4625   -1581.1921  0.9838 
   00940    0.4200   -1581.6208  0.9837 
   00941    0.4325   -1582.8914  0.9837 
   00942    0.4325   -1581.8691  0.9839 
   00943    0.4425   -1580.9269  0.9823 
   00944    0.4425   -1579.1087  0.9816 
   00945    0.4500   -1578.5985  0.9823 
   00946    0.4325   -1578.6919  0.9813 
   00947    0.4400   -1579.3505  0.9824 
   00948    0.4425   -1580.2212  0.9826 
   00949    0.4800   -1580.0319  0.9823 
   00950    0.4150   -1578.8818  0.9832 
   00951    0.4750   -1579.0306  0.9831 
   00952    0.5000   -1578.8303  0.9840 
   00953    0.4225   -1579.4329  0.9840 
   00954    0.4725   -1581.2009  0.9857 
   00955    0.4125   -1581.4959  0.9871 
   00956    0.4350   -1581.6548  0.9876 
   00957    0.5025   -1580.3475  0.9872 
   00958    0.4525   -1580.7394  0.9876 
   00959    0.5050   -1581.0278  0.9881 
   00960    0.4825   -1579.7916  0.9877 
   00961    0.4200   -1580.5861  0.9881 
   00962    0.4675   -1578.8385  0.9875 
   00963    0.4800   -1579.4524  0.9881 
   00964    0.4475   -1580.4569  0.9880 
   00965    0.4200   -1579.8852  0.9875 
   00966    0.4950   -1579.7404  0.9876 
   00967    0.4650   -1579.2456  0.9880 
   00968    0.4875   -1580.1161  0.9889 
   00969    0.4625   -1579.8434  0.9893 
   00970    0.4825   -1581.0826  0.9899 
   00971    0.4725   -1580.8487  0.9905 
   00972    0.4575   -1580.4930  0.9905 
   00973    0.4525   -1579.2131  0.9900 
   00974    0.4500   -1579.7426  0.9906 
   00975    0.4200   -1581.4328  0.9907 
   00976    0.4550   -1579.8151  0.9896 
   00977    0.4200   -1580.9408  0.9907 
   00978    0.4550   -1580.0281  0.9904 
   00979    0.4450   -1577.7875  0.9899 
   00980    0.4425   -1579.0013  0.9904 
   00981    0.5075   -1579.0448  0.9904 
   00982    0.4100   -1578.8992  0.9907 
   00983    0.4950   -1581.2991  0.9914 
   00984    0.4250   -1580.3107  0.9913 
   00985    0.4875   -1580.7208  0.9908 
   00986    0.4400   -1580.3254  0.9902 
   00987    0.4450   -1580.8820  0.9899 
   00988    0.4450   -1580.3491  0.9901 
   00989    0.4575   -1579.5957  0.9894 
   00990    0.4425   -1580.0101  0.9894 
   00991    0.4975   -1579.3129  0.9895 
   00992    0.4975   -1581.8151  0.9901 
   00993    0.4025   -1580.8926  0.9898 
   00994    0.4875   -1580.9003  0.9893 
   00995    0.4250   -1579.8626  0.9886 
   00996    0.4475   -1580.9221  0.9886 
   00997    0.4575   -1580.6289  0.9892 
   00998    0.4225   -1580.4652  0.9889 
   00999    0.4250   -1579.6014  0.9882 
   01000    0.4825   -1579.4565  0.9881 
