#=====================================================
# File created:        Mon-03-Nov-2025-at-01-42-33AM
# Size of lattice:     20x20
# Number of MC steps:  1000
# Reduced temperature: 0.850
# Run time (s):        7.563310
#=====================================================
# MC step:  Ratio:     Energy:   Order:
#=====================================================
   00000    0.5000    -431.6393  0.2695 
   00001    0.6825    -612.9939  0.2950 
   00002    0.6175    -695.1871  0.2847 
   00003    0.5600    -762.4332  0.3255 
   00004    0.5500    -823.3006  0.3487 
   00005    0.5325    -864.3534  0.3318 
   00006    0.4975    -900.8268  0.3252 
   00007    0.4450    -923.5593  0.3671 
   00008    0.5375    -937.1614  0.3706 
   00009    0.4675    -928.2350  0.3707 
   00010    0.5275    -928.7046  0.3600 
   00011    0.5250    -927.8485  0.3367 
   00012    0.5025    -933.3354  0.3438 
   00013    0.5150    -958.0342  0.3477 
   00014    0.4825    -988.8486  0.3627 
   00015    0.4725    -978.5716  0.3768 
   00016    0.5300   -1014.0314  0.3737 
   00017    0.4550   -1013.4848  0.3900 
   00018    0.4900   -1020.3111  0.4237 
   00019    0.4450   -1021.8062  0.4465 
   00020    0.4675    -970.7699  0.4246 
   00021    0.4675    -955.3174  0.3972 
   00022    0.4975    -979.9968  0.3910 
   00023    0.4475    -986.0093  0.3495 
   00024    0.4825    -981.4842  0.3473 
   00025    0.4700   -1017.9877  0.3504 
   00026    0.5100   -1018.3093  0.3466 
   00027    0.4925    -987.7460  0.3804 
   00028    0.4300    -966.4449  0.3954 
   00029    0.4900    -996.8505  0.4262 
   00030    0.4550   -1003.3991  0.4168 
   00031    0.4725   -1045.1990  0.4236 
   00032    0.4500   -1058.9648  0.4224 
   00033    0.4600   -1052.1012  0.4224 
   00034    0.5075   -1044.3229  0.4074 
   00035    0.4625   -1044.3051  0.4305 
   00036    0.4350   -1049.4888  0.3917 
   00037    0.4675   -1050.2384  0.3675 
   00038    0.4700   -1045.4896  0.3481 
   00039    0.4750    -990.6871  0.3356 
   00040    0.4900   -1006.9885  0.3440 
   00041    0.4725    -992.3628  0.3056 
   00042    0.4500    -972.9339  0.3164 
   00043    0.4850    -990.1752  0.3211 
   00044    0.4450   -1020.1171  0.3353 
   00045    0.4900   -1034.4322  0.3742 
   00046    0.4550   -1057.8586  0.3771 
   00047    0.4250   -1041.9653  0.3808 
   00048    0.4475   -1066.9759  0.3937 
   00049    0.4550   -1081.3492  0.3923 
   00050    0.4300   -1056.0340  0.3708 
   00051    0.4500   -1061.6692  0.3445 
   00052    0.4200   -1060.5856  0.3654 
   00053    0.4825   -1059.2701  0.3677 
   00054    0.4900   -1040.2161  0.3842 
   00055    0.4425   -1037.5362  0.4367 
   00056    0.4600   -1042.5060  0.4573 
   00057    0.4650   -1048.6188  0.4646 
   00058    0.5025   -1073.1956  0.4699 
   00059    0.4075   -1073.2430  0.4491 
   00060    0.4700   -1060.3598  0.4715 
   00061    0.4275   -1072.6433  0.4866 
   00062    0.4675   -1052.1661  0.4749 
   00063    0.4625   -1076.0544  0.4865 
   00064    0.4325   -1044.1774  0.5059 
   00065    0.4225   -1052.9613  0.5124 
   00066    0.4525   -1100.5211  0.5369 
   00067    0.4150   -1095.1178  0.5212 
   00068    0.4125   -1111.0162  0.5334 
   00069    0.4075   -1090.5033  0.5486 
   00070    0.4650   -1084.3443  0.5380 
   00071    0.4700   -1039.5598  0.5191 
   00072    0.4625   -1052.0983  0.5247 
   00073    0.4375   -1063.1660  0.5272 
   00074    0.4450   -1055.3954  0.4963 
   00075    0.4950   -1059.1995  0.5048 
   00076    0.4575   -1075.2670  0.5256 
   00077    0.4700   -1076.8475  0.5455 
   00078    0.4550   -1100.1852  0.5455 
   00079    0.4950   -1084.2625  0.5098 
   00080    0.4175   -1095.6019  0.5246 
   00081    0.4475   -1096.3065  0.5411 
   00082    0.4425   -1135.0729  0.5230 
   00083    0.4025   -1121.9568  0.5226 
   00084    0.4225   -1103.9106  0.5080 
   00085    0.4125   -1126.6748  0.5058 
   00086    0.4000   -1103.5058  0.4911 
   00087    0.4400   -1119.6501  0.5004 
   00088    0.4400   -1110.6528  0.4885 
   00089    0.4200   -1101.7900  0.4757 
   00090    0.4525   -1068.7417  0.4652 
   00091    0.4575   -1091.4450  0.4481 
   00092    0.4575   -1089.3497  0.4072 
   00093    0.4800   -1057.7570  0.3777 
   00094    0.5025   -1036.9854  0.4091 
   00095    0.4425   -1061.3087  0.4269 
   00096    0.4575   -1045.9516  0.4231 
   00097    0.4625   -1084.7072  0.4292 
   00098    0.4400   -1074.8113  0.4102 
   00099    0.4550   -1077.5226  0.4279 
   00100    0.4550   -1081.8862  0.4173 
   00101    0.4775   -1077.0817  0.4062 
   00102    0.4525   -1085.9124  0.4037 
   00103    0.4175   -1076.3111  0.4118 
   00104    0.4250   -1076.9653  0.4381 
   00105    0.4175   -1063.6373  0.4626 
   00106    0.5000   -1095.6662  0.4617 
   00107    0.4575   -1087.0887  0.4552 
   00108    0.4300   -1084.4269  0.4423 
   00109    0.4175   -1081.9764  0.4343 
   00110    0.4550   -1084.6334  0.4470 
   00111    0.4325   -1058.7591  0.4747 
   00112    0.4450   -1066.8583  0.5183 
   00113    0.4800   -1086.8038  0.5263 
   00114    0.4600   -1090.9692  0.5084 
   00115    0.4500   -1072.1984  0.5199 
   00116    0.4775   -1042.5398  0.4992 
   00117    0.4375   -1072.5938  0.5314 
   00118    0.4475   -1056.1763  0.5460 
   00119    0.4550   -1033.7433  0.5556 
   00120    0.4600   -1073.4987  0.5663 
   00121    0.4425   -1086.3018  0.5653 
   00122    0.4600   -1066.7904  0.5591 
   00123    0.4525   -1066.8769  0.5591 
   00124    0.4400   -1040.7613  0.5666 
   00125    0.4225   -1038.0324  0.5891 
   00126    0.4725   -1034.2103  0.5807 
   00127    0.4600   -1094.8947  0.6070 
   00128    0.4425   -1065.0195  0.5952 
   00129    0.4225   -1026.9428  0.5725 
   00130    0.4075   -1025.2295  0.5771 
   00131    0.4600   -1026.6556  0.5944 
   00132    0.4575   -1031.2222  0.5989 
   00133    0.4300   -1024.2886  0.6037 
   00134    0.4200   -1011.0330  0.5712 
   00135    0.4800   -1028.0685  0.5600 
   00136    0.4725   -1053.2406  0.5647 
   00137    0.4700   -1066.0358  0.5429 
   00138    0.4575   -1060.3033  0.5640 
   00139    0.4450   -1065.5937  0.5668 
   00140    0.4300   -1080.0025  0.5703 
   00141    0.4875   -1074.1805  0.5969 
   00142    0.4550   -1082.7595  0.5979 
   00143    0.4475   -1110.3041  0.6037 
   00144    0.3925   -1131.0055  0.6008 
   00145    0.4700   -1097.8457  0.5782 
   00146    0.4450   -1097.0845  0.5630 
   00147    0.4425   -1071.7636  0.5586 
   00148    0.4700   -1059.6398  0.5530 
   00149    0.4500   -1079.2739  0.5472 
   00150    0.4300   -1049.7304  0.5242 
   00151    0.4800   -1035.8575  0.5140 
   00152    0.4550   -1032.6916  0.5091 
   00153    0.4550   -1062.8782  0.5086 
   00154    0.4525   -1099.7335  0.5102 
   00155    0.4700   -1097.3501  0.5100 
   00156    0.4250   -1092.3595  0.5031 
   00157    0.4325   -1094.4776  0.5036 
   00158    0.4450   -1109.2681  0.5159 
   00159    0.4225   -1103.9998  0.4966 
   00160    0.4050   -1114.1912  0.5083 
   00161    0.4275   -1123.0206  0.5345 
   00162    0.4025   -1119.3281  0.5522 
   00163    0.4250   -1119.7340  0.5807 
   00164    0.4200   -1111.8455  0.5728 
   00165    0.4425   -1104.5586  0.5505 
   00166    0.4475   -1096.2612  0.5227 
   00167    0.4500   -1070.0142  0.5170 
   00168    0.4275   -1063.6347  0.5149 
   00169    0.4400   -1070.9192  0.5217 
   00170    0.4450   -1087.0641  0.5523 
   00171    0.4550   -1072.0792  0.5513 
   00172    0.4200   -1065.6752  0.5664 
   00173    0.4975   -1093.4444  0.5714 
   00174    0.4500   -1094.9873  0.5986 
   00175    0.3875   -1099.9190  0.5985 
   00176    0.4350   -1093.1649  0.6108 
   00177    0.3850   -1084.5579  0.5849 
   00178    0.4325   -1055.5134  0.5755 
   00179    0.4600   -1123.0519  0.5780 
   00180    0.4275   -1126.5457  0.5830 
   00181    0.4200   -1120.3299  0.5842 
   00182    0.4050   -1100.3238  0.5671 
   00183    0.4925   -1069.5553  0.5469 
   00184    0.4650   -1077.6408  0.5288 
   00185    0.4800   -1064.5575  0.5323 
   00186    0.4675   -1072.9191  0.5483 
   00187    0.4450   -1091.3020  0.5121 
   00188    0.4950   -1096.8311  0.5074 
   00189    0.4400   -1103.4339  0.5071 
   00190    0.3875   -1053.7723  0.4741 
   00191    0.5125   -1058.2119  0.4806 
   00192    0.4500   -1026.7569  0.5194 
   00193    0.4825   -1054.2856  0.5118 
   00194    0.4200   -1076.7641  0.5197 
   00195    0.4250   -1081.8299  0.5148 
   00196    0.4500   -1101.4671  0.5111 
   00197    0.4700   -1084.8397  0.5084 
   00198    0.4525   -1096.3430  0.5205 
   00199    0.4450   -1062.7519  0.5204 
   00200    0.4450   -1102.2753  0.5429 
   00201    0.4425   -1104.4857  0.5304 
   00202    0.4075   -1118.2597  0.5272 
   00203    0.4250   -1110.1368  0.5498 
   00204    0.4550   -1095.9584  0.5364 
   00205    0.4300   -1099.7584  0.5403 
   00206    0.3750   -1105.9973  0.5458 
   00207    0.4225   -1091.1629  0.5520 
   00208    0.4675   -1071.6952  0.5454 
   00209    0.4300   -1078.8911  0.5338 
   00210    0.4425   -1075.9862  0.5356 
   00211    0.4125   -1040.6316  0.5376 
   00212    0.4775   -1037.8262  0.5351 
   00213    0.4850   -1056.9211  0.5574 
   00214    0.3975   -1078.2576  0.5571 
   00215    0.4075   -1087.2817  0.5282 
   00216    0.4500   -1092.8156  0.5256 
   00217    0.4325   -1072.0997  0.5462 
   00218    0.4475   -1081.8780  0.5422 
   00219    0.4200   -1077.9476  0.5317 
   00220    0.3950   -1077.7426  0.5312 
   00221    0.4550   -1070.0447  0.5046 
   00222    0.4725   -1063.1873  0.4942 
   00223    0.4725   -1033.6477  0.4965 
   00224    0.4700   -1049.5310  0.5153 
   00225    0.4275   -1058.5711  0.5209 
   00226    0.4450   -1069.5861  0.5365 
   00227    0.4200   -1079.1371  0.5277 
   00228    0.5025   -1059.1088  0.5294 
   00229    0.4550   -1066.5400  0.5487 
   00230    0.4500   -1067.6963  0.5307 
   00231    0.4675   -1047.2441  0.5025 
   00232    0.4425   -1072.6270  0.4836 
   00233    0.4375   -1074.5607  0.5074 
   00234    0.4425   -1096.4024  0.5022 
   00235    0.4825   -1080.2581  0.4732 
   00236    0.4350   -1069.6267  0.4687 
   00237    0.4550   -1064.4222  0.4536 
   00238    0.4700   -1054.9996  0.4468 
   00239    0.3975   -1080.6360  0.4585 
   00240    0.4150   -1105.6192  0.4766 
   00241    0.4925   -1089.0832  0.4780 
   00242    0.4650   -1091.3274  0.4772 
   00243    0.4500   -1071.7915  0.4840 
   00244    0.4725   -1043.1056  0.4725 
   00245    0.4375   -1049.7450  0.4741 
   00246    0.4650   -1059.9278  0.4641 
   00247    0.4575   -1019.8801  0.4861 
   00248    0.4225   -1011.9543  0.4841 
   00249    0.4625   -1030.7221  0.4925 
   00250    0.5150   -1037.4686  0.4708 
   00251    0.4600   -1027.7408  0.4655 
   00252    0.4875    -980.6280  0.4598 
   00253    0.4500   -1022.1251  0.4872 
   00254    0.4875   -1026.6590  0.4831 
   00255    0.4975   -1019.6799  0.4961 
   00256    0.4600    -991.8713  0.5264 
   00257    0.4550   -1033.9312  0.5386 
   00258    0.4625   -1031.9013  0.5369 
   00259    0.4725   -1043.9188  0.5202 
   00260    0.4450   -1035.2120  0.5287 
   00261    0.4525   -1051.7690  0.5274 
   00262    0.4350   -1084.1660  0.5287 
   00263    0.4275   -1074.0404  0.5260 
   00264    0.4575   -1057.1053  0.5496 
   00265    0.4275   -1086.1912  0.5407 
   00266    0.4275   -1072.0180  0.5404 
   00267    0.4525   -1053.3260  0.5092 
   00268    0.4175   -1028.3503  0.4911 
   00269    0.4500   -1007.9240  0.4916 
   00270    0.5050   -1014.1297  0.4931 
   00271    0.4825    -990.4819  0.4809 
   00272    0.4650   -1010.6359  0.4789 
   00273    0.4375   -1008.8973  0.4766 
   00274    0.4400    -994.9777  0.4807 
   00275    0.4725   -1006.4651  0.4636 
   00276    0.4825    -978.9017  0.4600 
   00277    0.5275    -962.4912  0.4576 
   00278    0.4750    -966.5474  0.4586 
   00279    0.4350    -993.8229  0.4794 
   00280    0.4625   -1033.4806  0.4910 
   00281    0.4625   -1037.4260  0.5159 
   00282    0.4500   -1054.3738  0.5351 
   00283    0.4450   -1018.4376  0.5148 
   00284    0.4150   -1031.0578  0.5195 
   00285    0.4675    -994.8163  0.5147 
   00286    0.4800    -978.4544  0.4928 
   00287    0.4600    -963.7981  0.5118 
   00288    0.4850    -987.9066  0.5054 
   00289    0.4850   -1004.7448  0.5051 
   00290    0.4675   -1010.2908  0.4841 
   00291    0.4825    -990.0004  0.4693 
   00292    0.4750    -989.7154  0.4639 
   00293    0.5375   -1001.6517  0.4746 
   00294    0.4575    -997.9947  0.4687 
   00295    0.5250    -972.8808  0.4705 
   00296    0.5100    -997.8126  0.5000 
   00297    0.4950   -1011.2076  0.5041 
   00298    0.4550    -992.7147  0.4902 
   00299    0.4625    -985.3271  0.4762 
   00300    0.4575   -1061.4907  0.4697 
   00301    0.4575   -1050.2280  0.4828 
   00302    0.4275   -1017.7212  0.4608 
   00303    0.4550   -1002.5465  0.4632 
   00304    0.4450   -1035.8354  0.4889 
   00305    0.4800   -1060.5482  0.5104 
   00306    0.4700   -1054.1239  0.5082 
   00307    0.4000   -1058.5710  0.5153 
   00308    0.4400   -1051.3251  0.5184 
   00309    0.4425   -1065.2757  0.5095 
   00310    0.4375   -1084.8168  0.5101 
   00311    0.4550   -1070.1121  0.5131 
   00312    0.4300   -1056.4541  0.5194 
   00313    0.4525   -1056.4662  0.5490 
   00314    0.4450   -1100.0558  0.5842 
   00315    0.4425   -1114.6181  0.5858 
   00316    0.4325   -1102.7040  0.5775 
   00317    0.4575   -1060.9940  0.5785 
   00318    0.4475   -1073.7837  0.5666 
   00319    0.4350   -1089.6056  0.5859 
   00320    0.4300   -1090.2742  0.5838 
   00321    0.4375   -1042.3713  0.5594 
   00322    0.4325   -1063.9462  0.5668 
   00323    0.4050   -1099.4480  0.5675 
   00324    0.4650   -1071.5686  0.5483 
   00325    0.4400   -1084.6884  0.5550 
   00326    0.4075   -1117.2148  0.5634 
   00327    0.4475   -1117.8791  0.5307 
   00328    0.4400   -1064.3921  0.5276 
   00329    0.4400   -1055.9863  0.5286 
   00330    0.4375   -1038.3589  0.5155 
   00331    0.4675   -1058.5077  0.5514 
   00332    0.4950   -1056.6360  0.5656 
   00333    0.4450   -1067.9084  0.5917 
   00334    0.4150   -1061.1849  0.5975 
   00335    0.4050   -1072.5149  0.5965 
   00336    0.4250   -1090.7814  0.5993 
   00337    0.3875   -1078.6391  0.5953 
   00338    0.4950   -1088.9765  0.5999 
   00339    0.4225   -1073.4708  0.6060 
   00340    0.4325   -1077.2830  0.6224 
   00341    0.4425   -1100.1512  0.6403 
   00342    0.4350   -1072.4687  0.6473 
   00343    0.4350   -1047.9753  0.6229 
   00344    0.4675   -1062.9653  0.6133 
   00345    0.4725   -1032.1095  0.6089 
   00346    0.4575   -1053.7452  0.6123 
   00347    0.4475   -1059.0605  0.6239 
   00348    0.4475   -1052.5599  0.6338 
   00349    0.4475   -1064.0608  0.6440 
   00350    0.4425   -1108.6676  0.6411 
   00351    0.4400   -1087.8320  0.6404 
   00352    0.4425   -1074.1457  0.6289 
   00353    0.4275   -1072.9656  0.6363 
   00354    0.4225   -1083.0258  0.6493 
   00355    0.4450   -1102.8937  0.6292 
   00356    0.3850   -1148.1169  0.6486 
   00357    0.4400   -1118.4310  0.6518 
   00358    0.4400   -1104.4254  0.6365 
   00359    0.4350   -1100.9570  0.6335 
   00360    0.3925   -1127.7954  0.6211 
   00361    0.3875   -1113.9189  0.6307 
   00362    0.4025   -1134.3753  0.6621 
   00363    0.4750   -1111.1310  0.6528 
   00364    0.4675   -1138.2109  0.6678 
   00365    0.4000   -1129.0491  0.6736 
   00366    0.4025   -1087.1318  0.6788 
   00367    0.4050   -1078.6192  0.6449 
   00368    0.4900   -1093.2956  0.6507 
   00369    0.4325   -1099.3706  0.6410 
   00370    0.4675   -1077.2892  0.6516 
   00371    0.4600   -1044.7778  0.6340 
   00372    0.4775   -1061.3844  0.6423 
   00373    0.4350   -1084.7007  0.6546 
   00374    0.4125   -1077.5137  0.6241 
   00375    0.4350   -1074.5814  0.6239 
   00376    0.4150   -1042.4913  0.6167 
   00377    0.4575   -1071.0252  0.6216 
   00378    0.4275   -1070.3915  0.6153 
   00379    0.4300   -1085.3994  0.6076 
   00380    0.4250   -1093.1545  0.6132 
   00381    0.4500   -1111.2765  0.6160 
   00382    0.4325   -1101.8217  0.6477 
   00383    0.4425   -1132.1056  0.6595 
   00384    0.4450   -1124.1305  0.6580 
   00385    0.4050   -1163.7218  0.6794 
   00386    0.4150   -1125.2588  0.6694 
   00387    0.4300   -1137.1990  0.6789 
   00388    0.4075   -1106.8318  0.6736 
   00389    0.4350   -1125.3809  0.6819 
   00390    0.3950   -1154.6383  0.6958 
   00391    0.4075   -1165.0525  0.6918 
   00392    0.4300   -1130.2925  0.6775 
   00393    0.4300   -1137.7723  0.6632 
   00394    0.3875   -1126.1932  0.6656 
   00395    0.3600   -1114.2823  0.6635 
   00396    0.3750   -1138.0587  0.6716 
   00397    0.4200   -1105.1197  0.6719 
   00398    0.4275   -1106.6399  0.6593 
   00399    0.4225   -1088.7682  0.6274 
   00400    0.4175   -1086.6437  0.6222 
   00401    0.4350   -1105.1408  0.6319 
   00402    0.4200   -1125.8059  0.6537 
   00403    0.4475   -1120.6511  0.6589 
   00404    0.4225   -1120.0290  0.6757 
   00405    0.4025   -1130.7248  0.6883 
   00406    0.4425   -1098.1726  0.6529 
   00407    0.4500   -1114.4211  0.6638 
   00408    0.4150   -1091.6606  0.6479 
   00409    0.4500   -1081.4916  0.6469 
   00410    0.4675   -1073.0913  0.6360 
   00411    0.4625   -1090.7587  0.6415 
   00412    0.4400   -1069.1851  0.6331 
   00413    0.4400   -1048.9582  0.6099 
   00414    0.4850   -1052.2682  0.6124 
   00415    0.4625   -1078.2107  0.6432 
   00416    0.4250   -1057.4149  0.6357 
   00417    0.4300   -1042.0271  0.6195 
   00418    0.5050   -1017.7519  0.6178 
   00419    0.4325   -1054.5885  0.5829 
   00420    0.4575   -1064.0059  0.5730 
   00421    0.4925   -1038.1511  0.5754 
   00422    0.4625   -1062.1370  0.5987 
   00423    0.4850   -1071.3872  0.6084 
   00424    0.5300   -1073.7823  0.6034 
   00425    0.4725   -1066.0858  0.6135 
   00426    0.4575   -1062.1010  0.6142 
   00427    0.3950   -1043.7744  0.5992 
   00428    0.4125   -1083.0363  0.6120 
   00429    0.4350   -1087.1282  0.6257 
   00430    0.4425   -1092.8136  0.6029 
   00431    0.3550   -1086.8268  0.5975 
   00432    0.4600   -1074.3963  0.5964 
   00433    0.4200   -1075.9706  0.5912 
   00434    0.4450   -1086.7555  0.5855 
   00435    0.4100   -1063.2050  0.5692 
   00436    0.4275   -1028.9688  0.5628 
   00437    0.4450   -1022.9547  0.5749 
   00438    0.4725   -1019.4901  0.5505 
   00439    0.4625   -1017.8068  0.5492 
   00440    0.4475   -1019.6834  0.5657 
   00441    0.4525    -998.0486  0.5710 
   00442    0.4775    -979.2573  0.5508 
   00443    0.4350    -973.0619  0.5015 
   00444    0.4825    -971.7731  0.5079 
   00445    0.4500    -975.0406  0.5029 
   00446    0.5150    -973.5359  0.4919 
   00447    0.4725   -1020.5571  0.4804 
   00448    0.4125   -1024.9163  0.4873 
   00449    0.4500   -1021.1663  0.4541 
   00450    0.4975   -1012.9845  0.4530 
   00451    0.4625    -997.8836  0.4728 
   00452    0.4650   -1021.0373  0.4929 
   00453    0.4500   -1018.4170  0.4792 
   00454    0.4625   -1048.7908  0.5053 
   00455    0.4550   -1054.5960  0.4977 
   00456    0.4650   -1042.2967  0.4527 
   00457    0.4475   -1044.2840  0.4376 
   00458    0.4325   -1020.1848  0.4261 
   00459    0.4750   -1024.5449  0.4387 
   00460    0.4375   -1035.1538  0.4382 
   00461    0.4725   -1047.3917  0.4306 
   00462    0.4575   -1046.7482  0.4470 
   00463    0.4850   -1065.8193  0.4428 
   00464    0.4850   -1031.8787  0.4327 
   00465    0.4675   -1041.5622  0.4216 
   00466    0.4950   -1022.6680  0.4322 
   00467    0.4600   -1048.0886  0.4081 
   00468    0.4775   -1062.2586  0.4035 
   00469    0.4325   -1078.6714  0.3829 
   00470    0.4500   -1057.6537  0.3740 
   00471    0.4425   -1076.6450  0.3874 
   00472    0.4775   -1054.1693  0.3865 
   00473    0.4875   -1025.6769  0.4041 
   00474    0.4550   -1044.2634  0.3515 
   00475    0.4550   -1046.9195  0.3542 
   00476    0.4650   -1072.9747  0.3606 
   00477    0.4625   -1066.5241  0.3595 
   00478    0.4625   -1112.3469  0.3475 
   00479    0.4450   -1087.9903  0.3564 
   00480    0.4150   -1080.9841  0.3637 
   00481    0.4625   -1062.1563  0.3907 
   00482    0.4650   -1030.9352  0.3685 
   00483    0.4900   -1037.9581  0.3953 
   00484    0.4725   -1058.5716  0.4180 
   00485    0.5000   -1035.2612  0.4362 
   00486    0.4525   -1033.4441  0.4685 
   00487    0.4525   -1041.3282  0.4705 
   00488    0.4350   -1048.0876  0.4972 
   00489    0.4625   -1066.8538  0.5131 
   00490    0.4350   -1075.1280  0.4907 
   00491    0.4650   -1056.9224  0.4903 
   00492    0.4200   -1069.9034  0.4945 
   00493    0.4625   -1016.3014  0.4740 
   00494    0.4950   -1058.7639  0.4806 
   00495    0.4250   -1056.9777  0.4699 
   00496    0.4675   -1063.1623  0.4653 
   00497    0.4100   -1071.8723  0.4504 
   00498    0.4600   -1060.6414  0.4686 
   00499    0.4800   -1077.2509  0.4671 
   00500    0.4275   -1088.4019  0.4654 
   00501    0.4300   -1097.0108  0.4679 
   00502    0.4225   -1115.4114  0.4853 
   00503    0.4300   -1106.6823  0.4723 
   00504    0.4325   -1073.9661  0.4845 
   00505    0.4600   -1099.9480  0.4474 
   00506    0.4550   -1058.5941  0.4164 
   00507    0.4125   -1066.5896  0.4053 
   00508    0.4775   -1046.3137  0.4168 
   00509    0.4525   -1050.4896  0.4290 
   00510    0.4700   -1062.6598  0.4521 
   00511    0.4400   -1040.5125  0.4364 
   00512    0.4375   -1052.1511  0.4611 
   00513    0.4100   -1070.5200  0.4467 
   00514    0.4750   -1075.3453  0.4778 
   00515    0.4400   -1085.3752  0.4745 
   00516    0.4550   -1075.9589  0.4931 
   00517    0.4850   -1067.0218  0.4821 
   00518    0.4375   -1059.6604  0.4822 
   00519    0.4400   -1069.6589  0.4740 
   00520    0.4025   -1094.5779  0.4453 
   00521    0.4150   -1103.6220  0.4483 
   00522    0.4225   -1098.9709  0.4460 
   00523    0.4275   -1135.6739  0.4861 
   00524    0.4725   -1134.4822  0.4651 
   00525    0.3850   -1137.8060  0.4740 
   00526    0.4300   -1115.2952  0.4786 
   00527    0.4375   -1110.9967  0.4831 
   00528    0.4025   -1105.4992  0.4807 
   00529    0.4525   -1085.0130  0.4875 
   00530    0.4525   -1050.5677  0.4725 
   00531    0.4450   -1064.8604  0.4730 
   00532    0.4000   -1064.7699  0.4770 
   00533    0.4750   -1077.7670  0.4562 
   00534    0.4925   -1052.4946  0.4548 
   00535    0.4600   -1056.7719  0.4148 
   00536    0.4550   -1071.5876  0.4287 
   00537    0.4800   -1048.5162  0.4067 
   00538    0.5100   -1042.4025  0.4279 
   00539    0.4675   -1029.5973  0.4251 
   00540    0.4300   -1049.8570  0.4399 
   00541    0.4475   -1021.6674  0.4303 
   00542    0.4525   -1027.7441  0.4313 
   00543    0.4725   -1060.2467  0.4301 
   00544    0.4225   -1054.7599  0.4229 
   00545    0.4725   -1073.6212  0.4296 
   00546    0.4100   -1082.1082  0.4411 
   00547    0.4325   -1084.5431  0.4707 
   00548    0.4150   -1088.0333  0.4837 
   00549    0.4000   -1072.9423  0.4621 
   00550    0.4425   -1113.5070  0.4756 
   00551    0.3925   -1093.3325  0.4480 
   00552    0.4150   -1044.6617  0.4263 
   00553    0.4450   -1038.0891  0.4335 
   00554    0.4625   -1000.3132  0.4311 
   00555    0.5350   -1027.1155  0.4365 
   00556    0.4650   -1031.8872  0.4252 
   00557    0.4950   -1062.6101  0.4113 
   00558    0.4550   -1090.6176  0.4435 
   00559    0.5000   -1084.9752  0.4413 
   00560    0.4425   -1083.6107  0.4612 
   00561    0.4425   -1061.9306  0.4821 
   00562    0.4475   -1067.2565  0.4815 
   00563    0.4525   -1039.9001  0.4625 
   00564    0.4000   -1075.3118  0.4523 
   00565    0.4325   -1078.9007  0.4768 
   00566    0.4425   -1098.7271  0.4825 
   00567    0.4375   -1087.6315  0.4660 
   00568    0.4575   -1097.1204  0.4692 
   00569    0.4650   -1092.9699  0.4622 
   00570    0.3975   -1109.3744  0.4758 
   00571    0.4725   -1079.6090  0.4639 
   00572    0.4725   -1094.1499  0.4914 
   00573    0.4550   -1093.3151  0.4867 
   00574    0.4450   -1108.6696  0.5037 
   00575    0.4475   -1117.0416  0.4850 
   00576    0.4500   -1085.2584  0.4975 
   00577    0.4025   -1082.3573  0.5095 
   00578    0.4225   -1066.7990  0.4675 
   00579    0.4325   -1113.5856  0.4863 
   00580    0.4050   -1093.2687  0.4888 
   00581    0.4725   -1099.2627  0.5000 
   00582    0.4525   -1129.8309  0.5081 
   00583    0.4100   -1103.4720  0.5115 
   00584    0.4250   -1084.6201  0.4891 
   00585    0.4300   -1088.7523  0.4875 
   00586    0.3900   -1124.5899  0.5056 
   00587    0.4075   -1124.1027  0.5044 
   00588    0.3950   -1126.1944  0.4763 
   00589    0.4675   -1118.2867  0.5170 
   00590    0.4225   -1102.2651  0.4865 
   00591    0.4050   -1116.2161  0.4951 
   00592    0.4325   -1120.7949  0.4932 
   00593    0.4525   -1111.0925  0.5162 
   00594    0.3975   -1111.4003  0.4974 
   00595    0.4575   -1131.9298  0.5004 
   00596    0.4650   -1092.7669  0.4970 
   00597    0.4350   -1094.3089  0.4648 
   00598    0.3825   -1047.3676  0.4545 
   00599    0.4350   -1056.2440  0.4874 
   00600    0.4675   -1037.7947  0.4429 
   00601    0.4875   -1038.6678  0.4298 
   00602    0.4125   -1044.3999  0.4469 
   00603    0.4500   -1073.3666  0.4576 
   00604    0.4200   -1054.5051  0.4372 
   00605    0.4350   -1088.2805  0.4691 
   00606    0.4525   -1089.1036  0.4612 
   00607    0.4400   -1086.5652  0.4741 
   00608    0.4475   -1068.0907  0.4931 
   00609    0.4425   -1095.6022  0.4890 
   00610    0.4050   -1095.8731  0.4914 
   00611    0.4525   -1098.6650  0.4829 
   00612    0.4350   -1086.1558  0.4898 
   00613    0.4200   -1065.2072  0.5043 
   00614    0.4850   -1104.3473  0.5239 
   00615    0.3900   -1135.4806  0.5314 
   00616    0.4000   -1120.8438  0.5165 
   00617    0.4000   -1128.9687  0.5132 
   00618    0.4100   -1111.4053  0.5279 
   00619    0.4300   -1106.0400  0.5061 
   00620    0.4150   -1087.5743  0.4733 
   00621    0.4375   -1063.0691  0.4626 
   00622    0.4275   -1084.0296  0.4682 
   00623    0.4650   -1105.1347  0.4924 
   00624    0.4225   -1126.6905  0.4799 
   00625    0.3950   -1118.9067  0.4886 
   00626    0.4275   -1062.8536  0.4757 
   00627    0.4875   -1030.8887  0.4658 
   00628    0.4400   -1047.1014  0.4536 
   00629    0.4650   -1060.2219  0.4678 
   00630    0.4425   -1072.8637  0.4873 
   00631    0.4225   -1069.4590  0.5053 
   00632    0.4375   -1076.3980  0.5310 
   00633    0.4525   -1066.7551  0.5176 
   00634    0.4750   -1011.8768  0.5070 
   00635    0.4400   -1041.1929  0.5225 
   00636    0.4175   -1036.2536  0.5298 
   00637    0.4450    -999.7903  0.5108 
   00638    0.4475   -1014.9757  0.5203 
   00639    0.4725   -1001.4512  0.5390 
   00640    0.4650   -1026.5549  0.5199 
   00641    0.4150   -1033.6421  0.5248 
   00642    0.4375   -1053.4318  0.5489 
   00643    0.4825   -1039.5429  0.5605 
   00644    0.4850   -1059.3330  0.5828 
   00645    0.4800   -1064.6576  0.5748 
   00646    0.4475   -1089.2805  0.5773 
   00647    0.4300   -1079.4597  0.5877 
   00648    0.4700   -1107.3347  0.5904 
   00649    0.4525   -1110.7383  0.6097 
   00650    0.3900   -1137.0030  0.6291 
   00651    0.3800   -1119.0303  0.6479 
   00652    0.4750   -1103.8968  0.6303 
   00653    0.4125   -1100.2900  0.6197 
   00654    0.4475   -1081.8033  0.6033 
   00655    0.4300   -1049.8512  0.5716 
   00656    0.4175   -1076.0030  0.5641 
   00657    0.4800   -1024.0004  0.5123 
   00658    0.4725   -1034.7983  0.5171 
   00659    0.4375   -1054.7357  0.5193 
   00660    0.4825   -1036.2813  0.5181 
   00661    0.4375   -1046.1043  0.5215 
   00662    0.4725   -1023.1058  0.5123 
   00663    0.4800   -1050.8027  0.5180 
   00664    0.4450   -1047.5249  0.4809 
   00665    0.4675   -1027.3168  0.4868 
   00666    0.4700   -1050.7318  0.5060 
   00667    0.4750    -996.2046  0.4869 
   00668    0.4550   -1029.9263  0.4951 
   00669    0.4600   -1104.4657  0.5236 
   00670    0.4400   -1096.5293  0.5193 
   00671    0.4125   -1081.9549  0.4911 
   00672    0.4825   -1113.3259  0.4906 
   00673    0.4125   -1044.3457  0.5039 
   00674    0.4375   -1105.4614  0.4941 
   00675    0.4225   -1073.0372  0.4956 
   00676    0.4650   -1064.8971  0.4931 
   00677    0.4175   -1065.0942  0.4975 
   00678    0.4100   -1071.3763  0.5348 
   00679    0.4775   -1104.9558  0.5486 
   00680    0.4475   -1069.5929  0.5584 
   00681    0.4225   -1076.0379  0.5693 
   00682    0.3850   -1067.6909  0.5784 
   00683    0.3950   -1074.8926  0.5733 
   00684    0.4525   -1062.8268  0.5715 
   00685    0.4450   -1083.8027  0.5549 
   00686    0.4600   -1044.4631  0.5575 
   00687    0.4325   -1066.8724  0.5747 
   00688    0.4325   -1065.2766  0.5728 
   00689    0.4000   -1100.0598  0.6108 
   00690    0.4500   -1092.2372  0.6232 
   00691    0.4675   -1072.2444  0.5997 
   00692    0.4275   -1074.1677  0.6292 
   00693    0.4100   -1067.6941  0.6304 
   00694    0.4450   -1085.1448  0.6502 
   00695    0.4350   -1092.6338  0.6628 
   00696    0.4475   -1130.2342  0.6936 
   00697    0.4225   -1155.3576  0.7023 
   00698    0.3900   -1158.2422  0.6904 
   00699    0.4325   -1154.6906  0.6953 
   00700    0.3925   -1145.4044  0.6799 
   00701    0.4375   -1187.2900  0.7002 
   00702    0.3975   -1158.1896  0.6910 
   00703    0.3900   -1108.2489  0.6771 
   00704    0.4150   -1097.6598  0.6927 
   00705    0.4500   -1104.9425  0.6959 
   00706    0.4625   -1108.4081  0.7096 
   00707    0.3925   -1135.9061  0.7019 
   00708    0.4375   -1149.6123  0.6937 
   00709    0.3825   -1151.0425  0.6995 
   00710    0.4325   -1166.3404  0.7110 
   00711    0.4250   -1160.3197  0.7278 
   00712    0.4100   -1172.6458  0.7225 
   00713    0.4200   -1120.8615  0.6858 
   00714    0.4525   -1115.9910  0.6772 
   00715    0.4150   -1135.7922  0.6899 
   00716    0.4175   -1139.7156  0.6899 
   00717    0.3725   -1137.0034  0.6686 
   00718    0.4475   -1129.2991  0.6794 
   00719    0.4150   -1118.2399  0.6897 
   00720    0.4675   -1102.4258  0.6852 
   00721    0.3900   -1100.1552  0.6940 
   00722    0.3975   -1093.3763  0.6984 
   00723    0.4425   -1101.4372  0.6958 
   00724    0.4600   -1128.8572  0.7127 
   00725    0.3900   -1133.9693  0.7052 
   00726    0.4375   -1130.2997  0.7060 
   00727    0.4000   -1126.2492  0.7116 
   00728    0.4400   -1120.8047  0.7133 
   00729    0.4225   -1137.7693  0.7221 
   00730    0.4125   -1137.3671  0.7145 
   00731    0.4175   -1139.5110  0.7096 
   00732    0.4125   -1092.2474  0.6917 
   00733    0.4200   -1103.6663  0.6958 
   00734    0.4400   -1122.7300  0.6971 
   00735    0.4200   -1142.3456  0.7122 
   00736    0.3825   -1131.8257  0.7106 
   00737    0.4175   -1151.6671  0.7195 
   00738    0.4150   -1162.2052  0.7363 
   00739    0.4300   -1167.0833  0.7309 
   00740    0.3875   -1160.1321  0.7348 
   00741    0.4250   -1120.3885  0.7123 
   00742    0.4525   -1129.2912  0.6866 
   00743    0.4275   -1115.4402  0.6927 
   00744    0.4200   -1100.5600  0.6793 
   00745    0.4350   -1108.0728  0.6741 
   00746    0.4250   -1094.3151  0.6760 
   00747    0.4700   -1074.3471  0.6671 
   00748    0.4800   -1070.9280  0.6745 
   00749    0.4550   -1092.8325  0.6933 
   00750    0.4500   -1134.8440  0.6919 
   00751    0.3750   -1149.0526  0.7141 
   00752    0.4300   -1174.6664  0.7413 
   00753    0.4525   -1137.5993  0.7278 
   00754    0.4250   -1138.2058  0.7103 
   00755    0.4100   -1173.5834  0.7059 
   00756    0.4050   -1148.9655  0.7149 
   00757    0.4125   -1171.2394  0.7188 
   00758    0.3925   -1196.2126  0.7258 
   00759    0.3875   -1170.8210  0.7134 
   00760    0.3900   -1172.0581  0.7146 
   00761    0.4075   -1196.1649  0.7248 
   00762    0.4150   -1196.1910  0.7172 
   00763    0.3875   -1182.6681  0.7053 
   00764    0.4250   -1192.6521  0.6999 
   00765    0.4075   -1165.0560  0.6970 
   00766    0.4525   -1166.6877  0.6967 
   00767    0.4400   -1157.6019  0.6846 
   00768    0.4200   -1136.4131  0.6796 
   00769    0.3700   -1108.6214  0.6601 
   00770    0.4275   -1080.9252  0.6401 
   00771    0.4325   -1083.7557  0.6245 
   00772    0.4450   -1082.2772  0.6437 
   00773    0.4200   -1080.9192  0.6357 
   00774    0.4400   -1145.2980  0.6385 
   00775    0.4200   -1136.3321  0.6217 
   00776    0.4150   -1142.9389  0.6295 
   00777    0.3950   -1164.3619  0.6467 
   00778    0.4325   -1113.9720  0.6123 
   00779    0.4350   -1110.6765  0.6359 
   00780    0.4725   -1108.4376  0.6621 
   00781    0.4775   -1090.5642  0.6521 
   00782    0.4500   -1060.2878  0.6432 
   00783    0.4125   -1101.3283  0.6637 
   00784    0.4300   -1084.9583  0.6828 
   00785    0.4250   -1125.8561  0.6915 
   00786    0.4225   -1116.9466  0.6868 
   00787    0.4350   -1096.4516  0.6777 
   00788    0.3875   -1125.0516  0.7051 
   00789    0.4525   -1113.9850  0.6842 
   00790    0.4050   -1145.4334  0.7013 
   00791    0.4000   -1168.7908  0.6910 
   00792    0.4050   -1130.6168  0.6827 
   00793    0.3975   -1154.5336  0.6956 
   00794    0.4125   -1167.2037  0.6833 
   00795    0.4075   -1152.2276  0.6729 
   00796    0.3825   -1162.8651  0.6913 
   00797    0.3875   -1164.6556  0.6984 
   00798    0.3950   -1152.1578  0.6980 
   00799    0.4025   -1139.0489  0.6879 
   00800    0.4225   -1149.8570  0.7016 
   00801    0.4400   -1127.1565  0.6904 
   00802    0.4175   -1135.8694  0.6912 
   00803    0.4175   -1122.5843  0.6839 
   00804    0.3875   -1123.8539  0.7014 
   00805    0.4100   -1112.3445  0.6775 
   00806    0.3825   -1097.4925  0.6793 
   00807    0.4150   -1101.7769  0.6768 
   00808    0.4075   -1081.1829  0.6805 
   00809    0.4200   -1090.9045  0.6972 
   00810    0.4175   -1070.1609  0.6887 
   00811    0.4200   -1103.4616  0.7022 
   00812    0.4050   -1097.0692  0.6851 
   00813    0.4300   -1106.4774  0.6943 
   00814    0.4275   -1103.1416  0.6885 
   00815    0.4475   -1109.6357  0.7007 
   00816    0.4000   -1110.2539  0.6976 
   00817    0.4075   -1107.2354  0.7052 
   00818    0.4300   -1097.8802  0.6988 
   00819    0.4575   -1097.9977  0.6967 
   00820    0.4125   -1084.2783  0.6928 
   00821    0.4000   -1114.1759  0.6764 
   00822    0.4425   -1096.2783  0.6771 
   00823    0.4425   -1098.2993  0.6804 
   00824    0.4525   -1077.1115  0.6644 
   00825    0.4450   -1085.2903  0.6705 
   00826    0.4625   -1121.2461  0.6740 
   00827    0.4425   -1126.1928  0.6884 
   00828    0.4150   -1148.4712  0.7050 
   00829    0.3825   -1140.9971  0.7053 
   00830    0.4450   -1099.4009  0.6713 
   00831    0.4500   -1125.5667  0.6755 
   00832    0.4275   -1137.0237  0.6706 
   00833    0.3925   -1147.2254  0.6728 
   00834    0.4450   -1162.5473  0.6858 
   00835    0.3700   -1141.7110  0.6900 
   00836    0.4350   -1112.2572  0.6751 
   00837    0.4200   -1123.7222  0.6825 
   00838    0.3875   -1144.2064  0.6830 
   00839    0.3850   -1156.3709  0.6867 
   00840    0.3775   -1182.0103  0.7055 
   00841    0.4500   -1144.7490  0.6911 
   00842    0.3900   -1132.2070  0.6890 
   00843    0.3800   -1126.6295  0.6692 
   00844    0.4225   -1133.3042  0.6839 
   00845    0.3875   -1129.4133  0.6816 
   00846    0.4125   -1123.0734  0.6741 
   00847    0.4150   -1090.0435  0.6547 
   00848    0.3725   -1116.3575  0.6605 
   00849    0.4325   -1151.4628  0.6671 
   00850    0.4300   -1155.5718  0.6683 
   00851    0.3825   -1143.0082  0.6651 
   00852    0.3675   -1115.3033  0.6522 
   00853    0.4675   -1103.7004  0.6379 
   00854    0.4175   -1085.8233  0.6396 
   00855    0.3900   -1086.4418  0.6509 
   00856    0.4000   -1129.4248  0.6493 
   00857    0.4725   -1104.4051  0.6481 
   00858    0.4475   -1111.2246  0.6767 
   00859    0.3750   -1113.4359  0.6858 
   00860    0.4250   -1109.7796  0.6870 
   00861    0.4700   -1141.7321  0.6716 
   00862    0.4125   -1172.4209  0.6859 
   00863    0.4175   -1185.3870  0.7066 
   00864    0.4200   -1197.3047  0.7178 
   00865    0.3200   -1204.8696  0.7302 
   00866    0.4075   -1210.7672  0.7270 
   00867    0.3650   -1171.9973  0.7063 
   00868    0.3875   -1172.5459  0.7093 
   00869    0.3950   -1184.5105  0.7104 
   00870    0.3975   -1184.4019  0.7189 
   00871    0.4250   -1199.3942  0.7187 
   00872    0.4175   -1175.2261  0.7103 
   00873    0.3975   -1180.2771  0.7129 
   00874    0.4225   -1209.2967  0.7219 
   00875    0.3925   -1220.2521  0.7166 
   00876    0.4125   -1212.7067  0.6858 
   00877    0.3900   -1194.9478  0.6976 
   00878    0.3725   -1166.8351  0.6867 
   00879    0.3950   -1166.9614  0.6999 
   00880    0.3825   -1156.3074  0.6917 
   00881    0.3975   -1144.7942  0.6795 
   00882    0.4375   -1138.4550  0.6667 
   00883    0.3875   -1109.2269  0.6481 
   00884    0.4325   -1135.2953  0.6780 
   00885    0.3950   -1117.1438  0.6770 
   00886    0.4350   -1116.0462  0.6534 
   00887    0.3850   -1125.6898  0.6648 
   00888    0.3975   -1116.9304  0.6611 
   00889    0.4175   -1108.7165  0.6646 
   00890    0.4300   -1115.3193  0.6931 
   00891    0.3825   -1138.8547  0.7057 
   00892    0.4475   -1196.8455  0.7444 
   00893    0.4050   -1205.1666  0.7397 
   00894    0.3550   -1219.0461  0.7390 
   00895    0.4050   -1194.9772  0.7353 
   00896    0.3775   -1199.7395  0.7373 
   00897    0.4000   -1155.7572  0.7061 
   00898    0.4125   -1166.9511  0.7208 
   00899    0.4425   -1155.9738  0.7139 
   00900    0.4700   -1153.0114  0.7251 
   00901    0.4000   -1161.3415  0.7306 
   00902    0.4275   -1117.0911  0.7047 
   00903    0.4125   -1114.9057  0.7008 
   00904    0.3975   -1099.1127  0.7002 
   00905    0.3725   -1092.5393  0.6952 
   00906    0.4125   -1076.4898  0.6835 
   00907    0.4225   -1106.8256  0.6754 
   00908    0.3900   -1090.3388  0.6683 
   00909    0.4825   -1094.0771  0.6600 
   00910    0.4000   -1100.7498  0.6611 
   00911    0.4450   -1112.5416  0.6680 
   00912    0.4825   -1050.3329  0.6400 
   00913    0.4400   -1073.4892  0.6797 
   00914    0.4375   -1073.5899  0.6768 
   00915    0.4350   -1097.5035  0.6754 
   00916    0.4150   -1098.2613  0.6781 
   00917    0.4325   -1093.9047  0.6839 
   00918    0.4800   -1138.7221  0.6949 
   00919    0.4225   -1140.7660  0.6932 
   00920    0.4600   -1143.9617  0.7045 
   00921    0.4575   -1111.7152  0.6865 
   00922    0.4050   -1083.7398  0.6714 
   00923    0.4225   -1102.8503  0.6732 
   00924    0.4575   -1056.3428  0.6393 
   00925    0.4625   -1070.1849  0.6526 
   00926    0.4425   -1094.9622  0.6615 
   00927    0.4675   -1084.6000  0.6553 
   00928    0.4200   -1081.3927  0.6345 
   00929    0.4600   -1126.0456  0.6627 
   00930    0.4450   -1119.0547  0.6669 
   00931    0.4400   -1116.1646  0.6692 
   00932    0.4125   -1094.7881  0.6640 
   00933    0.4100   -1119.6293  0.6690 
   00934    0.4125   -1132.1394  0.6723 
   00935    0.4200   -1126.9085  0.6756 
   00936    0.3850   -1131.2166  0.6666 
   00937    0.3875   -1117.2205  0.6475 
   00938    0.4575   -1130.3836  0.6465 
   00939    0.4350   -1110.6773  0.6369 
   00940    0.4600   -1082.9729  0.6387 
   00941    0.4525   -1102.6593  0.6363 
   00942    0.4325   -1109.2010  0.6569 
   00943    0.4150   -1151.6466  0.6774 
   00944    0.4500   -1104.8612  0.6629 
   00945    0.4200   -1109.8089  0.6550 
   00946    0.4575   -1129.6026  0.6559 
   00947    0.4000   -1141.2979  0.6535 
   00948    0.4500   -1117.0574  0.6152 
   00949    0.4350   -1134.6935  0.6323 
   00950    0.4475   -1152.0980  0.6438 
   00951    0.4375   -1153.9483  0.6802 
   00952    0.4225   -1132.5986  0.6698 
   00953    0.4000   -1130.8273  0.6629 
   00954    0.4375   -1107.6152  0.6575 
   00955    0.4450   -1083.0892  0.6848 
   00956    0.3825   -1073.4262  0.6962 
   00957    0.4225   -1108.3636  0.7138 
   00958    0.4400   -1094.1192  0.6949 
   00959    0.4600   -1076.5505  0.7038 
   00960    0.4375   -1071.0100  0.6939 
   00961    0.4250   -1041.4411  0.6623 
   00962    0.4275   -1073.0655  0.6641 
   00963    0.4475   -1059.5236  0.6492 
   00964    0.4725   -1076.0675  0.6563 
   00965    0.4250   -1121.3327  0.6615 
   00966    0.3825   -1088.8658  0.6643 
   00967    0.3775   -1105.5787  0.6535 
   00968    0.4050   -1070.8576  0.6068 
   00969    0.3975   -1084.2357  0.6085 
   00970    0.4075   -1063.6935  0.6107 
   00971    0.4250   -1043.8216  0.5924 
   00972    0.4825   -1068.6359  0.6191 
   00973    0.4750   -1056.4635  0.6008 
   00974    0.4600   -1078.2974  0.6174 
   00975    0.4725   -1056.5029  0.6224 
   00976    0.4475   -1078.5226  0.6188 
   00977    0.4500   -1095.3656  0.6402 
   00978    0.4200   -1082.0134  0.6366 
   00979    0.4650   -1090.4784  0.6263 
   00980    0.4400   -1093.2815  0.6126 
   00981    0.4350   -1061.5726  0.5876 
   00982    0.4425   -1079.2923  0.6159 
   00983    0.4575   -1135.1650  0.6391 
   00984    0.4275   -1144.3109  0.6400 
   00985    0.3875   -1156.5151  0.6380 
   00986    0.3600   -1162.4405  0.6380 
   00987    0.3750   -1131.8819  0.6345 
   00988    0.4450   -1137.8254  0.6322 
   00989    0.4400   -1140.2389  0.6418 
   00990    0.4375   -1148.9271  0.6446 
   00991    0.4450   -1146.0126  0.6325 
   00992    0.3975   -1120.6287  0.6423 
   00993    0.3900   -1112.2412  0.6341 
   00994    0.4250   -1142.6922  0.6438 
   00995    0.4050   -1182.2368  0.6707 
   00996    0.4050   -1184.0595  0.6685 
   00997    0.4600   -1157.9281  0.6626 
   00998    0.4200   -1154.1515  0.6775 
   00999    0.4025   -1131.0603  0.6634 
   01000    0.4325   -1132.1922  0.6725 
