#=====================================================
# File created:        Mon-03-Nov-2025-at-01-40-47AM
# Size of lattice:     20x20
# Number of MC steps:  1000
# Reduced temperature: 0.150
# Run time (s):        7.766519
#=====================================================
# MC step:  Ratio:     Energy:   Order:
#=====================================================
   00000    0.5000    -400.1696  0.3064 
   00001    0.6825    -532.4617  0.3264 
   00002    0.6400    -627.7977  0.3298 
   00003    0.6400    -711.8817  0.3322 
   00004    0.5925    -783.2696  0.3417 
   00005    0.6275    -851.0287  0.3452 
   00006    0.6025    -926.9248  0.3728 
   00007    0.5950    -979.1762  0.3891 
   00008    0.5900   -1046.5662  0.4051 
   00009    0.5550   -1098.0132  0.4187 
   00010    0.5800   -1129.3412  0.4251 
   00011    0.5575   -1169.4268  0.4345 
   00012    0.5075   -1191.4376  0.4426 
   00013    0.5200   -1208.9337  0.4370 
   00014    0.5150   -1229.4212  0.4446 
   00015    0.5200   -1253.5190  0.4565 
   00016    0.5500   -1275.3735  0.4587 
   00017    0.5150   -1286.8606  0.4490 
   00018    0.4850   -1290.5339  0.4633 
   00019    0.4850   -1313.0519  0.4624 
   00020    0.5075   -1321.1541  0.4564 
   00021    0.5325   -1338.2172  0.4566 
   00022    0.5025   -1346.9399  0.4632 
   00023    0.5300   -1354.4939  0.4603 
   00024    0.5050   -1364.6559  0.4600 
   00025    0.5100   -1373.4032  0.4656 
   00026    0.4775   -1384.4420  0.4666 
   00027    0.5075   -1394.1837  0.4705 
   00028    0.5200   -1393.4109  0.4797 
   00029    0.5425   -1395.2202  0.4807 
   00030    0.5500   -1395.7825  0.4703 
   00031    0.5250   -1400.5753  0.4799 
   00032    0.4775   -1404.8781  0.4869 
   00033    0.4775   -1402.0970  0.4907 
   00034    0.4800   -1403.3996  0.4925 
   00035    0.4925   -1410.1217  0.5008 
   00036    0.4750   -1413.1234  0.5011 
   00037    0.4850   -1409.8498  0.4970 
   00038    0.5250   -1412.5927  0.5006 
   00039    0.4675   -1408.9444  0.5025 
   00040    0.5300   -1411.3881  0.4983 
   00041    0.4825   -1413.2083  0.4959 
   00042    0.4575   -1413.3114  0.5020 
   00043    0.4525   -1417.0124  0.5027 
   00044    0.5000   -1415.0449  0.5160 
   00045    0.5050   -1419.6311  0.5137 
   00046    0.5575   -1420.2544  0.5236 
   00047    0.4850   -1423.0356  0.5301 
   00048    0.5000   -1427.2120  0.5350 
   00049    0.5325   -1425.6436  0.5269 
   00050    0.5025   -1424.1384  0.5330 
   00051    0.5250   -1422.9671  0.5323 
   00052    0.5100   -1426.5810  0.5341 
   00053    0.4800   -1427.3676  0.5223 
   00054    0.5250   -1421.7493  0.5318 
   00055    0.4900   -1420.0931  0.5378 
   00056    0.4775   -1422.1547  0.5329 
   00057    0.5050   -1428.0540  0.5310 
   00058    0.5025   -1436.1426  0.5318 
   00059    0.4975   -1435.0539  0.5284 
   00060    0.4925   -1432.9257  0.5328 
   00061    0.4950   -1437.9221  0.5336 
   00062    0.4875   -1442.2939  0.5284 
   00063    0.5075   -1434.7125  0.5348 
   00064    0.4950   -1436.1848  0.5352 
   00065    0.5175   -1443.3367  0.5387 
   00066    0.5550   -1441.7382  0.5457 
   00067    0.4650   -1440.5389  0.5470 
   00068    0.4550   -1438.9927  0.5421 
   00069    0.5250   -1435.3527  0.5461 
   00070    0.5200   -1432.4843  0.5459 
   00071    0.5075   -1434.7019  0.5478 
   00072    0.4400   -1431.8246  0.5490 
   00073    0.5175   -1431.4227  0.5423 
   00074    0.5000   -1440.3845  0.5461 
   00075    0.4500   -1441.5990  0.5388 
   00076    0.4750   -1440.0468  0.5354 
   00077    0.5250   -1438.0961  0.5419 
   00078    0.4675   -1438.9824  0.5462 
   00079    0.4600   -1442.4216  0.5496 
   00080    0.4975   -1446.6108  0.5441 
   00081    0.5025   -1450.2816  0.5475 
   00082    0.4750   -1445.2989  0.5539 
   00083    0.4850   -1447.9800  0.5500 
   00084    0.5100   -1447.9676  0.5492 
   00085    0.5475   -1444.6330  0.5598 
   00086    0.5275   -1450.9560  0.5691 
   00087    0.4700   -1452.1928  0.5728 
   00088    0.4925   -1451.6483  0.5773 
   00089    0.4825   -1458.9875  0.5810 
   00090    0.4750   -1457.7497  0.5846 
   00091    0.4525   -1457.0630  0.5862 
   00092    0.4850   -1456.9330  0.5944 
   00093    0.4650   -1458.4481  0.5933 
   00094    0.4825   -1450.3371  0.5946 
   00095    0.4775   -1448.7091  0.5966 
   00096    0.5200   -1456.5386  0.6054 
   00097    0.4975   -1461.4105  0.6168 
   00098    0.4700   -1461.6301  0.6155 
   00099    0.5025   -1458.2394  0.6216 
   00100    0.4800   -1457.7864  0.6247 
   00101    0.4900   -1453.1307  0.6229 
   00102    0.4925   -1454.0975  0.6277 
   00103    0.4700   -1459.0765  0.6369 
   00104    0.4825   -1463.5940  0.6450 
   00105    0.5100   -1463.0970  0.6447 
   00106    0.5000   -1460.3571  0.6446 
   00107    0.5150   -1460.8228  0.6440 
   00108    0.5375   -1460.3756  0.6439 
   00109    0.4200   -1458.1211  0.6450 
   00110    0.4525   -1462.0869  0.6400 
   00111    0.4575   -1465.0623  0.6426 
   00112    0.4500   -1464.0315  0.6498 
   00113    0.4775   -1465.2801  0.6445 
   00114    0.4900   -1465.7999  0.6426 
   00115    0.4525   -1461.4277  0.6407 
   00116    0.4825   -1459.7184  0.6399 
   00117    0.4925   -1461.1453  0.6432 
   00118    0.4900   -1466.2710  0.6471 
   00119    0.5225   -1460.1048  0.6509 
   00120    0.4875   -1461.7979  0.6484 
   00121    0.5025   -1457.3494  0.6488 
   00122    0.4675   -1454.3349  0.6565 
   00123    0.4750   -1456.3427  0.6604 
   00124    0.4925   -1458.7615  0.6709 
   00125    0.4550   -1461.1735  0.6703 
   00126    0.4925   -1457.7446  0.6741 
   00127    0.5175   -1458.1517  0.6824 
   00128    0.4750   -1460.5381  0.6771 
   00129    0.4875   -1465.0536  0.6842 
   00130    0.5325   -1469.8841  0.6865 
   00131    0.4800   -1461.1672  0.6904 
   00132    0.5325   -1460.6024  0.6998 
   00133    0.4925   -1464.2877  0.6932 
   00134    0.4975   -1465.2646  0.6954 
   00135    0.5200   -1469.0842  0.7038 
   00136    0.4900   -1470.2294  0.7067 
   00137    0.4525   -1472.9926  0.7061 
   00138    0.4575   -1477.7589  0.7112 
   00139    0.4775   -1479.3086  0.7123 
   00140    0.4825   -1477.0426  0.7068 
   00141    0.5050   -1478.2244  0.7064 
   00142    0.4525   -1477.3490  0.7082 
   00143    0.4950   -1474.9410  0.7089 
   00144    0.4575   -1483.7962  0.7174 
   00145    0.4600   -1473.0040  0.7192 
   00146    0.4950   -1478.9128  0.7287 
   00147    0.5175   -1485.3955  0.7388 
   00148    0.4725   -1484.9548  0.7423 
   00149    0.4975   -1481.2369  0.7477 
   00150    0.5100   -1481.7878  0.7546 
   00151    0.5025   -1486.0681  0.7578 
   00152    0.4850   -1486.7436  0.7586 
   00153    0.4600   -1485.7045  0.7576 
   00154    0.4800   -1486.9902  0.7599 
   00155    0.4600   -1486.0522  0.7602 
   00156    0.4925   -1483.8317  0.7559 
   00157    0.4825   -1488.9764  0.7556 
   00158    0.4575   -1492.0487  0.7578 
   00159    0.4575   -1490.1496  0.7658 
   00160    0.4825   -1487.5842  0.7638 
   00161    0.4825   -1490.3319  0.7589 
   00162    0.4850   -1491.6238  0.7621 
   00163    0.5075   -1492.8160  0.7646 
   00164    0.5075   -1493.9820  0.7694 
   00165    0.5025   -1492.8027  0.7712 
   00166    0.4800   -1492.7810  0.7707 
   00167    0.4750   -1485.5001  0.7702 
   00168    0.4800   -1488.8510  0.7673 
   00169    0.4500   -1487.5226  0.7703 
   00170    0.5200   -1484.3024  0.7714 
   00171    0.5400   -1486.9951  0.7705 
   00172    0.4875   -1491.1824  0.7700 
   00173    0.4900   -1489.3875  0.7634 
   00174    0.4675   -1490.3198  0.7661 
   00175    0.5075   -1490.1603  0.7694 
   00176    0.4625   -1492.8963  0.7703 
   00177    0.4650   -1497.4922  0.7744 
   00178    0.4525   -1494.3416  0.7659 
   00179    0.4900   -1492.0384  0.7631 
   00180    0.4325   -1490.5918  0.7672 
   00181    0.4875   -1490.6470  0.7809 
   00182    0.4975   -1486.9837  0.7819 
   00183    0.4875   -1488.4760  0.7851 
   00184    0.4350   -1490.3972  0.7872 
   00185    0.4900   -1489.5270  0.7953 
   00186    0.4625   -1486.5777  0.8001 
   00187    0.5025   -1491.8911  0.7976 
   00188    0.4825   -1490.5959  0.7936 
   00189    0.5050   -1491.5581  0.7947 
   00190    0.4550   -1488.1580  0.8005 
   00191    0.4500   -1490.1391  0.8020 
   00192    0.4975   -1492.2244  0.8068 
   00193    0.4800   -1495.7009  0.8045 
   00194    0.5025   -1494.9619  0.8087 
   00195    0.4650   -1492.2062  0.8126 
   00196    0.5050   -1495.9376  0.8161 
   00197    0.5250   -1498.5513  0.8212 
   00198    0.5075   -1496.0597  0.8250 
   00199    0.4700   -1496.9591  0.8309 
   00200    0.5100   -1494.6716  0.8371 
   00201    0.4950   -1492.2385  0.8366 
   00202    0.4525   -1495.2488  0.8390 
   00203    0.5000   -1492.1725  0.8317 
   00204    0.4550   -1495.6455  0.8366 
   00205    0.4525   -1499.6516  0.8350 
   00206    0.4925   -1499.8507  0.8360 
   00207    0.4950   -1499.3310  0.8316 
   00208    0.4825   -1498.7606  0.8283 
   00209    0.5400   -1496.4806  0.8277 
   00210    0.4850   -1502.8306  0.8355 
   00211    0.4625   -1498.7160  0.8350 
   00212    0.4700   -1497.6252  0.8394 
   00213    0.5100   -1502.7447  0.8464 
   00214    0.4800   -1503.0159  0.8453 
   00215    0.5025   -1502.2852  0.8412 
   00216    0.4950   -1499.8228  0.8390 
   00217    0.4625   -1496.6473  0.8395 
   00218    0.4800   -1497.5926  0.8415 
   00219    0.4800   -1496.9384  0.8440 
   00220    0.4525   -1502.8235  0.8453 
   00221    0.4550   -1504.3267  0.8441 
   00222    0.4775   -1505.6223  0.8521 
   00223    0.4625   -1507.9738  0.8546 
   00224    0.4700   -1509.3165  0.8541 
   00225    0.4575   -1510.0056  0.8541 
   00226    0.4700   -1513.9889  0.8537 
   00227    0.4600   -1514.1072  0.8565 
   00228    0.4350   -1512.8367  0.8564 
   00229    0.4725   -1510.8912  0.8571 
   00230    0.4875   -1510.4970  0.8568 
   00231    0.5025   -1508.6803  0.8590 
   00232    0.4950   -1510.9409  0.8609 
   00233    0.4900   -1514.6228  0.8682 
   00234    0.5075   -1517.4646  0.8656 
   00235    0.4850   -1514.6728  0.8628 
   00236    0.4800   -1515.3914  0.8612 
   00237    0.4750   -1516.9638  0.8631 
   00238    0.4650   -1521.0824  0.8643 
   00239    0.4825   -1517.6929  0.8657 
   00240    0.4850   -1511.2918  0.8605 
   00241    0.4750   -1508.3295  0.8557 
   00242    0.4500   -1510.0745  0.8594 
   00243    0.4725   -1511.8241  0.8624 
   00244    0.4500   -1510.7635  0.8657 
   00245    0.5150   -1505.3309  0.8613 
   00246    0.4550   -1509.7104  0.8630 
   00247    0.4600   -1514.4312  0.8678 
   00248    0.4475   -1518.4468  0.8649 
   00249    0.4700   -1517.9437  0.8657 
   00250    0.4600   -1513.2160  0.8677 
   00251    0.4650   -1514.3619  0.8707 
   00252    0.4525   -1508.1723  0.8734 
   00253    0.4575   -1509.4100  0.8687 
   00254    0.4725   -1515.3131  0.8692 
   00255    0.4775   -1515.1286  0.8647 
   00256    0.4800   -1515.7332  0.8672 
   00257    0.4950   -1512.0916  0.8648 
   00258    0.4350   -1513.3478  0.8661 
   00259    0.4550   -1513.1036  0.8592 
   00260    0.4225   -1517.4541  0.8617 
   00261    0.4425   -1515.5769  0.8611 
   00262    0.5025   -1514.5727  0.8615 
   00263    0.4575   -1514.5020  0.8611 
   00264    0.4600   -1515.8463  0.8688 
   00265    0.4500   -1513.2252  0.8722 
   00266    0.4825   -1511.9049  0.8670 
   00267    0.4625   -1516.5269  0.8707 
   00268    0.4725   -1519.0147  0.8717 
   00269    0.4725   -1520.6952  0.8758 
   00270    0.4700   -1520.6158  0.8761 
   00271    0.4175   -1514.1371  0.8736 
   00272    0.4650   -1517.6799  0.8782 
   00273    0.4575   -1521.9850  0.8784 
   00274    0.4875   -1523.6899  0.8829 
   00275    0.4775   -1526.6387  0.8902 
   00276    0.4525   -1524.3221  0.8838 
   00277    0.4950   -1519.6448  0.8818 
   00278    0.4450   -1525.6626  0.8850 
   00279    0.4925   -1521.7938  0.8802 
   00280    0.4625   -1523.8318  0.8817 
   00281    0.4625   -1519.0275  0.8801 
   00282    0.5275   -1519.8565  0.8844 
   00283    0.5000   -1516.3826  0.8839 
   00284    0.4925   -1514.8638  0.8877 
   00285    0.4975   -1515.8318  0.8818 
   00286    0.4575   -1516.8475  0.8796 
   00287    0.4650   -1512.4404  0.8812 
   00288    0.4625   -1512.4994  0.8773 
   00289    0.4550   -1512.1406  0.8720 
   00290    0.5275   -1511.9927  0.8685 
   00291    0.4975   -1508.7797  0.8744 
   00292    0.4725   -1515.2350  0.8792 
   00293    0.4675   -1511.8711  0.8777 
   00294    0.4750   -1513.0490  0.8794 
   00295    0.4400   -1511.3618  0.8788 
   00296    0.4475   -1514.9403  0.8827 
   00297    0.4650   -1514.4302  0.8810 
   00298    0.4925   -1512.1540  0.8836 
   00299    0.4375   -1512.1774  0.8871 
   00300    0.4700   -1521.9633  0.8971 
   00301    0.4350   -1521.0348  0.8985 
   00302    0.4800   -1516.8350  0.9002 
   00303    0.4850   -1512.3878  0.8942 
   00304    0.4625   -1517.4351  0.9027 
   00305    0.4675   -1516.2024  0.9038 
   00306    0.4625   -1521.1732  0.9038 
   00307    0.4700   -1524.7922  0.9108 
   00308    0.5150   -1526.6637  0.9086 
   00309    0.5025   -1526.7830  0.9057 
   00310    0.4925   -1527.5595  0.9106 
   00311    0.4650   -1528.4083  0.9175 
   00312    0.4575   -1527.5591  0.9184 
   00313    0.5000   -1530.0478  0.9167 
   00314    0.4950   -1531.2042  0.9172 
   00315    0.4450   -1528.7494  0.9174 
   00316    0.5500   -1530.6438  0.9219 
   00317    0.4675   -1531.6297  0.9180 
   00318    0.4800   -1528.0627  0.9152 
   00319    0.4950   -1523.5088  0.9175 
   00320    0.5125   -1520.4031  0.9113 
   00321    0.4475   -1524.3812  0.9174 
   00322    0.4225   -1527.0920  0.9190 
   00323    0.4750   -1530.8354  0.9243 
   00324    0.4750   -1531.7233  0.9246 
   00325    0.5075   -1533.8055  0.9273 
   00326    0.4925   -1534.8901  0.9290 
   00327    0.4275   -1537.2571  0.9328 
   00328    0.4825   -1536.3574  0.9270 
   00329    0.4600   -1536.2105  0.9273 
   00330    0.4950   -1536.1923  0.9316 
   00331    0.4900   -1534.4480  0.9303 
   00332    0.4875   -1538.7802  0.9317 
   00333    0.4925   -1540.7128  0.9338 
   00334    0.4775   -1540.7520  0.9295 
   00335    0.4550   -1541.0980  0.9291 
   00336    0.4425   -1540.0450  0.9269 
   00337    0.4450   -1539.7391  0.9292 
   00338    0.4650   -1538.6310  0.9280 
   00339    0.4200   -1535.5116  0.9234 
   00340    0.4500   -1532.6609  0.9206 
   00341    0.4775   -1532.0746  0.9215 
   00342    0.4650   -1529.4360  0.9263 
   00343    0.4525   -1532.2005  0.9283 
   00344    0.4900   -1530.9958  0.9325 
   00345    0.4625   -1532.0541  0.9317 
   00346    0.4925   -1526.9787  0.9319 
   00347    0.4475   -1526.1392  0.9301 
   00348    0.4750   -1526.6955  0.9296 
   00349    0.4125   -1535.3005  0.9319 
   00350    0.4175   -1535.5803  0.9348 
   00351    0.4700   -1540.2045  0.9371 
   00352    0.4675   -1540.0691  0.9416 
   00353    0.4875   -1540.7709  0.9415 
   00354    0.5375   -1537.6554  0.9378 
   00355    0.4850   -1532.8009  0.9379 
   00356    0.4900   -1535.9459  0.9408 
   00357    0.5125   -1535.0670  0.9366 
   00358    0.4725   -1529.1571  0.9385 
   00359    0.5225   -1532.3582  0.9355 
   00360    0.4375   -1531.7821  0.9319 
   00361    0.4250   -1532.8661  0.9322 
   00362    0.5025   -1540.3078  0.9355 
   00363    0.3975   -1539.8182  0.9350 
   00364    0.4850   -1536.0815  0.9345 
   00365    0.4675   -1529.8628  0.9347 
   00366    0.4950   -1529.7308  0.9344 
   00367    0.4250   -1530.6056  0.9320 
   00368    0.4675   -1531.7152  0.9308 
   00369    0.4550   -1526.3876  0.9318 
   00370    0.4775   -1530.1357  0.9343 
   00371    0.4700   -1531.1590  0.9383 
   00372    0.5050   -1536.5390  0.9380 
   00373    0.4450   -1534.7571  0.9350 
   00374    0.4050   -1532.9817  0.9380 
   00375    0.4825   -1534.5253  0.9423 
   00376    0.4725   -1531.9607  0.9387 
   00377    0.5350   -1541.3902  0.9445 
   00378    0.4950   -1539.9807  0.9425 
   00379    0.4725   -1535.1930  0.9409 
   00380    0.4825   -1532.7241  0.9389 
   00381    0.4525   -1530.0485  0.9369 
   00382    0.4575   -1530.7606  0.9360 
   00383    0.4400   -1532.3261  0.9377 
   00384    0.4500   -1531.8132  0.9365 
   00385    0.4025   -1534.1704  0.9370 
   00386    0.4400   -1536.0841  0.9445 
   00387    0.4875   -1532.7365  0.9446 
   00388    0.4550   -1537.9731  0.9446 
   00389    0.4625   -1544.6881  0.9472 
   00390    0.4625   -1544.8135  0.9488 
   00391    0.4000   -1541.9111  0.9497 
   00392    0.4700   -1542.6882  0.9516 
   00393    0.5275   -1544.6922  0.9505 
   00394    0.4775   -1537.1014  0.9469 
   00395    0.4250   -1536.4222  0.9491 
   00396    0.4450   -1540.2465  0.9515 
   00397    0.4950   -1541.9039  0.9524 
   00398    0.4975   -1539.1747  0.9472 
   00399    0.4475   -1542.1423  0.9469 
   00400    0.4475   -1546.5777  0.9480 
   00401    0.4475   -1544.1811  0.9498 
   00402    0.4425   -1542.8478  0.9501 
   00403    0.4475   -1544.2094  0.9511 
   00404    0.4075   -1543.4430  0.9510 
   00405    0.4450   -1547.8522  0.9551 
   00406    0.4625   -1548.6828  0.9530 
   00407    0.4650   -1549.2246  0.9557 
   00408    0.4550   -1546.2260  0.9558 
   00409    0.4975   -1544.7041  0.9565 
   00410    0.4450   -1542.1974  0.9542 
   00411    0.4575   -1546.0726  0.9552 
   00412    0.5275   -1538.3655  0.9531 
   00413    0.4425   -1536.4990  0.9540 
   00414    0.5000   -1534.3119  0.9545 
   00415    0.4800   -1534.8246  0.9551 
   00416    0.4725   -1540.2589  0.9559 
   00417    0.4750   -1542.3522  0.9565 
   00418    0.4775   -1543.4873  0.9589 
   00419    0.5050   -1542.2177  0.9567 
   00420    0.5200   -1541.3266  0.9579 
   00421    0.4375   -1545.0624  0.9615 
   00422    0.4650   -1538.9421  0.9583 
   00423    0.4625   -1539.8989  0.9587 
   00424    0.4325   -1540.8186  0.9564 
   00425    0.4850   -1540.6021  0.9567 
   00426    0.4900   -1537.5777  0.9564 
   00427    0.5025   -1538.2179  0.9588 
   00428    0.4625   -1538.7827  0.9568 
   00429    0.4325   -1538.4798  0.9578 
   00430    0.5200   -1531.0521  0.9547 
   00431    0.4350   -1538.5382  0.9592 
   00432    0.4275   -1539.5571  0.9596 
   00433    0.4625   -1540.3775  0.9573 
   00434    0.4825   -1540.7876  0.9569 
   00435    0.4325   -1539.8727  0.9550 
   00436    0.4975   -1541.1926  0.9569 
   00437    0.4975   -1543.3588  0.9596 
   00438    0.4975   -1542.9413  0.9583 
   00439    0.4600   -1542.4653  0.9580 
   00440    0.4950   -1542.4114  0.9591 
   00441    0.4625   -1541.5920  0.9603 
   00442    0.4900   -1540.5320  0.9570 
   00443    0.4725   -1540.4871  0.9576 
   00444    0.4375   -1545.3648  0.9595 
   00445    0.4775   -1539.7139  0.9565 
   00446    0.4475   -1540.4525  0.9553 
   00447    0.4900   -1531.5298  0.9533 
   00448    0.4375   -1533.4898  0.9537 
   00449    0.4500   -1535.3409  0.9554 
   00450    0.4250   -1537.4664  0.9562 
   00451    0.4625   -1539.4971  0.9580 
   00452    0.4775   -1544.7624  0.9607 
   00453    0.4150   -1543.5162  0.9594 
   00454    0.4500   -1544.2120  0.9594 
   00455    0.4825   -1538.5336  0.9577 
   00456    0.5150   -1534.2460  0.9536 
   00457    0.4475   -1536.5274  0.9545 
   00458    0.4600   -1538.0859  0.9543 
   00459    0.4600   -1539.1764  0.9562 
   00460    0.4475   -1539.5173  0.9530 
   00461    0.4900   -1531.8895  0.9523 
   00462    0.4875   -1532.3036  0.9537 
   00463    0.4350   -1533.5037  0.9584 
   00464    0.4550   -1535.3490  0.9604 
   00465    0.4625   -1539.0437  0.9614 
   00466    0.4775   -1528.2139  0.9570 
   00467    0.4850   -1539.7387  0.9622 
   00468    0.4875   -1539.0450  0.9620 
   00469    0.5100   -1542.0483  0.9632 
   00470    0.5200   -1540.6551  0.9617 
   00471    0.4825   -1543.9812  0.9615 
   00472    0.4350   -1544.7315  0.9644 
   00473    0.4550   -1541.2550  0.9618 
   00474    0.4150   -1542.0543  0.9620 
   00475    0.4475   -1544.4748  0.9627 
   00476    0.4525   -1544.2386  0.9618 
   00477    0.4500   -1546.0957  0.9655 
   00478    0.4750   -1541.9650  0.9634 
   00479    0.5000   -1539.8551  0.9607 
   00480    0.4925   -1537.4306  0.9615 
   00481    0.4500   -1533.4298  0.9612 
   00482    0.5050   -1541.8292  0.9643 
   00483    0.4700   -1540.1565  0.9622 
   00484    0.4550   -1540.0947  0.9620 
   00485    0.4825   -1537.1516  0.9626 
   00486    0.4700   -1543.3462  0.9650 
   00487    0.4675   -1544.6196  0.9657 
   00488    0.4650   -1544.3245  0.9673 
   00489    0.4675   -1544.5127  0.9676 
   00490    0.5075   -1547.0043  0.9692 
   00491    0.4900   -1547.4506  0.9656 
   00492    0.4325   -1542.2604  0.9644 
   00493    0.4475   -1545.3058  0.9663 
   00494    0.4600   -1540.3148  0.9629 
   00495    0.4700   -1540.0684  0.9636 
   00496    0.5050   -1542.0837  0.9653 
   00497    0.4275   -1537.3375  0.9644 
   00498    0.4850   -1536.2722  0.9605 
   00499    0.4700   -1537.1358  0.9619 
   00500    0.4525   -1539.6485  0.9634 
   00501    0.4750   -1536.1663  0.9625 
   00502    0.4900   -1536.1813  0.9609 
   00503    0.4500   -1535.9625  0.9625 
   00504    0.5225   -1537.3019  0.9646 
   00505    0.5075   -1534.8198  0.9600 
   00506    0.4750   -1530.7517  0.9569 
   00507    0.4425   -1535.7024  0.9592 
   00508    0.4425   -1540.6225  0.9607 
   00509    0.4800   -1544.1485  0.9592 
   00510    0.4850   -1544.1207  0.9617 
   00511    0.4650   -1543.0839  0.9624 
   00512    0.4675   -1545.0683  0.9623 
   00513    0.3925   -1543.2989  0.9605 
   00514    0.4925   -1542.2125  0.9603 
   00515    0.5050   -1539.0463  0.9601 
   00516    0.4200   -1536.0141  0.9590 
   00517    0.5125   -1535.2080  0.9609 
   00518    0.4800   -1529.6681  0.9602 
   00519    0.4800   -1529.7709  0.9615 
   00520    0.4275   -1535.5036  0.9651 
   00521    0.4625   -1537.5266  0.9659 
   00522    0.4850   -1537.7430  0.9647 
   00523    0.4800   -1540.9768  0.9654 
   00524    0.4650   -1540.0492  0.9640 
   00525    0.5000   -1540.6847  0.9622 
   00526    0.4900   -1543.9751  0.9607 
   00527    0.4900   -1541.5560  0.9620 
   00528    0.4650   -1541.2612  0.9621 
   00529    0.4475   -1544.3857  0.9658 
   00530    0.4525   -1548.7449  0.9663 
   00531    0.4700   -1546.6310  0.9672 
   00532    0.4200   -1539.2651  0.9640 
   00533    0.5000   -1533.2416  0.9640 
   00534    0.4475   -1534.6631  0.9629 
   00535    0.4700   -1534.7654  0.9623 
   00536    0.4675   -1537.9507  0.9637 
   00537    0.4400   -1538.9384  0.9629 
   00538    0.5025   -1537.4661  0.9623 
   00539    0.4550   -1535.5208  0.9604 
   00540    0.4750   -1538.0112  0.9591 
   00541    0.4600   -1542.3984  0.9631 
   00542    0.4300   -1538.1806  0.9622 
   00543    0.4500   -1539.2914  0.9636 
   00544    0.4700   -1538.9516  0.9621 
   00545    0.4600   -1538.6293  0.9655 
   00546    0.4975   -1536.2970  0.9650 
   00547    0.5275   -1536.0782  0.9623 
   00548    0.4675   -1532.8593  0.9619 
   00549    0.5250   -1535.3568  0.9641 
   00550    0.4975   -1536.9441  0.9636 
   00551    0.4875   -1539.4799  0.9628 
   00552    0.4850   -1537.0779  0.9614 
   00553    0.4425   -1537.1338  0.9614 
   00554    0.4175   -1537.0509  0.9584 
   00555    0.5225   -1533.8812  0.9591 
   00556    0.4650   -1538.1041  0.9600 
   00557    0.4775   -1539.1564  0.9632 
   00558    0.4950   -1538.0945  0.9639 
   00559    0.5000   -1538.6602  0.9624 
   00560    0.4925   -1538.9028  0.9621 
   00561    0.4975   -1534.0687  0.9610 
   00562    0.4525   -1534.2281  0.9610 
   00563    0.4750   -1533.3645  0.9595 
   00564    0.4200   -1534.3038  0.9616 
   00565    0.4675   -1530.3824  0.9596 
   00566    0.4750   -1532.1351  0.9620 
   00567    0.4675   -1538.3678  0.9665 
   00568    0.4575   -1533.9811  0.9641 
   00569    0.5375   -1539.0510  0.9643 
   00570    0.4700   -1535.8919  0.9633 
   00571    0.4800   -1536.8667  0.9639 
   00572    0.4825   -1531.3682  0.9615 
   00573    0.5100   -1530.9186  0.9586 
   00574    0.4800   -1531.1642  0.9601 
   00575    0.5300   -1527.0014  0.9585 
   00576    0.4825   -1525.6582  0.9578 
   00577    0.5050   -1524.6455  0.9568 
   00578    0.4975   -1524.4420  0.9568 
   00579    0.4500   -1525.9452  0.9583 
   00580    0.4525   -1531.4659  0.9606 
   00581    0.4850   -1531.5031  0.9590 
   00582    0.4850   -1532.6342  0.9596 
   00583    0.4900   -1537.4622  0.9619 
   00584    0.4475   -1536.7153  0.9650 
   00585    0.4625   -1538.2214  0.9650 
   00586    0.4825   -1535.6311  0.9650 
   00587    0.4750   -1532.1945  0.9627 
   00588    0.4475   -1534.9765  0.9638 
   00589    0.4450   -1532.5056  0.9636 
   00590    0.5075   -1532.5707  0.9641 
   00591    0.4250   -1532.0163  0.9649 
   00592    0.4050   -1535.1277  0.9660 
   00593    0.4775   -1535.6958  0.9657 
   00594    0.5150   -1540.0206  0.9671 
   00595    0.4675   -1538.7303  0.9681 
   00596    0.4600   -1540.6792  0.9692 
   00597    0.4725   -1539.6518  0.9698 
   00598    0.4800   -1539.2679  0.9694 
   00599    0.5000   -1539.2528  0.9704 
   00600    0.4725   -1540.3355  0.9695 
   00601    0.4675   -1537.9999  0.9675 
   00602    0.4425   -1537.4948  0.9653 
   00603    0.4400   -1536.9304  0.9645 
   00604    0.4700   -1539.2146  0.9652 
   00605    0.4800   -1542.7910  0.9666 
   00606    0.4325   -1543.3471  0.9673 
   00607    0.4975   -1539.8379  0.9650 
   00608    0.4850   -1537.5594  0.9660 
   00609    0.4325   -1537.2439  0.9650 
   00610    0.4600   -1538.9254  0.9656 
   00611    0.4525   -1538.8568  0.9658 
   00612    0.4350   -1539.2648  0.9666 
   00613    0.4675   -1543.1352  0.9679 
   00614    0.4750   -1541.8517  0.9682 
   00615    0.4800   -1539.9778  0.9692 
   00616    0.4425   -1538.8036  0.9679 
   00617    0.4875   -1541.2386  0.9678 
   00618    0.4800   -1539.4666  0.9664 
   00619    0.4225   -1537.7236  0.9631 
   00620    0.4275   -1536.3383  0.9620 
   00621    0.4625   -1536.3259  0.9625 
   00622    0.4625   -1536.8354  0.9636 
   00623    0.4350   -1540.1564  0.9646 
   00624    0.4350   -1534.6014  0.9636 
   00625    0.4450   -1541.2493  0.9662 
   00626    0.4900   -1542.1276  0.9684 
   00627    0.5000   -1545.6393  0.9666 
   00628    0.4975   -1542.7204  0.9646 
   00629    0.4875   -1541.9415  0.9638 
   00630    0.4850   -1540.8153  0.9646 
   00631    0.4450   -1543.9008  0.9649 
   00632    0.4275   -1541.2325  0.9612 
   00633    0.4725   -1541.8529  0.9611 
   00634    0.4550   -1535.9934  0.9568 
   00635    0.4775   -1537.7612  0.9600 
   00636    0.5250   -1536.9804  0.9617 
   00637    0.4625   -1537.5033  0.9607 
   00638    0.4925   -1539.4909  0.9633 
   00639    0.5200   -1537.4354  0.9619 
   00640    0.4850   -1542.6594  0.9640 
   00641    0.4275   -1539.7469  0.9615 
   00642    0.4950   -1543.2322  0.9634 
   00643    0.4500   -1544.1862  0.9651 
   00644    0.4650   -1541.5287  0.9636 
   00645    0.4900   -1544.7246  0.9652 
   00646    0.4425   -1542.8396  0.9625 
   00647    0.4725   -1545.7848  0.9638 
   00648    0.4800   -1546.0611  0.9641 
   00649    0.4650   -1545.5063  0.9635 
   00650    0.4350   -1547.3293  0.9636 
   00651    0.4575   -1545.1728  0.9644 
   00652    0.5150   -1540.4885  0.9623 
   00653    0.4200   -1542.1483  0.9612 
   00654    0.4325   -1543.9743  0.9622 
   00655    0.4800   -1543.2721  0.9639 
   00656    0.4450   -1542.2704  0.9633 
   00657    0.4525   -1540.0393  0.9601 
   00658    0.4875   -1538.7212  0.9604 
   00659    0.4525   -1539.9557  0.9616 
   00660    0.4475   -1540.8952  0.9626 
   00661    0.4575   -1544.9856  0.9642 
   00662    0.4550   -1540.8149  0.9635 
   00663    0.4575   -1537.3019  0.9608 
   00664    0.4600   -1539.8868  0.9637 
   00665    0.4850   -1537.3803  0.9623 
   00666    0.4450   -1533.5625  0.9599 
   00667    0.4600   -1535.6207  0.9604 
   00668    0.4775   -1542.3690  0.9620 
   00669    0.5250   -1544.5704  0.9629 
   00670    0.4600   -1539.4042  0.9623 
   00671    0.4575   -1543.6894  0.9623 
   00672    0.4975   -1540.3536  0.9609 
   00673    0.5000   -1537.9718  0.9602 
   00674    0.4500   -1535.9532  0.9595 
   00675    0.4850   -1539.9164  0.9640 
   00676    0.4825   -1540.6099  0.9632 
   00677    0.4750   -1535.2157  0.9633 
   00678    0.4775   -1537.7942  0.9645 
   00679    0.4900   -1535.6181  0.9615 
   00680    0.4950   -1533.0038  0.9623 
   00681    0.4775   -1533.1997  0.9628 
   00682    0.4275   -1534.6408  0.9640 
   00683    0.4825   -1535.5321  0.9643 
   00684    0.4250   -1536.4174  0.9638 
   00685    0.4650   -1532.2659  0.9619 
   00686    0.4575   -1531.4190  0.9621 
   00687    0.4400   -1538.8020  0.9642 
   00688    0.4450   -1538.7519  0.9628 
   00689    0.4950   -1537.1631  0.9621 
   00690    0.4700   -1533.8512  0.9594 
   00691    0.4425   -1537.9205  0.9586 
   00692    0.4375   -1537.9518  0.9568 
   00693    0.4875   -1536.5062  0.9538 
   00694    0.4750   -1539.2474  0.9543 
   00695    0.4625   -1538.7311  0.9544 
   00696    0.4775   -1538.1804  0.9555 
   00697    0.4925   -1537.7035  0.9553 
   00698    0.4950   -1538.4985  0.9579 
   00699    0.4925   -1537.4885  0.9588 
   00700    0.4650   -1539.2457  0.9617 
   00701    0.5000   -1532.1533  0.9597 
   00702    0.4475   -1534.9443  0.9598 
   00703    0.4750   -1538.6250  0.9622 
   00704    0.4675   -1537.6649  0.9628 
   00705    0.4975   -1533.4871  0.9608 
   00706    0.4575   -1530.3261  0.9630 
   00707    0.4625   -1540.8213  0.9671 
   00708    0.5150   -1543.1844  0.9679 
   00709    0.4700   -1543.4777  0.9676 
   00710    0.4850   -1549.3628  0.9685 
   00711    0.4600   -1544.9894  0.9662 
   00712    0.4550   -1549.1907  0.9672 
   00713    0.4875   -1546.4691  0.9648 
   00714    0.4650   -1547.2228  0.9659 
   00715    0.4625   -1545.7475  0.9626 
   00716    0.4075   -1547.4891  0.9644 
   00717    0.4275   -1548.2662  0.9664 
   00718    0.4500   -1545.4445  0.9665 
   00719    0.4975   -1544.7985  0.9665 
   00720    0.4500   -1539.4907  0.9619 
   00721    0.4700   -1537.1024  0.9610 
   00722    0.4825   -1534.1283  0.9594 
   00723    0.4600   -1535.7065  0.9599 
   00724    0.4925   -1535.0924  0.9594 
   00725    0.5125   -1531.8033  0.9590 
   00726    0.4950   -1533.2734  0.9595 
   00727    0.4875   -1532.2390  0.9580 
   00728    0.4825   -1529.7959  0.9579 
   00729    0.4900   -1534.4874  0.9609 
   00730    0.4850   -1534.6614  0.9608 
   00731    0.4825   -1533.5435  0.9594 
   00732    0.4600   -1530.0321  0.9570 
   00733    0.4200   -1533.7902  0.9574 
   00734    0.4075   -1528.3440  0.9556 
   00735    0.4800   -1531.8764  0.9580 
   00736    0.5100   -1533.9920  0.9595 
   00737    0.4625   -1539.0429  0.9608 
   00738    0.4700   -1540.5195  0.9610 
   00739    0.4575   -1543.3390  0.9643 
   00740    0.4825   -1547.4410  0.9664 
   00741    0.4700   -1545.1021  0.9651 
   00742    0.4675   -1546.3772  0.9668 
   00743    0.4625   -1543.9428  0.9660 
   00744    0.4725   -1542.8709  0.9651 
   00745    0.5025   -1541.1414  0.9634 
   00746    0.4850   -1540.3931  0.9625 
   00747    0.4750   -1538.7968  0.9618 
   00748    0.5075   -1532.7486  0.9598 
   00749    0.4900   -1536.0470  0.9612 
   00750    0.4550   -1539.7678  0.9610 
   00751    0.4500   -1537.1654  0.9618 
   00752    0.4100   -1542.0323  0.9612 
   00753    0.4300   -1536.7295  0.9593 
   00754    0.5125   -1539.7512  0.9619 
   00755    0.4700   -1545.2636  0.9649 
   00756    0.4600   -1540.0365  0.9638 
   00757    0.4575   -1541.4018  0.9630 
   00758    0.4725   -1541.2389  0.9629 
   00759    0.5225   -1539.5700  0.9626 
   00760    0.4825   -1533.5234  0.9610 
   00761    0.4850   -1531.6877  0.9616 
   00762    0.4725   -1528.1672  0.9605 
   00763    0.4450   -1531.2135  0.9617 
   00764    0.4400   -1535.6019  0.9653 
   00765    0.4975   -1535.3602  0.9672 
   00766    0.4850   -1541.2346  0.9665 
   00767    0.4750   -1538.0262  0.9676 
   00768    0.4650   -1532.8158  0.9641 
   00769    0.5050   -1536.1414  0.9649 
   00770    0.4600   -1541.7009  0.9697 
   00771    0.4325   -1540.9426  0.9692 
   00772    0.4800   -1537.4752  0.9681 
   00773    0.4850   -1536.3333  0.9699 
   00774    0.5050   -1539.0391  0.9715 
   00775    0.4775   -1538.9624  0.9713 
   00776    0.4875   -1545.9525  0.9733 
   00777    0.4700   -1542.2108  0.9701 
   00778    0.4425   -1540.7948  0.9698 
   00779    0.4775   -1542.2802  0.9697 
   00780    0.5225   -1539.3659  0.9668 
   00781    0.4950   -1539.0233  0.9674 
   00782    0.4500   -1535.7071  0.9665 
   00783    0.4575   -1540.6567  0.9683 
   00784    0.4900   -1544.9481  0.9698 
   00785    0.4325   -1542.2250  0.9704 
   00786    0.4250   -1543.9993  0.9684 
   00787    0.4675   -1541.0187  0.9655 
   00788    0.4375   -1546.4493  0.9670 
   00789    0.4550   -1546.3992  0.9670 
   00790    0.4725   -1541.6921  0.9675 
   00791    0.5550   -1537.4822  0.9668 
   00792    0.4900   -1536.9774  0.9655 
   00793    0.4875   -1538.4572  0.9648 
   00794    0.4725   -1537.1936  0.9655 
   00795    0.4625   -1537.0534  0.9635 
   00796    0.4975   -1537.6122  0.9621 
   00797    0.4725   -1537.7097  0.9629 
   00798    0.4825   -1530.9354  0.9601 
   00799    0.4750   -1536.8064  0.9613 
   00800    0.4525   -1537.6944  0.9605 
   00801    0.4450   -1540.0937  0.9623 
   00802    0.4875   -1542.3797  0.9642 
   00803    0.4475   -1539.7952  0.9631 
   00804    0.4800   -1538.5175  0.9616 
   00805    0.4500   -1536.9678  0.9614 
   00806    0.4925   -1536.6315  0.9628 
   00807    0.4775   -1538.7242  0.9651 
   00808    0.4625   -1538.1089  0.9635 
   00809    0.4825   -1537.9957  0.9637 
   00810    0.4475   -1538.8824  0.9643 
   00811    0.4575   -1541.1436  0.9654 
   00812    0.5150   -1544.0529  0.9662 
   00813    0.4600   -1541.1202  0.9674 
   00814    0.4625   -1541.9742  0.9676 
   00815    0.4375   -1543.8675  0.9670 
   00816    0.4700   -1547.4922  0.9696 
   00817    0.4625   -1544.2130  0.9703 
   00818    0.4600   -1541.5806  0.9684 
   00819    0.4400   -1535.9951  0.9678 
   00820    0.4950   -1539.9439  0.9679 
   00821    0.4500   -1541.2970  0.9688 
   00822    0.5150   -1540.4268  0.9688 
   00823    0.4800   -1537.9124  0.9680 
   00824    0.4950   -1536.9248  0.9677 
   00825    0.4900   -1536.7379  0.9650 
   00826    0.5000   -1535.6677  0.9670 
   00827    0.4625   -1536.3205  0.9675 
   00828    0.4775   -1535.5544  0.9658 
   00829    0.4850   -1543.9354  0.9651 
   00830    0.4850   -1544.0396  0.9652 
   00831    0.4775   -1542.7306  0.9636 
   00832    0.4600   -1542.6369  0.9636 
   00833    0.4525   -1541.8893  0.9622 
   00834    0.4650   -1536.4946  0.9580 
   00835    0.4350   -1538.5647  0.9583 
   00836    0.4850   -1543.0388  0.9609 
   00837    0.4600   -1542.4654  0.9616 
   00838    0.5025   -1535.8796  0.9597 
   00839    0.4625   -1536.9143  0.9602 
   00840    0.4950   -1542.8793  0.9641 
   00841    0.4525   -1541.6605  0.9655 
   00842    0.5100   -1543.0447  0.9666 
   00843    0.5125   -1542.6651  0.9648 
   00844    0.4450   -1539.4538  0.9645 
   00845    0.4850   -1539.7188  0.9631 
   00846    0.5050   -1538.4828  0.9642 
   00847    0.4425   -1538.3257  0.9641 
   00848    0.4975   -1534.5988  0.9629 
   00849    0.4450   -1538.6948  0.9652 
   00850    0.4725   -1538.3557  0.9643 
   00851    0.4500   -1536.3475  0.9640 
   00852    0.4450   -1537.3444  0.9625 
   00853    0.4425   -1536.2039  0.9624 
   00854    0.4850   -1535.5746  0.9622 
   00855    0.4550   -1537.1108  0.9624 
   00856    0.4750   -1534.3977  0.9609 
   00857    0.4550   -1530.6785  0.9622 
   00858    0.4650   -1537.3548  0.9642 
   00859    0.4675   -1539.3881  0.9646 
   00860    0.5100   -1538.5663  0.9646 
   00861    0.4775   -1537.9533  0.9674 
   00862    0.5050   -1534.1604  0.9634 
   00863    0.4525   -1540.9643  0.9661 
   00864    0.5275   -1540.6046  0.9667 
   00865    0.4450   -1540.0215  0.9657 
   00866    0.4325   -1537.9935  0.9678 
   00867    0.4875   -1536.3690  0.9641 
   00868    0.4450   -1541.6175  0.9655 
   00869    0.4650   -1539.1297  0.9663 
   00870    0.4650   -1537.9539  0.9649 
   00871    0.4875   -1536.0873  0.9637 
   00872    0.4575   -1536.0374  0.9651 
   00873    0.4275   -1541.8896  0.9652 
   00874    0.4750   -1539.7521  0.9644 
   00875    0.5150   -1542.3595  0.9639 
   00876    0.4550   -1544.8253  0.9653 
   00877    0.4500   -1544.9919  0.9649 
   00878    0.4475   -1541.1713  0.9638 
   00879    0.4575   -1541.2536  0.9624 
   00880    0.4675   -1541.0700  0.9614 
   00881    0.4150   -1538.8645  0.9607 
   00882    0.4475   -1535.5352  0.9584 
   00883    0.4875   -1540.6827  0.9608 
   00884    0.5075   -1537.5070  0.9576 
   00885    0.4525   -1537.0226  0.9579 
   00886    0.5350   -1537.2750  0.9598 
   00887    0.4475   -1539.0252  0.9572 
   00888    0.4575   -1539.0747  0.9583 
   00889    0.4425   -1543.0388  0.9595 
   00890    0.4750   -1547.7785  0.9619 
   00891    0.4725   -1543.2995  0.9587 
   00892    0.4700   -1537.7924  0.9584 
   00893    0.4975   -1536.3831  0.9588 
   00894    0.4925   -1537.0401  0.9568 
   00895    0.4625   -1542.0575  0.9561 
   00896    0.4750   -1541.2106  0.9536 
   00897    0.4175   -1538.4688  0.9527 
   00898    0.4725   -1543.0712  0.9549 
   00899    0.4650   -1539.0259  0.9543 
   00900    0.4950   -1536.7061  0.9536 
   00901    0.4950   -1534.8754  0.9522 
   00902    0.4500   -1538.2968  0.9524 
   00903    0.5100   -1538.3462  0.9495 
   00904    0.4875   -1535.8086  0.9502 
   00905    0.4400   -1534.0183  0.9517 
   00906    0.5050   -1537.8626  0.9537 
   00907    0.4600   -1534.3848  0.9520 
   00908    0.4850   -1536.6035  0.9538 
   00909    0.4650   -1537.1778  0.9539 
   00910    0.4675   -1533.5084  0.9503 
   00911    0.5150   -1532.9263  0.9459 
   00912    0.4325   -1533.9889  0.9482 
   00913    0.4550   -1533.5138  0.9493 
   00914    0.4525   -1535.4475  0.9500 
   00915    0.4775   -1541.6082  0.9514 
   00916    0.4725   -1542.9090  0.9564 
   00917    0.4650   -1541.3566  0.9538 
   00918    0.4300   -1542.2096  0.9548 
   00919    0.4675   -1534.0444  0.9505 
   00920    0.4900   -1528.5433  0.9508 
   00921    0.4750   -1531.6736  0.9522 
   00922    0.4750   -1539.0902  0.9534 
   00923    0.4350   -1537.0125  0.9522 
   00924    0.5050   -1536.0622  0.9532 
   00925    0.4975   -1532.1827  0.9501 
   00926    0.4775   -1527.5296  0.9473 
   00927    0.4700   -1529.8941  0.9443 
   00928    0.4550   -1537.2322  0.9476 
   00929    0.4750   -1537.8084  0.9449 
   00930    0.4675   -1538.3938  0.9477 
   00931    0.4375   -1538.8946  0.9486 
   00932    0.4550   -1546.2188  0.9518 
   00933    0.4875   -1541.2654  0.9504 
   00934    0.4450   -1541.6201  0.9502 
   00935    0.4700   -1538.2960  0.9518 
   00936    0.4525   -1537.5297  0.9543 
   00937    0.4850   -1534.4998  0.9538 
   00938    0.4475   -1545.1897  0.9577 
   00939    0.4575   -1540.2734  0.9542 
   00940    0.4875   -1537.0830  0.9534 
   00941    0.4925   -1540.3905  0.9535 
   00942    0.4275   -1537.6086  0.9539 
   00943    0.4700   -1537.5629  0.9541 
   00944    0.4725   -1534.6211  0.9536 
   00945    0.4575   -1537.7889  0.9542 
   00946    0.4475   -1534.0213  0.9531 
   00947    0.4800   -1535.3267  0.9541 
   00948    0.4800   -1535.2942  0.9531 
   00949    0.4900   -1536.2326  0.9555 
   00950    0.4900   -1538.1950  0.9594 
   00951    0.4325   -1541.1142  0.9603 
   00952    0.4450   -1538.9342  0.9578 
   00953    0.4900   -1534.5864  0.9546 
   00954    0.5050   -1535.7772  0.9529 
   00955    0.4525   -1536.5202  0.9533 
   00956    0.4625   -1536.6793  0.9558 
   00957    0.4625   -1536.2116  0.9553 
   00958    0.4500   -1536.0846  0.9524 
   00959    0.4450   -1529.0511  0.9499 
   00960    0.4850   -1529.4456  0.9489 
   00961    0.5125   -1530.5258  0.9505 
   00962    0.4525   -1527.4372  0.9499 
   00963    0.4575   -1534.3767  0.9509 
   00964    0.5250   -1528.2138  0.9490 
   00965    0.4550   -1527.4254  0.9493 
   00966    0.4725   -1532.1124  0.9517 
   00967    0.4650   -1535.7402  0.9543 
   00968    0.4925   -1534.5534  0.9546 
   00969    0.4625   -1538.2529  0.9501 
   00970    0.4625   -1541.3448  0.9518 
   00971    0.4675   -1540.7697  0.9526 
   00972    0.5150   -1538.7927  0.9506 
   00973    0.5075   -1540.3009  0.9533 
   00974    0.4625   -1544.5676  0.9572 
   00975    0.4550   -1541.7928  0.9587 
   00976    0.4500   -1538.5906  0.9576 
   00977    0.4150   -1540.8174  0.9567 
   00978    0.4375   -1537.3815  0.9574 
   00979    0.4450   -1528.5759  0.9538 
   00980    0.4800   -1529.9058  0.9531 
   00981    0.4475   -1527.2664  0.9530 
   00982    0.4725   -1526.7291  0.9515 
   00983    0.4450   -1527.4769  0.9528 
   00984    0.4625   -1531.7337  0.9549 
   00985    0.4575   -1533.0053  0.9542 
   00986    0.4600   -1534.4182  0.9537 
   00987    0.4925   -1537.4508  0.9547 
   00988    0.4625   -1534.8686  0.9543 
   00989    0.4825   -1538.2627  0.9520 
   00990    0.4975   -1535.7984  0.9523 
   00991    0.5275   -1537.0420  0.9519 
   00992    0.4575   -1537.2969  0.9518 
   00993    0.5025   -1541.1588  0.9573 
   00994    0.4525   -1540.4492  0.9592 
   00995    0.4300   -1537.4751  0.9563 
   00996    0.4650   -1536.4129  0.9558 
   00997    0.4900   -1539.3388  0.9560 
   00998    0.5200   -1540.7464  0.9575 
   00999    0.5150   -1539.7741  0.9569 
   01000    0.4300   -1536.3605  0.9587 
