#=====================================================
# File created:        Mon-03-Nov-2025-at-01-40-32AM
# Size of lattice:     20x20
# Number of MC steps:  1000
# Reduced temperature: 0.050
# Run time (s):        8.222876
#=====================================================
# MC step:  Ratio:     Energy:   Order:
#=====================================================
   00000    0.5000    -429.9480  0.2793 
   00001    0.6475    -514.4015  0.2757 
   00002    0.5600    -586.8954  0.2812 
   00003    0.6175    -649.7254  0.2868 
   00004    0.5800    -721.0800  0.2972 
   00005    0.5650    -770.7774  0.3072 
   00006    0.5750    -820.6894  0.3044 
   00007    0.5600    -866.5556  0.3044 
   00008    0.5750    -918.5232  0.3063 
   00009    0.5525    -961.6237  0.3085 
   00010    0.5625   -1012.3490  0.3040 
   00011    0.5500   -1054.9686  0.3118 
   00012    0.5850   -1087.6745  0.3130 
   00013    0.5425   -1121.6292  0.3101 
   00014    0.5350   -1152.8249  0.3130 
   00015    0.5550   -1182.0872  0.3198 
   00016    0.5225   -1208.5351  0.3296 
   00017    0.4925   -1226.9196  0.3388 
   00018    0.5275   -1246.6131  0.3443 
   00019    0.5100   -1266.6840  0.3484 
   00020    0.5650   -1277.0939  0.3575 
   00021    0.5625   -1285.7870  0.3671 
   00022    0.5325   -1298.8186  0.3744 
   00023    0.5000   -1313.1000  0.3761 
   00024    0.5000   -1325.0750  0.3764 
   00025    0.5100   -1338.5105  0.3823 
   00026    0.4875   -1344.7061  0.3870 
   00027    0.5075   -1354.4038  0.3914 
   00028    0.5125   -1362.4445  0.3901 
   00029    0.5050   -1371.3668  0.3960 
   00030    0.4650   -1379.9264  0.4008 
   00031    0.4900   -1383.4427  0.4120 
   00032    0.5000   -1390.5545  0.4186 
   00033    0.4975   -1396.1068  0.4250 
   00034    0.4950   -1402.7056  0.4282 
   00035    0.4525   -1407.7193  0.4276 
   00036    0.4700   -1413.8053  0.4354 
   00037    0.4975   -1418.9472  0.4439 
   00038    0.4775   -1425.7604  0.4455 
   00039    0.4350   -1426.7424  0.4509 
   00040    0.5075   -1428.2238  0.4558 
   00041    0.5075   -1429.8173  0.4625 
   00042    0.4675   -1430.2511  0.4663 
   00043    0.4525   -1430.7438  0.4676 
   00044    0.5000   -1433.8235  0.4674 
   00045    0.4675   -1434.9320  0.4699 
   00046    0.4500   -1437.6605  0.4689 
   00047    0.4725   -1438.5547  0.4702 
   00048    0.4850   -1438.0199  0.4739 
   00049    0.5250   -1442.2780  0.4808 
   00050    0.4725   -1441.4038  0.4848 
   00051    0.5225   -1443.9195  0.4897 
   00052    0.4925   -1445.9274  0.4928 
   00053    0.5150   -1449.4935  0.5035 
   00054    0.4925   -1448.7435  0.4995 
   00055    0.4625   -1449.4436  0.5009 
   00056    0.4825   -1448.9077  0.5044 
   00057    0.5025   -1448.4767  0.5064 
   00058    0.4725   -1450.3020  0.5136 
   00059    0.4725   -1452.7014  0.5206 
   00060    0.4600   -1453.7063  0.5251 
   00061    0.4950   -1452.4311  0.5273 
   00062    0.4550   -1455.5359  0.5288 
   00063    0.5350   -1457.6279  0.5360 
   00064    0.4650   -1462.3782  0.5374 
   00065    0.4400   -1462.3401  0.5380 
   00066    0.5050   -1463.5235  0.5366 
   00067    0.4750   -1465.0368  0.5393 
   00068    0.5075   -1466.9757  0.5414 
   00069    0.4350   -1469.0065  0.5469 
   00070    0.4725   -1470.0315  0.5535 
   00071    0.4700   -1470.9156  0.5545 
   00072    0.5000   -1473.6704  0.5571 
   00073    0.4850   -1474.5248  0.5577 
   00074    0.4900   -1472.9283  0.5608 
   00075    0.5050   -1474.6521  0.5634 
   00076    0.4675   -1477.2073  0.5668 
   00077    0.4475   -1477.6548  0.5677 
   00078    0.4375   -1478.7886  0.5696 
   00079    0.4975   -1481.8995  0.5766 
   00080    0.4800   -1487.2344  0.5799 
   00081    0.5100   -1488.9085  0.5819 
   00082    0.4675   -1492.1094  0.5872 
   00083    0.4400   -1492.7051  0.5845 
   00084    0.4525   -1492.3871  0.5861 
   00085    0.5000   -1494.2765  0.5841 
   00086    0.4875   -1497.2809  0.5931 
   00087    0.4550   -1498.5512  0.5929 
   00088    0.4750   -1498.9168  0.5992 
   00089    0.4575   -1499.3350  0.6061 
   00090    0.4800   -1499.8287  0.6074 
   00091    0.4400   -1501.9330  0.6077 
   00092    0.4850   -1502.1625  0.6092 
   00093    0.4175   -1504.0853  0.6155 
   00094    0.4975   -1503.3704  0.6160 
   00095    0.4425   -1503.0088  0.6155 
   00096    0.4600   -1501.3017  0.6188 
   00097    0.5100   -1501.7979  0.6165 
   00098    0.4775   -1501.0280  0.6117 
   00099    0.4700   -1503.2093  0.6119 
   00100    0.4750   -1505.4072  0.6108 
   00101    0.5200   -1505.0273  0.6104 
   00102    0.4350   -1505.2989  0.6078 
   00103    0.4975   -1506.1017  0.6121 
   00104    0.4500   -1506.4877  0.6128 
   00105    0.4875   -1506.1178  0.6109 
   00106    0.4650   -1506.6488  0.6095 
   00107    0.4575   -1506.6853  0.6092 
   00108    0.4275   -1508.4146  0.6100 
   00109    0.4825   -1508.7500  0.6130 
   00110    0.4700   -1508.1251  0.6129 
   00111    0.4975   -1508.8205  0.6138 
   00112    0.4275   -1508.7616  0.6146 
   00113    0.4775   -1508.9899  0.6116 
   00114    0.4850   -1506.9681  0.6130 
   00115    0.4275   -1507.8147  0.6110 
   00116    0.4900   -1507.3770  0.6131 
   00117    0.4475   -1509.8913  0.6146 
   00118    0.4725   -1509.5171  0.6156 
   00119    0.4325   -1509.7991  0.6158 
   00120    0.4825   -1509.7661  0.6123 
   00121    0.4550   -1508.7970  0.6092 
   00122    0.4300   -1508.9212  0.6077 
   00123    0.5150   -1509.6820  0.6085 
   00124    0.4750   -1508.5403  0.6093 
   00125    0.4550   -1508.5810  0.6085 
   00126    0.4500   -1509.6214  0.6134 
   00127    0.4625   -1510.5642  0.6208 
   00128    0.4650   -1510.4569  0.6218 
   00129    0.4550   -1509.0590  0.6225 
   00130    0.4850   -1510.4426  0.6203 
   00131    0.4975   -1511.0469  0.6202 
   00132    0.4125   -1511.1319  0.6196 
   00133    0.4650   -1510.6088  0.6209 
   00134    0.4775   -1509.6305  0.6219 
   00135    0.4700   -1511.3612  0.6253 
   00136    0.4875   -1513.2420  0.6285 
   00137    0.4150   -1512.7629  0.6285 
   00138    0.4575   -1513.6142  0.6318 
   00139    0.4625   -1512.2582  0.6336 
   00140    0.5050   -1513.5775  0.6357 
   00141    0.5125   -1514.9937  0.6396 
   00142    0.4325   -1514.8555  0.6420 
   00143    0.4050   -1514.7060  0.6448 
   00144    0.4950   -1512.6514  0.6436 
   00145    0.4750   -1513.8634  0.6428 
   00146    0.4625   -1516.6518  0.6441 
   00147    0.4600   -1517.5229  0.6447 
   00148    0.4825   -1521.6868  0.6502 
   00149    0.5000   -1519.6445  0.6537 
   00150    0.4775   -1520.5002  0.6544 
   00151    0.4825   -1520.2442  0.6536 
   00152    0.4425   -1521.2030  0.6554 
   00153    0.4575   -1523.0362  0.6540 
   00154    0.4375   -1522.5874  0.6506 
   00155    0.4875   -1524.0199  0.6529 
   00156    0.4925   -1522.5442  0.6508 
   00157    0.4550   -1523.6425  0.6519 
   00158    0.4550   -1524.0421  0.6510 
   00159    0.4400   -1522.4587  0.6508 
   00160    0.4625   -1522.4137  0.6554 
   00161    0.4725   -1522.8361  0.6566 
   00162    0.4375   -1524.6102  0.6614 
   00163    0.4825   -1523.8891  0.6586 
   00164    0.4950   -1525.3056  0.6613 
   00165    0.5125   -1525.5726  0.6646 
   00166    0.4500   -1524.0698  0.6694 
   00167    0.4975   -1525.8472  0.6726 
   00168    0.4475   -1526.3081  0.6759 
   00169    0.4875   -1525.9479  0.6733 
   00170    0.4625   -1525.0341  0.6763 
   00171    0.4650   -1526.3386  0.6762 
   00172    0.4500   -1524.4778  0.6787 
   00173    0.5025   -1525.4985  0.6786 
   00174    0.5000   -1525.2452  0.6802 
   00175    0.4625   -1525.3608  0.6845 
   00176    0.4750   -1525.1245  0.6821 
   00177    0.4900   -1524.5476  0.6861 
   00178    0.4400   -1524.9350  0.6826 
   00179    0.4775   -1525.7167  0.6834 
   00180    0.4775   -1527.2462  0.6873 
   00181    0.5075   -1527.1978  0.6894 
   00182    0.4800   -1527.0202  0.6913 
   00183    0.4575   -1528.3228  0.6937 
   00184    0.4650   -1527.1658  0.6981 
   00185    0.4525   -1528.8300  0.7038 
   00186    0.4525   -1529.2004  0.7075 
   00187    0.4550   -1529.5422  0.7071 
   00188    0.4875   -1528.7326  0.7078 
   00189    0.4650   -1527.7421  0.7097 
   00190    0.4500   -1527.4609  0.7097 
   00191    0.4725   -1528.6111  0.7083 
   00192    0.4700   -1526.8176  0.7090 
   00193    0.4450   -1527.1998  0.7127 
   00194    0.4450   -1527.6368  0.7184 
   00195    0.5100   -1527.7778  0.7227 
   00196    0.4650   -1529.5857  0.7221 
   00197    0.4250   -1527.9375  0.7225 
   00198    0.4525   -1527.5281  0.7256 
   00199    0.4325   -1529.6182  0.7311 
   00200    0.4550   -1526.9388  0.7315 
   00201    0.4825   -1527.0730  0.7327 
   00202    0.4450   -1528.7591  0.7360 
   00203    0.4750   -1530.1769  0.7396 
   00204    0.4100   -1530.2087  0.7425 
   00205    0.4950   -1530.8548  0.7450 
   00206    0.4875   -1531.7068  0.7475 
   00207    0.4750   -1532.5278  0.7519 
   00208    0.4525   -1532.2526  0.7547 
   00209    0.4300   -1534.3035  0.7565 
   00210    0.4875   -1534.7068  0.7612 
   00211    0.4700   -1535.9010  0.7646 
   00212    0.4175   -1536.4495  0.7651 
   00213    0.4500   -1533.5326  0.7671 
   00214    0.4550   -1534.4286  0.7706 
   00215    0.4575   -1534.0305  0.7680 
   00216    0.4750   -1533.5085  0.7727 
   00217    0.4300   -1534.5387  0.7749 
   00218    0.4825   -1534.0416  0.7780 
   00219    0.5025   -1535.3606  0.7754 
   00220    0.4800   -1535.8862  0.7792 
   00221    0.4825   -1538.1804  0.7828 
   00222    0.4825   -1540.1335  0.7838 
   00223    0.4450   -1541.0651  0.7899 
   00224    0.4375   -1543.0337  0.7933 
   00225    0.4700   -1543.7189  0.7955 
   00226    0.4700   -1544.2912  0.8014 
   00227    0.3825   -1545.8991  0.8028 
   00228    0.4375   -1546.8717  0.8036 
   00229    0.4350   -1546.7126  0.8019 
   00230    0.4650   -1546.9476  0.8058 
   00231    0.4400   -1544.8154  0.8037 
   00232    0.4500   -1544.5666  0.8108 
   00233    0.4800   -1545.3617  0.8064 
   00234    0.4200   -1547.2051  0.8063 
   00235    0.4750   -1547.1731  0.8082 
   00236    0.4100   -1546.7280  0.8117 
   00237    0.4500   -1547.7317  0.8083 
   00238    0.4200   -1548.5140  0.8099 
   00239    0.4725   -1546.6184  0.8099 
   00240    0.5025   -1546.5100  0.8119 
   00241    0.4625   -1546.1488  0.8163 
   00242    0.4775   -1546.7048  0.8161 
   00243    0.4950   -1548.6712  0.8179 
   00244    0.4900   -1549.8220  0.8254 
   00245    0.4750   -1549.1407  0.8275 
   00246    0.4500   -1549.5076  0.8291 
   00247    0.4775   -1551.1960  0.8306 
   00248    0.4350   -1551.6136  0.8313 
   00249    0.4875   -1550.6480  0.8296 
   00250    0.4400   -1551.4108  0.8297 
   00251    0.5175   -1550.6154  0.8284 
   00252    0.4600   -1550.6489  0.8303 
   00253    0.4600   -1551.1152  0.8339 
   00254    0.4600   -1550.3755  0.8339 
   00255    0.4425   -1550.8252  0.8342 
   00256    0.4550   -1551.0460  0.8408 
   00257    0.4825   -1550.8063  0.8409 
   00258    0.4475   -1550.7039  0.8402 
   00259    0.4225   -1550.0299  0.8421 
   00260    0.4375   -1550.6867  0.8420 
   00261    0.4425   -1549.9742  0.8426 
   00262    0.4475   -1550.3834  0.8419 
   00263    0.4525   -1550.4995  0.8431 
   00264    0.4475   -1550.2575  0.8399 
   00265    0.4750   -1550.6023  0.8404 
   00266    0.4925   -1550.7531  0.8408 
   00267    0.4675   -1552.3779  0.8431 
   00268    0.4675   -1549.7798  0.8423 
   00269    0.4650   -1551.1710  0.8425 
   00270    0.4300   -1552.1126  0.8450 
   00271    0.4675   -1551.8111  0.8470 
   00272    0.4450   -1552.0998  0.8455 
   00273    0.4500   -1552.4710  0.8460 
   00274    0.4650   -1550.7483  0.8442 
   00275    0.4800   -1551.7335  0.8483 
   00276    0.3900   -1549.6225  0.8484 
   00277    0.4525   -1550.6698  0.8498 
   00278    0.4625   -1552.2851  0.8489 
   00279    0.4650   -1550.9438  0.8552 
   00280    0.4625   -1550.6828  0.8597 
   00281    0.4950   -1551.2336  0.8619 
   00282    0.4350   -1552.0626  0.8612 
   00283    0.4300   -1551.7407  0.8603 
   00284    0.4425   -1552.6231  0.8623 
   00285    0.4875   -1554.5313  0.8601 
   00286    0.5100   -1554.0331  0.8610 
   00287    0.4325   -1553.1884  0.8620 
   00288    0.4350   -1553.1148  0.8617 
   00289    0.4775   -1553.0090  0.8614 
   00290    0.4800   -1553.0153  0.8638 
   00291    0.4575   -1554.2760  0.8625 
   00292    0.4400   -1554.4106  0.8618 
   00293    0.4225   -1555.0640  0.8609 
   00294    0.4600   -1552.9311  0.8630 
   00295    0.4850   -1551.6326  0.8616 
   00296    0.4900   -1550.0386  0.8628 
   00297    0.4175   -1550.9776  0.8627 
   00298    0.4575   -1551.5192  0.8673 
   00299    0.5250   -1551.3216  0.8691 
   00300    0.4675   -1550.6451  0.8694 
   00301    0.4125   -1549.6455  0.8708 
   00302    0.4950   -1552.4908  0.8741 
   00303    0.4575   -1553.4769  0.8767 
   00304    0.4575   -1553.7278  0.8822 
   00305    0.4725   -1554.6475  0.8849 
   00306    0.4300   -1556.2673  0.8887 
   00307    0.4375   -1555.8079  0.8886 
   00308    0.4200   -1557.4018  0.8895 
   00309    0.4350   -1556.0379  0.8913 
   00310    0.4700   -1555.9679  0.8912 
   00311    0.4650   -1555.9393  0.8916 
   00312    0.4950   -1555.3350  0.8920 
   00313    0.4525   -1553.9862  0.8910 
   00314    0.4400   -1554.7848  0.8891 
   00315    0.4475   -1553.7561  0.8918 
   00316    0.4450   -1555.5991  0.8939 
   00317    0.4950   -1554.9280  0.8902 
   00318    0.4800   -1554.3841  0.8894 
   00319    0.4475   -1555.0452  0.8930 
   00320    0.4750   -1553.9588  0.8945 
   00321    0.4550   -1553.6916  0.8959 
   00322    0.4125   -1556.8801  0.8975 
   00323    0.4650   -1557.5311  0.8980 
   00324    0.4050   -1555.9085  0.8992 
   00325    0.4450   -1556.9519  0.8980 
   00326    0.4525   -1558.0545  0.8985 
   00327    0.4375   -1556.6387  0.8972 
   00328    0.4775   -1556.6531  0.8975 
   00329    0.5400   -1557.4974  0.8934 
   00330    0.4400   -1558.3004  0.8948 
   00331    0.4300   -1559.1298  0.8956 
   00332    0.4700   -1557.1749  0.8954 
   00333    0.4775   -1556.6294  0.8963 
   00334    0.4725   -1555.5496  0.8937 
   00335    0.4700   -1555.6496  0.8951 
   00336    0.4400   -1556.3785  0.9009 
   00337    0.4600   -1556.4835  0.9029 
   00338    0.4550   -1555.6288  0.9067 
   00339    0.4725   -1556.2523  0.9078 
   00340    0.4975   -1557.4387  0.9106 
   00341    0.4325   -1556.2021  0.9110 
   00342    0.4450   -1557.8090  0.9126 
   00343    0.4350   -1559.2136  0.9138 
   00344    0.4450   -1558.2313  0.9140 
   00345    0.4300   -1556.9779  0.9145 
   00346    0.4650   -1556.1924  0.9120 
   00347    0.4525   -1557.1768  0.9110 
   00348    0.4400   -1556.2727  0.9084 
   00349    0.4400   -1556.8687  0.9083 
   00350    0.4375   -1556.9965  0.9099 
   00351    0.4725   -1556.6056  0.9135 
   00352    0.5275   -1557.2761  0.9155 
   00353    0.4550   -1558.3381  0.9173 
   00354    0.4850   -1558.0568  0.9193 
   00355    0.4675   -1559.0403  0.9214 
   00356    0.4725   -1559.6901  0.9223 
   00357    0.4625   -1559.2716  0.9216 
   00358    0.4425   -1558.0136  0.9246 
   00359    0.4625   -1560.2589  0.9251 
   00360    0.4775   -1563.5495  0.9261 
   00361    0.4800   -1562.9984  0.9239 
   00362    0.4850   -1562.5611  0.9236 
   00363    0.4750   -1562.1306  0.9241 
   00364    0.4675   -1561.9975  0.9240 
   00365    0.4550   -1562.3683  0.9259 
   00366    0.4375   -1561.5806  0.9279 
   00367    0.4525   -1560.5093  0.9271 
   00368    0.4700   -1562.5945  0.9268 
   00369    0.4375   -1564.5575  0.9306 
   00370    0.4200   -1563.5331  0.9309 
   00371    0.4675   -1565.2425  0.9317 
   00372    0.4350   -1564.3394  0.9336 
   00373    0.4800   -1564.0989  0.9351 
   00374    0.4775   -1565.2067  0.9390 
   00375    0.4200   -1565.9282  0.9401 
   00376    0.4700   -1569.0553  0.9421 
   00377    0.4775   -1570.6959  0.9443 
   00378    0.4525   -1571.4873  0.9442 
   00379    0.4625   -1571.0004  0.9456 
   00380    0.4775   -1571.7735  0.9453 
   00381    0.4350   -1572.9948  0.9468 
   00382    0.4725   -1572.7034  0.9481 
   00383    0.4450   -1574.8465  0.9480 
   00384    0.4125   -1574.4143  0.9479 
   00385    0.4475   -1574.8511  0.9475 
   00386    0.4900   -1574.1131  0.9484 
   00387    0.4600   -1574.9379  0.9495 
   00388    0.4525   -1574.8517  0.9493 
   00389    0.4725   -1577.1709  0.9501 
   00390    0.4325   -1576.1061  0.9520 
   00391    0.4675   -1576.5803  0.9512 
   00392    0.4675   -1574.6989  0.9494 
   00393    0.4725   -1575.3486  0.9524 
   00394    0.4900   -1575.9539  0.9532 
   00395    0.4850   -1575.6379  0.9542 
   00396    0.4825   -1576.2496  0.9539 
   00397    0.4275   -1576.6087  0.9554 
   00398    0.4575   -1576.2180  0.9555 
   00399    0.4825   -1576.0543  0.9566 
   00400    0.4150   -1576.9299  0.9568 
   00401    0.4525   -1573.9530  0.9543 
   00402    0.4450   -1576.6850  0.9539 
   00403    0.4475   -1575.8526  0.9552 
   00404    0.4400   -1575.6987  0.9538 
   00405    0.4250   -1575.1978  0.9526 
   00406    0.4825   -1577.0425  0.9534 
   00407    0.4650   -1575.3928  0.9529 
   00408    0.4600   -1575.1913  0.9532 
   00409    0.4725   -1576.9332  0.9538 
   00410    0.4575   -1577.0595  0.9538 
   00411    0.4550   -1577.0247  0.9544 
   00412    0.4175   -1574.4291  0.9545 
   00413    0.4475   -1575.3685  0.9540 
   00414    0.4450   -1576.4262  0.9549 
   00415    0.4650   -1575.8540  0.9565 
   00416    0.4850   -1577.7042  0.9565 
   00417    0.4475   -1576.5809  0.9574 
   00418    0.4525   -1575.6261  0.9568 
   00419    0.5050   -1574.9094  0.9576 
   00420    0.5125   -1575.3377  0.9577 
   00421    0.4125   -1576.0171  0.9574 
   00422    0.4675   -1577.1585  0.9599 
   00423    0.4400   -1576.1424  0.9602 
   00424    0.4725   -1576.5011  0.9612 
   00425    0.4500   -1575.9333  0.9588 
   00426    0.4500   -1575.6232  0.9592 
   00427    0.4525   -1573.9627  0.9600 
   00428    0.4750   -1575.3846  0.9605 
   00429    0.4225   -1575.7365  0.9593 
   00430    0.4800   -1577.1968  0.9604 
   00431    0.3875   -1575.6576  0.9594 
   00432    0.4375   -1577.1553  0.9605 
   00433    0.4425   -1578.9193  0.9628 
   00434    0.4750   -1578.7704  0.9649 
   00435    0.4375   -1578.1618  0.9656 
   00436    0.4925   -1578.7582  0.9660 
   00437    0.4400   -1579.2052  0.9676 
   00438    0.4825   -1576.8628  0.9675 
   00439    0.4300   -1577.3521  0.9667 
   00440    0.4275   -1576.4869  0.9655 
   00441    0.4500   -1575.7682  0.9672 
   00442    0.4175   -1576.3851  0.9675 
   00443    0.4675   -1576.6787  0.9678 
   00444    0.4625   -1577.0372  0.9676 
   00445    0.4625   -1577.2192  0.9711 
   00446    0.4300   -1577.8064  0.9713 
   00447    0.4575   -1579.0540  0.9721 
   00448    0.4850   -1578.0746  0.9727 
   00449    0.4250   -1576.3574  0.9731 
   00450    0.4325   -1578.0415  0.9745 
   00451    0.4425   -1580.2277  0.9758 
   00452    0.4450   -1580.5640  0.9758 
   00453    0.4400   -1579.9694  0.9767 
   00454    0.4350   -1579.8786  0.9767 
   00455    0.4650   -1576.5513  0.9735 
   00456    0.4675   -1576.9002  0.9722 
   00457    0.4150   -1578.0923  0.9736 
   00458    0.4375   -1576.0239  0.9728 
   00459    0.4575   -1575.7875  0.9719 
   00460    0.4500   -1576.7285  0.9732 
   00461    0.4450   -1574.9406  0.9723 
   00462    0.4525   -1576.1204  0.9719 
   00463    0.4675   -1576.6158  0.9722 
   00464    0.4750   -1576.9598  0.9725 
   00465    0.4525   -1577.8497  0.9712 
   00466    0.4400   -1579.4180  0.9724 
   00467    0.4575   -1580.3893  0.9733 
   00468    0.4550   -1578.6090  0.9746 
   00469    0.4325   -1580.2960  0.9745 
   00470    0.4950   -1578.9494  0.9760 
   00471    0.4575   -1579.0540  0.9759 
   00472    0.4775   -1581.0682  0.9771 
   00473    0.4275   -1581.0242  0.9790 
   00474    0.4300   -1578.5957  0.9785 
   00475    0.4700   -1582.0519  0.9797 
   00476    0.4300   -1579.9277  0.9794 
   00477    0.4525   -1580.2920  0.9795 
   00478    0.4300   -1579.7925  0.9783 
   00479    0.4475   -1579.2101  0.9778 
   00480    0.4425   -1579.4251  0.9776 
   00481    0.4275   -1580.2690  0.9775 
   00482    0.4725   -1579.7832  0.9762 
   00483    0.3775   -1579.2942  0.9765 
   00484    0.4675   -1579.9785  0.9780 
   00485    0.4725   -1579.3392  0.9763 
   00486    0.4600   -1579.1017  0.9781 
   00487    0.4225   -1579.1350  0.9779 
   00488    0.4500   -1579.4798  0.9778 
   00489    0.5150   -1579.8044  0.9793 
   00490    0.4425   -1580.8790  0.9801 
   00491    0.4625   -1580.6781  0.9796 
   00492    0.4450   -1581.0165  0.9809 
   00493    0.4000   -1580.0857  0.9819 
   00494    0.4500   -1580.3241  0.9815 
   00495    0.4750   -1580.5106  0.9813 
   00496    0.4175   -1579.1561  0.9817 
   00497    0.4325   -1577.8938  0.9814 
   00498    0.4625   -1577.8371  0.9801 
   00499    0.4450   -1578.9999  0.9797 
   00500    0.4675   -1579.1998  0.9809 
   00501    0.4575   -1580.4143  0.9824 
   00502    0.5075   -1580.2775  0.9823 
   00503    0.4125   -1578.4947  0.9825 
   00504    0.4375   -1579.2435  0.9833 
   00505    0.4750   -1578.9206  0.9831 
   00506    0.5225   -1578.9129  0.9827 
   00507    0.4450   -1579.1608  0.9826 
   00508    0.5125   -1577.6790  0.9813 
   00509    0.4725   -1578.7220  0.9826 
   00510    0.4725   -1577.8338  0.9825 
   00511    0.4625   -1578.1019  0.9822 
   00512    0.4525   -1577.4183  0.9820 
   00513    0.4150   -1579.8757  0.9823 
   00514    0.4150   -1578.5439  0.9814 
   00515    0.4625   -1578.9679  0.9821 
   00516    0.4425   -1580.3046  0.9811 
   00517    0.4225   -1579.3815  0.9827 
   00518    0.4900   -1579.9443  0.9817 
   00519    0.4775   -1579.0470  0.9812 
   00520    0.4575   -1581.3152  0.9811 
   00521    0.4650   -1580.3704  0.9803 
   00522    0.4800   -1579.2634  0.9796 
   00523    0.4450   -1578.5969  0.9788 
   00524    0.4450   -1579.4710  0.9795 
   00525    0.5050   -1580.7076  0.9800 
   00526    0.4000   -1579.6200  0.9808 
   00527    0.4300   -1580.4513  0.9815 
   00528    0.4850   -1581.0709  0.9820 
   00529    0.4475   -1580.5849  0.9835 
   00530    0.4875   -1579.4001  0.9828 
   00531    0.4750   -1580.9340  0.9840 
   00532    0.4700   -1581.8171  0.9842 
   00533    0.4475   -1580.9999  0.9845 
   00534    0.4875   -1580.8865  0.9849 
   00535    0.4575   -1581.6791  0.9861 
   00536    0.4425   -1579.9399  0.9858 
   00537    0.4550   -1579.2444  0.9858 
   00538    0.4450   -1578.8570  0.9856 
   00539    0.4725   -1579.6183  0.9855 
   00540    0.4375   -1580.0471  0.9848 
   00541    0.4275   -1579.8661  0.9841 
   00542    0.4400   -1578.6229  0.9843 
   00543    0.4850   -1578.1477  0.9852 
   00544    0.4175   -1579.7816  0.9865 
   00545    0.4225   -1579.4448  0.9867 
   00546    0.4450   -1580.5728  0.9865 
   00547    0.4725   -1579.1125  0.9859 
   00548    0.4000   -1579.6448  0.9859 
   00549    0.4600   -1580.6208  0.9869 
   00550    0.4675   -1578.7614  0.9855 
   00551    0.4650   -1578.7068  0.9855 
   00552    0.4725   -1580.4544  0.9859 
   00553    0.4450   -1581.6953  0.9864 
   00554    0.4775   -1581.6620  0.9865 
   00555    0.4950   -1582.7754  0.9875 
   00556    0.4400   -1583.8073  0.9883 
   00557    0.4500   -1582.6058  0.9875 
   00558    0.4700   -1583.2917  0.9874 
   00559    0.4175   -1580.7927  0.9862 
   00560    0.4200   -1580.8211  0.9864 
   00561    0.4875   -1582.0684  0.9873 
   00562    0.4100   -1582.2282  0.9869 
   00563    0.4100   -1582.1548  0.9865 
   00564    0.4400   -1580.4302  0.9862 
   00565    0.3875   -1581.1916  0.9865 
   00566    0.4625   -1581.3130  0.9869 
   00567    0.4675   -1580.6636  0.9861 
   00568    0.4525   -1580.0301  0.9861 
   00569    0.4500   -1578.7022  0.9860 
   00570    0.4900   -1581.6822  0.9875 
   00571    0.4150   -1579.4537  0.9871 
   00572    0.4725   -1579.7947  0.9867 
   00573    0.4300   -1579.7252  0.9868 
   00574    0.4425   -1580.6273  0.9868 
   00575    0.4675   -1579.3055  0.9862 
   00576    0.4050   -1578.4784  0.9855 
   00577    0.4425   -1580.0890  0.9869 
   00578    0.4900   -1579.6911  0.9869 
   00579    0.4600   -1580.5494  0.9871 
   00580    0.4600   -1579.3445  0.9856 
   00581    0.4925   -1579.6235  0.9854 
   00582    0.4725   -1578.5046  0.9844 
   00583    0.4050   -1579.5306  0.9851 
   00584    0.4700   -1579.6591  0.9853 
   00585    0.4425   -1580.2618  0.9856 
   00586    0.4625   -1579.8601  0.9857 
   00587    0.5275   -1578.6542  0.9852 
   00588    0.4425   -1578.2848  0.9850 
   00589    0.4450   -1579.0528  0.9859 
   00590    0.4525   -1580.2171  0.9874 
   00591    0.4175   -1580.4895  0.9872 
   00592    0.4725   -1580.3698  0.9874 
   00593    0.4775   -1580.7973  0.9873 
   00594    0.4675   -1580.7795  0.9868 
   00595    0.4550   -1579.5233  0.9864 
   00596    0.4650   -1578.9920  0.9863 
   00597    0.4400   -1580.2760  0.9877 
   00598    0.4700   -1579.3884  0.9876 
   00599    0.4575   -1579.9146  0.9884 
   00600    0.4925   -1582.5167  0.9905 
   00601    0.4900   -1581.8186  0.9898 
   00602    0.4050   -1579.7032  0.9894 
   00603    0.5050   -1578.8009  0.9889 
   00604    0.5050   -1579.6016  0.9888 
   00605    0.3925   -1579.3166  0.9891 
   00606    0.4500   -1580.0648  0.9895 
   00607    0.4475   -1579.4943  0.9896 
   00608    0.4450   -1578.3296  0.9889 
   00609    0.4425   -1578.0566  0.9889 
   00610    0.4100   -1580.9433  0.9898 
   00611    0.4600   -1582.0372  0.9903 
   00612    0.4550   -1581.0495  0.9899 
   00613    0.4525   -1582.7029  0.9907 
   00614    0.4875   -1580.3347  0.9906 
   00615    0.4775   -1579.0725  0.9897 
   00616    0.4450   -1579.7268  0.9897 
   00617    0.4625   -1580.4707  0.9892 
   00618    0.4800   -1579.3520  0.9890 
   00619    0.4950   -1579.5385  0.9888 
   00620    0.4650   -1580.2676  0.9890 
   00621    0.4575   -1580.5871  0.9891 
   00622    0.4100   -1581.9407  0.9893 
   00623    0.4725   -1581.5979  0.9887 
   00624    0.4900   -1581.8029  0.9889 
   00625    0.4650   -1581.2682  0.9885 
   00626    0.4675   -1581.8621  0.9888 
   00627    0.4750   -1580.9096  0.9886 
   00628    0.4400   -1579.4475  0.9883 
   00629    0.4725   -1580.3353  0.9886 
   00630    0.4650   -1581.8592  0.9886 
   00631    0.4350   -1580.7568  0.9885 
   00632    0.4525   -1580.8116  0.9890 
   00633    0.4350   -1580.1696  0.9897 
   00634    0.4475   -1581.1287  0.9900 
   00635    0.4025   -1578.9438  0.9894 
   00636    0.4825   -1581.2672  0.9897 
   00637    0.4500   -1579.9721  0.9889 
   00638    0.4425   -1581.3884  0.9889 
   00639    0.4625   -1581.2065  0.9895 
   00640    0.4525   -1581.1759  0.9889 
   00641    0.4700   -1582.1913  0.9889 
   00642    0.4575   -1582.9726  0.9890 
   00643    0.4375   -1582.2469  0.9891 
   00644    0.4500   -1579.4230  0.9887 
   00645    0.4500   -1579.2372  0.9884 
   00646    0.5125   -1580.2266  0.9892 
   00647    0.4425   -1579.5721  0.9889 
   00648    0.4675   -1581.0052  0.9893 
   00649    0.4650   -1581.3085  0.9888 
   00650    0.4500   -1582.4494  0.9891 
   00651    0.4800   -1580.8101  0.9893 
   00652    0.4625   -1580.0332  0.9891 
   00653    0.4275   -1581.3164  0.9888 
   00654    0.4300   -1580.3607  0.9886 
   00655    0.4125   -1580.6318  0.9884 
   00656    0.4100   -1580.0400  0.9888 
   00657    0.4450   -1578.5944  0.9878 
   00658    0.4625   -1577.9996  0.9875 
   00659    0.4800   -1576.9797  0.9876 
   00660    0.4300   -1576.7278  0.9879 
   00661    0.4725   -1577.8408  0.9885 
   00662    0.4525   -1577.8931  0.9883 
   00663    0.4975   -1577.3725  0.9865 
   00664    0.4325   -1578.2098  0.9867 
   00665    0.4750   -1577.9068  0.9863 
   00666    0.3950   -1578.4704  0.9868 
   00667    0.4750   -1578.4226  0.9875 
   00668    0.4550   -1579.7815  0.9874 
   00669    0.4400   -1579.3306  0.9873 
   00670    0.4700   -1579.5515  0.9866 
   00671    0.4600   -1578.9088  0.9864 
   00672    0.5050   -1577.0540  0.9864 
   00673    0.4200   -1578.9202  0.9869 
   00674    0.4700   -1577.6205  0.9869 
   00675    0.4950   -1578.3688  0.9873 
   00676    0.4575   -1577.0037  0.9879 
   00677    0.4425   -1577.9367  0.9881 
   00678    0.4625   -1578.4089  0.9880 
   00679    0.4650   -1580.6190  0.9884 
   00680    0.4400   -1580.6780  0.9882 
   00681    0.4125   -1580.2065  0.9885 
   00682    0.4375   -1579.7429  0.9886 
   00683    0.4725   -1579.8635  0.9881 
   00684    0.4350   -1580.4232  0.9885 
   00685    0.4350   -1579.8005  0.9883 
   00686    0.3950   -1581.3453  0.9891 
   00687    0.5075   -1581.1340  0.9893 
   00688    0.4450   -1579.3054  0.9886 
   00689    0.4575   -1579.2088  0.9888 
   00690    0.5025   -1580.9573  0.9893 
   00691    0.4400   -1577.6743  0.9882 
   00692    0.4625   -1578.7371  0.9893 
   00693    0.4600   -1578.9707  0.9899 
   00694    0.4675   -1580.0478  0.9895 
   00695    0.4475   -1579.7581  0.9899 
   00696    0.4825   -1579.0825  0.9892 
   00697    0.4825   -1578.3688  0.9885 
   00698    0.4425   -1578.6473  0.9877 
   00699    0.4400   -1578.6563  0.9874 
   00700    0.4375   -1578.1159  0.9862 
   00701    0.4475   -1577.8590  0.9853 
   00702    0.4450   -1578.0176  0.9857 
   00703    0.4450   -1576.7825  0.9852 
   00704    0.4675   -1576.6543  0.9852 
   00705    0.4975   -1575.8220  0.9851 
   00706    0.4650   -1578.1546  0.9864 
   00707    0.4575   -1580.8870  0.9874 
   00708    0.4825   -1580.0577  0.9868 
   00709    0.4850   -1580.4956  0.9864 
   00710    0.4450   -1579.2908  0.9854 
   00711    0.4375   -1577.9116  0.9841 
   00712    0.4100   -1577.0989  0.9841 
   00713    0.4575   -1578.5392  0.9852 
   00714    0.4375   -1578.1781  0.9854 
   00715    0.4225   -1580.0456  0.9862 
   00716    0.4400   -1581.5945  0.9870 
   00717    0.4500   -1578.7787  0.9846 
   00718    0.4550   -1580.4699  0.9855 
   00719    0.4900   -1580.0653  0.9850 
   00720    0.4250   -1577.3697  0.9838 
   00721    0.4775   -1577.4545  0.9838 
   00722    0.4450   -1578.2125  0.9838 
   00723    0.4600   -1578.3187  0.9826 
   00724    0.4575   -1577.3296  0.9818 
   00725    0.4500   -1578.1512  0.9827 
   00726    0.4325   -1576.8807  0.9819 
   00727    0.4575   -1576.5902  0.9828 
   00728    0.4575   -1577.3899  0.9847 
   00729    0.4875   -1578.1198  0.9842 
   00730    0.4375   -1578.6153  0.9844 
   00731    0.4900   -1579.0942  0.9848 
   00732    0.4300   -1579.2837  0.9854 
   00733    0.4375   -1578.2229  0.9845 
   00734    0.4100   -1578.4344  0.9837 
   00735    0.4525   -1578.8248  0.9842 
   00736    0.4125   -1579.9208  0.9852 
   00737    0.4800   -1578.8879  0.9846 
   00738    0.4600   -1578.7725  0.9856 
   00739    0.5025   -1579.7063  0.9855 
   00740    0.4800   -1579.7510  0.9856 
   00741    0.4150   -1580.4884  0.9863 
   00742    0.4625   -1581.1902  0.9866 
   00743    0.4325   -1581.1004  0.9871 
   00744    0.4550   -1581.4324  0.9874 
   00745    0.4550   -1580.3238  0.9863 
   00746    0.4750   -1579.4958  0.9859 
   00747    0.4225   -1579.9086  0.9863 
   00748    0.4775   -1579.2034  0.9863 
   00749    0.4200   -1579.1599  0.9863 
   00750    0.4525   -1579.2063  0.9862 
   00751    0.4800   -1582.1887  0.9877 
   00752    0.4775   -1583.1881  0.9891 
   00753    0.4625   -1581.9732  0.9884 
   00754    0.4425   -1581.9132  0.9883 
   00755    0.4775   -1582.2254  0.9890 
   00756    0.4425   -1581.7790  0.9885 
   00757    0.4050   -1581.5880  0.9885 
   00758    0.4375   -1580.5259  0.9882 
   00759    0.4375   -1581.3573  0.9890 
   00760    0.4650   -1582.0385  0.9894 
   00761    0.4375   -1582.3051  0.9896 
   00762    0.4400   -1581.4038  0.9899 
   00763    0.4625   -1579.9274  0.9890 
   00764    0.4350   -1578.6649  0.9879 
   00765    0.4550   -1578.3712  0.9877 
   00766    0.4550   -1579.8293  0.9882 
   00767    0.4525   -1579.3732  0.9879 
   00768    0.4750   -1579.2568  0.9877 
   00769    0.4475   -1579.1837  0.9878 
   00770    0.4250   -1578.8035  0.9875 
   00771    0.4125   -1578.6074  0.9876 
   00772    0.4575   -1578.9679  0.9871 
   00773    0.4450   -1579.1391  0.9879 
   00774    0.5050   -1578.9284  0.9869 
   00775    0.4800   -1578.8653  0.9870 
   00776    0.4425   -1578.5216  0.9863 
   00777    0.4500   -1577.3602  0.9861 
   00778    0.4850   -1578.4221  0.9864 
   00779    0.4800   -1577.9403  0.9865 
   00780    0.4925   -1577.0151  0.9865 
   00781    0.4450   -1577.6926  0.9867 
   00782    0.4325   -1578.3419  0.9871 
   00783    0.4225   -1579.1262  0.9869 
   00784    0.4700   -1580.0151  0.9867 
   00785    0.4225   -1579.4232  0.9865 
   00786    0.4650   -1579.3421  0.9858 
   00787    0.4375   -1578.6417  0.9862 
   00788    0.4675   -1579.5498  0.9873 
   00789    0.4350   -1580.5168  0.9865 
   00790    0.4625   -1579.0021  0.9860 
   00791    0.4400   -1578.4369  0.9852 
   00792    0.4400   -1578.3924  0.9857 
   00793    0.4725   -1577.9891  0.9855 
   00794    0.4775   -1578.1749  0.9869 
   00795    0.4725   -1579.4903  0.9880 
   00796    0.4625   -1579.9056  0.9879 
   00797    0.4625   -1580.3240  0.9875 
   00798    0.4300   -1581.7276  0.9875 
   00799    0.4225   -1580.5900  0.9873 
   00800    0.4375   -1580.8459  0.9884 
   00801    0.5050   -1580.4343  0.9877 
   00802    0.4425   -1579.1320  0.9872 
   00803    0.4800   -1579.3871  0.9871 
   00804    0.4475   -1578.6729  0.9861 
   00805    0.4325   -1578.0689  0.9854 
   00806    0.4875   -1577.7852  0.9852 
   00807    0.4350   -1578.9242  0.9859 
   00808    0.4450   -1580.0055  0.9869 
   00809    0.4150   -1578.9466  0.9865 
   00810    0.4450   -1578.9334  0.9865 
   00811    0.4750   -1579.0147  0.9869 
   00812    0.4550   -1579.7003  0.9868 
   00813    0.4675   -1578.0364  0.9863 
   00814    0.4400   -1580.4945  0.9868 
   00815    0.4575   -1578.5198  0.9865 
   00816    0.4600   -1577.6599  0.9864 
   00817    0.4525   -1577.4422  0.9862 
   00818    0.4600   -1578.1238  0.9868 
   00819    0.4525   -1578.9979  0.9864 
   00820    0.4325   -1579.3059  0.9864 
   00821    0.4100   -1578.8522  0.9862 
   00822    0.4775   -1578.7385  0.9871 
   00823    0.4925   -1578.8411  0.9865 
   00824    0.4825   -1577.8091  0.9859 
   00825    0.4750   -1579.3129  0.9859 
   00826    0.4475   -1578.9171  0.9864 
   00827    0.4575   -1577.8514  0.9864 
   00828    0.4575   -1579.0549  0.9878 
   00829    0.4900   -1580.1053  0.9877 
   00830    0.5000   -1580.9524  0.9878 
   00831    0.4325   -1580.2916  0.9872 
   00832    0.4325   -1580.5323  0.9872 
   00833    0.4850   -1579.6863  0.9862 
   00834    0.4775   -1578.9975  0.9857 
   00835    0.4525   -1576.8711  0.9857 
   00836    0.4550   -1577.9401  0.9864 
   00837    0.4600   -1579.2168  0.9864 
   00838    0.4825   -1577.1011  0.9863 
   00839    0.4675   -1579.1683  0.9866 
   00840    0.4175   -1581.3034  0.9864 
   00841    0.4800   -1579.0172  0.9852 
   00842    0.4250   -1579.4010  0.9857 
   00843    0.4375   -1579.6841  0.9854 
   00844    0.4125   -1580.3344  0.9863 
   00845    0.4600   -1579.2224  0.9862 
   00846    0.4425   -1580.0140  0.9864 
   00847    0.4550   -1579.3236  0.9866 
   00848    0.4575   -1579.0250  0.9862 
   00849    0.4300   -1577.6478  0.9865 
   00850    0.4575   -1578.2277  0.9863 
   00851    0.4800   -1578.8632  0.9856 
   00852    0.4600   -1579.5786  0.9852 
   00853    0.4825   -1578.4153  0.9851 
   00854    0.4575   -1578.0770  0.9847 
   00855    0.3975   -1579.0731  0.9849 
   00856    0.4475   -1580.0296  0.9847 
   00857    0.4975   -1580.3641  0.9849 
   00858    0.4550   -1581.0970  0.9847 
   00859    0.4800   -1580.1157  0.9856 
   00860    0.4175   -1578.0504  0.9855 
   00861    0.4400   -1579.9307  0.9868 
   00862    0.4325   -1580.6163  0.9865 
   00863    0.4350   -1578.8627  0.9863 
   00864    0.4525   -1579.4847  0.9860 
   00865    0.4600   -1580.4139  0.9867 
   00866    0.4450   -1580.1709  0.9858 
   00867    0.4750   -1579.7766  0.9852 
   00868    0.4025   -1580.4985  0.9838 
   00869    0.5000   -1578.7352  0.9835 
   00870    0.4600   -1578.9386  0.9833 
   00871    0.4100   -1579.5265  0.9836 
   00872    0.4775   -1580.3460  0.9840 
   00873    0.4600   -1581.3771  0.9844 
   00874    0.4325   -1581.1476  0.9846 
   00875    0.4500   -1582.6112  0.9850 
   00876    0.5075   -1582.7342  0.9842 
   00877    0.4625   -1582.4405  0.9850 
   00878    0.4400   -1583.1499  0.9853 
   00879    0.4625   -1583.3246  0.9860 
   00880    0.5050   -1582.9490  0.9850 
   00881    0.4750   -1582.7782  0.9849 
   00882    0.4575   -1581.3250  0.9845 
   00883    0.4550   -1581.0780  0.9855 
   00884    0.4750   -1582.5934  0.9868 
   00885    0.4550   -1582.2858  0.9867 
   00886    0.4350   -1581.8051  0.9867 
   00887    0.4425   -1580.5268  0.9866 
   00888    0.4100   -1579.0798  0.9873 
   00889    0.4450   -1579.0914  0.9875 
   00890    0.4750   -1579.1284  0.9882 
   00891    0.4800   -1578.6779  0.9881 
   00892    0.4150   -1579.6646  0.9882 
   00893    0.4650   -1580.9668  0.9886 
   00894    0.4475   -1580.8525  0.9887 
   00895    0.4875   -1578.2736  0.9875 
   00896    0.4575   -1578.4922  0.9861 
   00897    0.4125   -1580.8593  0.9869 
   00898    0.4750   -1579.4597  0.9862 
   00899    0.4575   -1580.3081  0.9872 
   00900    0.4600   -1579.9714  0.9875 
   00901    0.4500   -1579.5900  0.9877 
   00902    0.4325   -1578.5638  0.9875 
   00903    0.4800   -1580.3332  0.9877 
   00904    0.4675   -1579.8463  0.9878 
   00905    0.4525   -1581.2355  0.9887 
   00906    0.4750   -1580.7458  0.9883 
   00907    0.4600   -1579.8353  0.9871 
   00908    0.4425   -1579.2853  0.9876 
   00909    0.4700   -1580.6069  0.9878 
   00910    0.4575   -1580.4714  0.9874 
   00911    0.4650   -1579.7774  0.9871 
   00912    0.4325   -1579.4945  0.9866 
   00913    0.4175   -1580.5901  0.9870 
   00914    0.4075   -1580.2433  0.9874 
   00915    0.4650   -1579.2612  0.9869 
   00916    0.4350   -1581.4809  0.9879 
   00917    0.4400   -1580.4954  0.9881 
   00918    0.4375   -1579.7239  0.9880 
   00919    0.4575   -1581.4287  0.9891 
   00920    0.4825   -1580.9811  0.9892 
   00921    0.3975   -1581.8857  0.9889 
   00922    0.4800   -1581.5523  0.9898 
   00923    0.3950   -1582.0189  0.9896 
   00924    0.4975   -1580.5315  0.9888 
   00925    0.4475   -1580.5738  0.9888 
   00926    0.4200   -1582.2090  0.9888 
   00927    0.4300   -1580.2483  0.9879 
   00928    0.4525   -1582.0167  0.9886 
   00929    0.4275   -1580.1866  0.9880 
   00930    0.4875   -1581.3504  0.9880 
   00931    0.3825   -1581.2614  0.9878 
   00932    0.4500   -1580.6668  0.9876 
   00933    0.4525   -1582.0521  0.9884 
   00934    0.4275   -1581.0663  0.9877 
   00935    0.4600   -1580.2349  0.9876 
   00936    0.4825   -1580.7060  0.9879 
   00937    0.4275   -1580.8686  0.9879 
   00938    0.4575   -1581.6594  0.9888 
   00939    0.4550   -1580.2699  0.9879 
   00940    0.4225   -1581.5641  0.9878 
   00941    0.4825   -1580.9356  0.9879 
   00942    0.4500   -1581.7246  0.9884 
   00943    0.4625   -1580.2632  0.9885 
   00944    0.4475   -1580.3829  0.9892 
   00945    0.4275   -1581.5198  0.9893 
   00946    0.4350   -1581.6124  0.9888 
   00947    0.4500   -1580.3623  0.9886 
   00948    0.4800   -1579.1506  0.9889 
   00949    0.4225   -1579.3586  0.9889 
   00950    0.4350   -1579.5533  0.9887 
   00951    0.4475   -1579.5758  0.9891 
   00952    0.4775   -1580.5677  0.9897 
   00953    0.4500   -1580.1943  0.9899 
   00954    0.4325   -1580.3272  0.9901 
   00955    0.4450   -1581.8208  0.9898 
   00956    0.4700   -1580.7308  0.9893 
   00957    0.4725   -1580.3081  0.9890 
   00958    0.4900   -1581.8406  0.9897 
   00959    0.4325   -1581.5971  0.9897 
   00960    0.4550   -1581.1393  0.9895 
   00961    0.4825   -1580.3593  0.9892 
   00962    0.4475   -1580.9271  0.9890 
   00963    0.4375   -1581.4537  0.9879 
   00964    0.4100   -1580.4128  0.9881 
   00965    0.4400   -1580.3659  0.9880 
   00966    0.4850   -1579.6699  0.9881 
   00967    0.5225   -1579.7320  0.9874 
   00968    0.4900   -1579.9441  0.9882 
   00969    0.4575   -1580.8307  0.9887 
   00970    0.4025   -1580.8664  0.9883 
   00971    0.4650   -1580.3461  0.9882 
   00972    0.4625   -1579.0932  0.9876 
   00973    0.4325   -1579.1782  0.9875 
   00974    0.4300   -1579.7630  0.9883 
   00975    0.4300   -1580.2704  0.9877 
   00976    0.4375   -1580.8882  0.9880 
   00977    0.4550   -1580.5738  0.9873 
   00978    0.4725   -1579.7603  0.9868 
   00979    0.5050   -1579.5099  0.9874 
   00980    0.4650   -1579.1938  0.9872 
   00981    0.4975   -1578.7632  0.9874 
   00982    0.4975   -1578.7728  0.9869 
   00983    0.4400   -1578.1571  0.9867 
   00984    0.4250   -1579.9299  0.9882 
   00985    0.4625   -1579.4184  0.9882 
   00986    0.4350   -1579.8783  0.9885 
   00987    0.5050   -1579.8245  0.9885 
   00988    0.4150   -1579.3687  0.9880 
   00989    0.4825   -1579.0535  0.9883 
   00990    0.4550   -1579.5501  0.9881 
   00991    0.4800   -1578.4178  0.9878 
   00992    0.4525   -1578.4970  0.9879 
   00993    0.4350   -1578.9405  0.9877 
   00994    0.4725   -1577.3476  0.9870 
   00995    0.5100   -1581.9364  0.9884 
   00996    0.4425   -1579.7781  0.9878 
   00997    0.5125   -1579.8316  0.9890 
   00998    0.5050   -1579.1526  0.9889 
   00999    0.4825   -1579.8130  0.9897 
   01000    0.4200   -1581.0849  0.9901 
