#=====================================================
# File created:        Mon-03-Nov-2025-at-01-41-33AM
# Size of lattice:     20x20
# Number of MC steps:  1000
# Reduced temperature: 0.450
# Run time (s):        7.554440
#=====================================================
# MC step:  Ratio:     Energy:   Order:
#=====================================================
   00000    0.5000    -446.3013  0.3177 
   00001    0.7025    -640.1301  0.3344 
   00002    0.5975    -778.4647  0.3191 
   00003    0.5875    -860.6452  0.3167 
   00004    0.5375    -940.4540  0.3287 
   00005    0.5350    -989.5186  0.3332 
   00006    0.5275   -1023.0419  0.3252 
   00007    0.4775   -1044.8920  0.3205 
   00008    0.5250   -1040.9181  0.3342 
   00009    0.5375   -1078.1159  0.3492 
   00010    0.4750   -1106.0554  0.3608 
   00011    0.4575   -1130.7020  0.3721 
   00012    0.4675   -1149.7301  0.3631 
   00013    0.4525   -1154.3224  0.3606 
   00014    0.4725   -1149.1006  0.3670 
   00015    0.4725   -1146.2542  0.3680 
   00016    0.5150   -1139.6303  0.3706 
   00017    0.4450   -1143.5046  0.3778 
   00018    0.4475   -1174.0449  0.3613 
   00019    0.4400   -1169.4570  0.3628 
   00020    0.4700   -1185.4324  0.3567 
   00021    0.4275   -1189.8359  0.3497 
   00022    0.4525   -1195.7943  0.3639 
   00023    0.4300   -1193.4728  0.3617 
   00024    0.4200   -1198.6784  0.3836 
   00025    0.4575   -1186.0066  0.3959 
   00026    0.4525   -1195.8011  0.3969 
   00027    0.4300   -1207.3292  0.3928 
   00028    0.4300   -1197.2669  0.3929 
   00029    0.4625   -1192.4339  0.4054 
   00030    0.4750   -1194.7048  0.3878 
   00031    0.4475   -1196.9129  0.3856 
   00032    0.4725   -1204.4270  0.3983 
   00033    0.4325   -1219.5996  0.4118 
   00034    0.5175   -1211.8647  0.4057 
   00035    0.5225   -1198.4578  0.4194 
   00036    0.4775   -1185.9832  0.4095 
   00037    0.4725   -1189.2123  0.4112 
   00038    0.4875   -1216.6561  0.4116 
   00039    0.4325   -1230.3820  0.4159 
   00040    0.4975   -1220.4684  0.4440 
   00041    0.4550   -1225.2909  0.4563 
   00042    0.4275   -1237.3211  0.4476 
   00043    0.4400   -1260.0701  0.4601 
   00044    0.4525   -1269.3883  0.4706 
   00045    0.4550   -1271.7154  0.4765 
   00046    0.4450   -1279.4531  0.4963 
   00047    0.4400   -1266.1363  0.4987 
   00048    0.4500   -1281.7295  0.5139 
   00049    0.4600   -1286.5477  0.5180 
   00050    0.4025   -1294.1080  0.5341 
   00051    0.4425   -1300.4926  0.5372 
   00052    0.4625   -1284.6435  0.5340 
   00053    0.4400   -1301.9976  0.5336 
   00054    0.4500   -1315.8585  0.5336 
   00055    0.4450   -1309.8960  0.5380 
   00056    0.4400   -1326.0178  0.5623 
   00057    0.4025   -1338.3690  0.5737 
   00058    0.4200   -1328.3788  0.5847 
   00059    0.4025   -1335.3234  0.5863 
   00060    0.4325   -1329.0997  0.5742 
   00061    0.3975   -1338.5062  0.5845 
   00062    0.4350   -1333.6886  0.5804 
   00063    0.4100   -1337.0801  0.5842 
   00064    0.3975   -1334.1329  0.6009 
   00065    0.4100   -1345.9512  0.6192 
   00066    0.4650   -1339.1650  0.6139 
   00067    0.4000   -1339.8464  0.6165 
   00068    0.4400   -1339.8127  0.6031 
   00069    0.4600   -1341.6598  0.5900 
   00070    0.4475   -1316.2525  0.5875 
   00071    0.4375   -1334.0277  0.5887 
   00072    0.4250   -1329.8683  0.5988 
   00073    0.4175   -1314.4562  0.5884 
   00074    0.4200   -1332.8775  0.5930 
   00075    0.4000   -1336.7512  0.6023 
   00076    0.4375   -1348.2099  0.6222 
   00077    0.3750   -1337.9849  0.6161 
   00078    0.4450   -1353.0706  0.6188 
   00079    0.4300   -1349.3860  0.6208 
   00080    0.4150   -1344.0936  0.6480 
   00081    0.4025   -1348.2480  0.6745 
   00082    0.3975   -1349.9071  0.6694 
   00083    0.4275   -1351.1174  0.6638 
   00084    0.4300   -1353.5403  0.6531 
   00085    0.4150   -1349.8372  0.6544 
   00086    0.3750   -1346.7410  0.6552 
   00087    0.4325   -1346.5292  0.6733 
   00088    0.4650   -1354.5642  0.6924 
   00089    0.4350   -1365.0121  0.7074 
   00090    0.4050   -1366.2978  0.7029 
   00091    0.4050   -1366.4475  0.7127 
   00092    0.4125   -1396.3329  0.7387 
   00093    0.4375   -1387.4912  0.7524 
   00094    0.4150   -1380.6798  0.7489 
   00095    0.4575   -1383.4556  0.7575 
   00096    0.4225   -1382.0626  0.7638 
   00097    0.4075   -1384.8932  0.7738 
   00098    0.4600   -1376.6274  0.7789 
   00099    0.4225   -1383.9065  0.7915 
   00100    0.4350   -1387.0934  0.7901 
   00101    0.4250   -1399.6095  0.7922 
   00102    0.4150   -1395.3710  0.7950 
   00103    0.4400   -1407.0006  0.7827 
   00104    0.3875   -1408.0876  0.7874 
   00105    0.4450   -1401.9829  0.7793 
   00106    0.4100   -1398.2753  0.7759 
   00107    0.4200   -1380.3743  0.7669 
   00108    0.4175   -1400.2139  0.7729 
   00109    0.4050   -1393.8401  0.7789 
   00110    0.4475   -1371.8455  0.7736 
   00111    0.4000   -1370.9078  0.7611 
   00112    0.3600   -1359.1936  0.7612 
   00113    0.4200   -1362.4874  0.7652 
   00114    0.4650   -1368.1228  0.7809 
   00115    0.4675   -1376.8557  0.7700 
   00116    0.3825   -1373.7222  0.7674 
   00117    0.4075   -1376.2372  0.7817 
   00118    0.4225   -1390.0999  0.7711 
   00119    0.4300   -1384.4016  0.7615 
   00120    0.3675   -1373.6104  0.7706 
   00121    0.4250   -1380.0728  0.7880 
   00122    0.4050   -1387.5855  0.7906 
   00123    0.4075   -1399.3268  0.8116 
   00124    0.4000   -1393.9942  0.8083 
   00125    0.4350   -1391.7592  0.8206 
   00126    0.4025   -1393.6974  0.8167 
   00127    0.4000   -1397.9996  0.8075 
   00128    0.4100   -1401.0907  0.8175 
   00129    0.3825   -1406.2173  0.8249 
   00130    0.3575   -1389.1909  0.8172 
   00131    0.4200   -1395.2978  0.8217 
   00132    0.4150   -1407.7599  0.8335 
   00133    0.3775   -1436.5506  0.8316 
   00134    0.4400   -1418.6534  0.8182 
   00135    0.3850   -1408.2280  0.8132 
   00136    0.3875   -1396.3808  0.8051 
   00137    0.4275   -1378.7479  0.8076 
   00138    0.4650   -1384.3622  0.8079 
   00139    0.4300   -1381.7451  0.8158 
   00140    0.4300   -1383.5037  0.8171 
   00141    0.3800   -1392.1907  0.8072 
   00142    0.4100   -1401.5420  0.8151 
   00143    0.4075   -1401.8735  0.8276 
   00144    0.4375   -1391.1560  0.8150 
   00145    0.4450   -1382.6281  0.8240 
   00146    0.4525   -1393.9363  0.8177 
   00147    0.4450   -1377.2726  0.8094 
   00148    0.4200   -1380.1423  0.8133 
   00149    0.4350   -1370.6179  0.8136 
   00150    0.4300   -1371.5391  0.8173 
   00151    0.4100   -1386.0130  0.8178 
   00152    0.3775   -1393.2343  0.8210 
   00153    0.3950   -1390.2443  0.8170 
   00154    0.3800   -1392.1423  0.8149 
   00155    0.4175   -1376.3387  0.8048 
   00156    0.4575   -1380.9051  0.8115 
   00157    0.4325   -1379.5886  0.8163 
   00158    0.3975   -1381.4351  0.8190 
   00159    0.4375   -1379.6423  0.8248 
   00160    0.4025   -1390.2370  0.8297 
   00161    0.4025   -1399.6244  0.8452 
   00162    0.4300   -1397.0575  0.8487 
   00163    0.3900   -1389.8429  0.8428 
   00164    0.3975   -1401.3609  0.8463 
   00165    0.4225   -1407.1436  0.8462 
   00166    0.4150   -1408.3466  0.8529 
   00167    0.3900   -1404.9311  0.8556 
   00168    0.4100   -1413.5251  0.8645 
   00169    0.3975   -1411.2923  0.8610 
   00170    0.4250   -1416.5385  0.8679 
   00171    0.4225   -1411.4777  0.8715 
   00172    0.4450   -1410.1371  0.8687 
   00173    0.3750   -1409.8751  0.8762 
   00174    0.3850   -1391.2090  0.8583 
   00175    0.4150   -1382.7553  0.8526 
   00176    0.3950   -1380.4647  0.8473 
   00177    0.4300   -1390.0257  0.8458 
   00178    0.4150   -1386.9655  0.8409 
   00179    0.4325   -1392.1125  0.8444 
   00180    0.4175   -1386.0657  0.8476 
   00181    0.4050   -1388.9467  0.8604 
   00182    0.3850   -1411.8569  0.8769 
   00183    0.3950   -1418.7746  0.8752 
   00184    0.4175   -1411.1235  0.8738 
   00185    0.4350   -1407.8255  0.8793 
   00186    0.3925   -1423.8728  0.8865 
   00187    0.4175   -1422.3755  0.8881 
   00188    0.4250   -1419.3802  0.8797 
   00189    0.4100   -1429.8769  0.8845 
   00190    0.3725   -1428.5931  0.8890 
   00191    0.4450   -1414.0321  0.8881 
   00192    0.3800   -1414.4500  0.8831 
   00193    0.4350   -1415.3016  0.8770 
   00194    0.4225   -1420.2342  0.8776 
   00195    0.3900   -1412.5657  0.8775 
   00196    0.4150   -1414.6581  0.8766 
   00197    0.4075   -1400.2702  0.8815 
   00198    0.4300   -1418.4699  0.8898 
   00199    0.4100   -1414.8818  0.8898 
   00200    0.4100   -1402.0087  0.8769 
   00201    0.3275   -1396.9629  0.8740 
   00202    0.4100   -1406.7858  0.8773 
   00203    0.3950   -1415.7759  0.8872 
   00204    0.4000   -1417.3269  0.8872 
   00205    0.4575   -1413.9822  0.8775 
   00206    0.4300   -1397.2800  0.8748 
   00207    0.4050   -1385.8097  0.8680 
   00208    0.4100   -1396.6000  0.8769 
   00209    0.3950   -1391.5879  0.8718 
   00210    0.4025   -1402.7366  0.8856 
   00211    0.4025   -1408.0635  0.8843 
   00212    0.4450   -1394.3155  0.8761 
   00213    0.3775   -1395.4505  0.8753 
   00214    0.4000   -1393.5900  0.8834 
   00215    0.3850   -1407.7804  0.8874 
   00216    0.3575   -1418.4189  0.8859 
   00217    0.4200   -1422.8344  0.8811 
   00218    0.3825   -1408.0361  0.8716 
   00219    0.4700   -1406.4738  0.8767 
   00220    0.3750   -1403.5087  0.8754 
   00221    0.3925   -1410.9312  0.8781 
   00222    0.4450   -1407.6851  0.8774 
   00223    0.4550   -1404.4441  0.8732 
   00224    0.4175   -1411.6760  0.8667 
   00225    0.4100   -1409.1562  0.8673 
   00226    0.3575   -1408.9322  0.8710 
   00227    0.4125   -1393.4098  0.8758 
   00228    0.4300   -1393.2443  0.8816 
   00229    0.4125   -1394.1659  0.8813 
   00230    0.4225   -1382.6511  0.8778 
   00231    0.4225   -1404.2068  0.8738 
   00232    0.4250   -1396.3263  0.8630 
   00233    0.4000   -1408.1825  0.8750 
   00234    0.4250   -1416.2663  0.8799 
   00235    0.4425   -1428.1385  0.8931 
   00236    0.4000   -1426.1102  0.8887 
   00237    0.4225   -1408.0761  0.8831 
   00238    0.3800   -1415.4470  0.8862 
   00239    0.4275   -1418.6338  0.8853 
   00240    0.4500   -1418.1509  0.8848 
   00241    0.4350   -1403.5319  0.8835 
   00242    0.4225   -1419.2444  0.8859 
   00243    0.3550   -1417.0525  0.8838 
   00244    0.4200   -1420.3382  0.8899 
   00245    0.3900   -1417.6934  0.8907 
   00246    0.4050   -1412.6635  0.8865 
   00247    0.4350   -1409.7893  0.8895 
   00248    0.3925   -1406.5479  0.8825 
   00249    0.3925   -1407.6497  0.8841 
   00250    0.4125   -1398.5281  0.8909 
   00251    0.4075   -1413.8271  0.9016 
   00252    0.3975   -1408.3108  0.9063 
   00253    0.3925   -1410.2949  0.9100 
   00254    0.4150   -1406.2035  0.9065 
   00255    0.4125   -1424.7588  0.9111 
   00256    0.3975   -1399.3231  0.9010 
   00257    0.4100   -1400.2373  0.9002 
   00258    0.4225   -1375.9726  0.8918 
   00259    0.4225   -1399.1988  0.8962 
   00260    0.3800   -1400.2621  0.8968 
   00261    0.3825   -1405.4085  0.9023 
   00262    0.4050   -1395.4898  0.8991 
   00263    0.3925   -1398.3763  0.8970 
   00264    0.3825   -1408.7325  0.9033 
   00265    0.4025   -1423.3922  0.9027 
   00266    0.4250   -1409.4436  0.9002 
   00267    0.4025   -1418.7671  0.9013 
   00268    0.4325   -1412.4722  0.8972 
   00269    0.4025   -1406.3377  0.8910 
   00270    0.4100   -1415.7105  0.8914 
   00271    0.3875   -1421.0804  0.8964 
   00272    0.4375   -1410.2090  0.8869 
   00273    0.4450   -1421.6505  0.8897 
   00274    0.3550   -1414.4045  0.8845 
   00275    0.4425   -1402.4104  0.8804 
   00276    0.4275   -1398.5015  0.8766 
   00277    0.4025   -1397.8425  0.8731 
   00278    0.4225   -1399.5488  0.8656 
   00279    0.3975   -1401.8928  0.8612 
   00280    0.3925   -1412.3491  0.8696 
   00281    0.3850   -1402.0979  0.8707 
   00282    0.4175   -1414.9047  0.8746 
   00283    0.4525   -1403.1821  0.8701 
   00284    0.4375   -1403.3037  0.8680 
   00285    0.4400   -1401.1389  0.8671 
   00286    0.4625   -1398.1180  0.8673 
   00287    0.4075   -1391.2487  0.8682 
   00288    0.4875   -1405.2304  0.8740 
   00289    0.4325   -1402.9344  0.8806 
   00290    0.3925   -1406.5098  0.8768 
   00291    0.4425   -1414.0391  0.8748 
   00292    0.4350   -1408.9935  0.8738 
   00293    0.4625   -1418.8822  0.8744 
   00294    0.3800   -1411.5837  0.8736 
   00295    0.4125   -1410.4235  0.8571 
   00296    0.4225   -1422.9358  0.8628 
   00297    0.3675   -1413.5729  0.8622 
   00298    0.4375   -1413.7837  0.8682 
   00299    0.3725   -1425.2049  0.8714 
   00300    0.3875   -1416.6577  0.8691 
   00301    0.4075   -1414.0113  0.8658 
   00302    0.4050   -1409.2018  0.8734 
   00303    0.4175   -1398.3955  0.8587 
   00304    0.4325   -1415.3162  0.8673 
   00305    0.3700   -1418.5967  0.8726 
   00306    0.4325   -1422.5795  0.8694 
   00307    0.3950   -1412.6675  0.8607 
   00308    0.4700   -1397.4517  0.8559 
   00309    0.4375   -1389.7054  0.8454 
   00310    0.4075   -1385.8182  0.8514 
   00311    0.4000   -1374.2407  0.8443 
   00312    0.4175   -1376.6912  0.8553 
   00313    0.4050   -1379.0290  0.8577 
   00314    0.4500   -1375.8351  0.8639 
   00315    0.4350   -1370.0711  0.8640 
   00316    0.3975   -1370.8899  0.8611 
   00317    0.3925   -1389.2334  0.8678 
   00318    0.4425   -1389.0687  0.8628 
   00319    0.4025   -1386.6932  0.8591 
   00320    0.4450   -1388.5793  0.8611 
   00321    0.4450   -1387.2182  0.8619 
   00322    0.4250   -1409.4416  0.8706 
   00323    0.4050   -1394.7044  0.8617 
   00324    0.4375   -1413.0940  0.8670 
   00325    0.4375   -1423.7190  0.8748 
   00326    0.4000   -1431.0404  0.8800 
   00327    0.3650   -1418.5102  0.8743 
   00328    0.4450   -1412.3204  0.8761 
   00329    0.4075   -1386.3872  0.8676 
   00330    0.4225   -1397.9303  0.8771 
   00331    0.4300   -1382.2799  0.8739 
   00332    0.3775   -1379.5964  0.8718 
   00333    0.4425   -1379.4882  0.8729 
   00334    0.4050   -1379.1997  0.8719 
   00335    0.3950   -1369.8102  0.8691 
   00336    0.4325   -1392.3684  0.8746 
   00337    0.4075   -1391.1147  0.8777 
   00338    0.4150   -1399.1113  0.8781 
   00339    0.4350   -1398.9510  0.8798 
   00340    0.4650   -1389.4616  0.8706 
   00341    0.4300   -1406.8829  0.8742 
   00342    0.4175   -1402.2836  0.8737 
   00343    0.4250   -1412.8298  0.8753 
   00344    0.3925   -1390.5329  0.8537 
   00345    0.3925   -1371.2881  0.8490 
   00346    0.3925   -1373.1521  0.8434 
   00347    0.3750   -1394.6002  0.8393 
   00348    0.4300   -1396.1750  0.8431 
   00349    0.4250   -1393.7421  0.8439 
   00350    0.4175   -1398.3532  0.8509 
   00351    0.3900   -1397.8881  0.8557 
   00352    0.4225   -1400.5168  0.8591 
   00353    0.4225   -1391.9735  0.8604 
   00354    0.4175   -1388.4704  0.8589 
   00355    0.4300   -1385.4365  0.8551 
   00356    0.4475   -1393.4459  0.8632 
   00357    0.4325   -1398.9234  0.8667 
   00358    0.4825   -1416.2871  0.8778 
   00359    0.3750   -1406.9837  0.8728 
   00360    0.4100   -1418.3646  0.8756 
   00361    0.4250   -1428.9994  0.8811 
   00362    0.4150   -1417.6326  0.8784 
   00363    0.3925   -1426.0234  0.8853 
   00364    0.3925   -1420.0370  0.8866 
   00365    0.4075   -1421.0215  0.8832 
   00366    0.4150   -1424.9618  0.8867 
   00367    0.3750   -1415.9488  0.8821 
   00368    0.3650   -1423.1104  0.8827 
   00369    0.3825   -1422.8926  0.8846 
   00370    0.4375   -1409.3047  0.8798 
   00371    0.4025   -1400.9814  0.8803 
   00372    0.3550   -1407.6970  0.8829 
   00373    0.3975   -1407.9919  0.8866 
   00374    0.4550   -1419.7515  0.8929 
   00375    0.4150   -1416.0024  0.8864 
   00376    0.3975   -1418.7129  0.8879 
   00377    0.4175   -1412.8570  0.8892 
   00378    0.4075   -1409.4307  0.8901 
   00379    0.4200   -1415.4571  0.8938 
   00380    0.4225   -1404.1406  0.8899 
   00381    0.4200   -1414.2607  0.8866 
   00382    0.3850   -1416.9227  0.8799 
   00383    0.4225   -1420.4669  0.8781 
   00384    0.4375   -1419.8650  0.8815 
   00385    0.4375   -1425.8074  0.8779 
   00386    0.4150   -1436.3500  0.8865 
   00387    0.3925   -1435.8466  0.8917 
   00388    0.4300   -1418.8826  0.8845 
   00389    0.4275   -1424.7944  0.8887 
   00390    0.4550   -1408.2102  0.8733 
   00391    0.4350   -1401.0308  0.8710 
   00392    0.3975   -1419.0217  0.8790 
   00393    0.3700   -1416.9558  0.8812 
   00394    0.4475   -1417.4409  0.8738 
   00395    0.3850   -1402.9670  0.8646 
   00396    0.3850   -1393.1016  0.8513 
   00397    0.4225   -1400.6742  0.8590 
   00398    0.4775   -1409.3281  0.8654 
   00399    0.4225   -1402.1223  0.8613 
   00400    0.4400   -1396.5715  0.8600 
   00401    0.4025   -1403.9319  0.8652 
   00402    0.4325   -1397.3752  0.8630 
   00403    0.4350   -1402.6025  0.8700 
   00404    0.3750   -1409.5070  0.8781 
   00405    0.4325   -1401.6781  0.8773 
   00406    0.4100   -1420.4192  0.8814 
   00407    0.4200   -1417.7701  0.8778 
   00408    0.3825   -1405.1930  0.8702 
   00409    0.3900   -1398.3034  0.8692 
   00410    0.4050   -1409.2741  0.8729 
   00411    0.4025   -1403.3565  0.8749 
   00412    0.4325   -1421.7361  0.8818 
   00413    0.3900   -1428.6376  0.8906 
   00414    0.4525   -1412.3578  0.8854 
   00415    0.4125   -1400.4093  0.8730 
   00416    0.3975   -1403.4346  0.8719 
   00417    0.4050   -1408.3820  0.8753 
   00418    0.4075   -1405.8057  0.8727 
   00419    0.4150   -1408.4563  0.8752 
   00420    0.3825   -1403.6003  0.8751 
   00421    0.3800   -1395.4259  0.8752 
   00422    0.4100   -1395.8231  0.8709 
   00423    0.4675   -1411.5758  0.8871 
   00424    0.3975   -1409.7086  0.8973 
   00425    0.4450   -1400.0322  0.8935 
   00426    0.3850   -1393.5271  0.8851 
   00427    0.4725   -1397.5098  0.8950 
   00428    0.4100   -1397.2104  0.8918 
   00429    0.3925   -1403.5944  0.8896 
   00430    0.4225   -1401.5501  0.8865 
   00431    0.4050   -1400.3959  0.8808 
   00432    0.4375   -1414.6267  0.8899 
   00433    0.4350   -1425.5084  0.8859 
   00434    0.4650   -1411.6519  0.8688 
   00435    0.4050   -1424.7341  0.8745 
   00436    0.4200   -1405.3065  0.8701 
   00437    0.4000   -1407.3695  0.8642 
   00438    0.4000   -1406.3173  0.8638 
   00439    0.4125   -1408.3624  0.8604 
   00440    0.4350   -1418.9900  0.8662 
   00441    0.4525   -1418.0297  0.8707 
   00442    0.3900   -1407.7095  0.8657 
   00443    0.4100   -1400.1309  0.8695 
   00444    0.4300   -1400.2128  0.8675 
   00445    0.3950   -1397.0576  0.8712 
   00446    0.4200   -1402.4422  0.8795 
   00447    0.4000   -1409.0607  0.8806 
   00448    0.4350   -1410.8481  0.8848 
   00449    0.4575   -1428.4408  0.8947 
   00450    0.3975   -1418.1589  0.8870 
   00451    0.4375   -1412.4793  0.8899 
   00452    0.4425   -1397.0588  0.8805 
   00453    0.4550   -1401.8663  0.8814 
   00454    0.4050   -1406.3907  0.8864 
   00455    0.3950   -1413.7565  0.8881 
   00456    0.4075   -1409.4845  0.8862 
   00457    0.4225   -1424.1982  0.8902 
   00458    0.4150   -1411.1890  0.8842 
   00459    0.4275   -1409.7834  0.8848 
   00460    0.3975   -1388.9152  0.8750 
   00461    0.3850   -1364.4517  0.8665 
   00462    0.3900   -1363.6284  0.8568 
   00463    0.4075   -1369.7704  0.8521 
   00464    0.4475   -1383.3125  0.8556 
   00465    0.4025   -1377.7062  0.8527 
   00466    0.4250   -1383.1226  0.8480 
   00467    0.3850   -1376.9108  0.8476 
   00468    0.4225   -1381.1395  0.8544 
   00469    0.4425   -1376.8156  0.8445 
   00470    0.4250   -1405.7933  0.8494 
   00471    0.4225   -1408.3118  0.8490 
   00472    0.4075   -1411.4936  0.8543 
   00473    0.3825   -1405.0715  0.8583 
   00474    0.4200   -1405.7987  0.8578 
   00475    0.4225   -1409.0390  0.8553 
   00476    0.3800   -1410.1448  0.8526 
   00477    0.4275   -1404.4551  0.8519 
   00478    0.4225   -1389.0924  0.8451 
   00479    0.4150   -1397.5950  0.8480 
   00480    0.4050   -1417.3870  0.8540 
   00481    0.4075   -1412.5023  0.8565 
   00482    0.4375   -1416.7440  0.8702 
   00483    0.4150   -1415.6209  0.8747 
   00484    0.4000   -1412.7924  0.8698 
   00485    0.3900   -1408.7201  0.8776 
   00486    0.4175   -1393.8538  0.8725 
   00487    0.4150   -1393.0774  0.8708 
   00488    0.4100   -1410.3350  0.8695 
   00489    0.4450   -1405.5452  0.8679 
   00490    0.4400   -1402.5014  0.8673 
   00491    0.4425   -1411.9940  0.8710 
   00492    0.3600   -1417.8104  0.8675 
   00493    0.4025   -1408.4333  0.8611 
   00494    0.4325   -1406.0210  0.8599 
   00495    0.4125   -1412.4047  0.8615 
   00496    0.4050   -1415.2275  0.8637 
   00497    0.4350   -1402.7499  0.8722 
   00498    0.4075   -1397.3748  0.8693 
   00499    0.4475   -1389.5069  0.8678 
   00500    0.3850   -1400.2991  0.8698 
   00501    0.4075   -1394.0910  0.8678 
   00502    0.4325   -1404.8838  0.8700 
   00503    0.4025   -1397.0214  0.8688 
   00504    0.3975   -1399.8914  0.8713 
   00505    0.4450   -1403.5515  0.8737 
   00506    0.4100   -1400.6228  0.8799 
   00507    0.3925   -1386.5089  0.8750 
   00508    0.4175   -1383.3862  0.8681 
   00509    0.4675   -1393.3607  0.8784 
   00510    0.4150   -1397.8869  0.8878 
   00511    0.4225   -1402.5609  0.8864 
   00512    0.4500   -1386.1028  0.8794 
   00513    0.3625   -1384.2827  0.8726 
   00514    0.4125   -1404.7488  0.8738 
   00515    0.4100   -1406.8714  0.8804 
   00516    0.4050   -1396.7863  0.8789 
   00517    0.4000   -1391.9986  0.8760 
   00518    0.4025   -1402.6489  0.8760 
   00519    0.4200   -1403.6914  0.8736 
   00520    0.3875   -1392.9408  0.8716 
   00521    0.4250   -1376.2490  0.8724 
   00522    0.4000   -1377.9055  0.8704 
   00523    0.4150   -1394.4976  0.8653 
   00524    0.3500   -1386.1218  0.8613 
   00525    0.4575   -1391.3704  0.8624 
   00526    0.4000   -1399.3669  0.8660 
   00527    0.4125   -1392.0324  0.8666 
   00528    0.3775   -1384.6201  0.8676 
   00529    0.4350   -1406.3420  0.8824 
   00530    0.4250   -1404.7642  0.8812 
   00531    0.4100   -1389.1047  0.8748 
   00532    0.4875   -1400.4135  0.8748 
   00533    0.4750   -1403.5052  0.8748 
   00534    0.3775   -1409.6654  0.8792 
   00535    0.4400   -1402.1608  0.8834 
   00536    0.4525   -1409.5590  0.8880 
   00537    0.4400   -1406.7037  0.8820 
   00538    0.3975   -1405.8686  0.8828 
   00539    0.3900   -1417.2292  0.8821 
   00540    0.4150   -1422.3410  0.8895 
   00541    0.4200   -1416.3120  0.8967 
   00542    0.4150   -1404.1283  0.8885 
   00543    0.4100   -1405.1293  0.8924 
   00544    0.3475   -1404.1375  0.8899 
   00545    0.4200   -1404.0226  0.8891 
   00546    0.4150   -1397.5791  0.8773 
   00547    0.4325   -1409.8100  0.8785 
   00548    0.3950   -1394.4364  0.8702 
   00549    0.4000   -1384.0062  0.8709 
   00550    0.3750   -1380.6847  0.8600 
   00551    0.3800   -1377.1104  0.8524 
   00552    0.4075   -1374.7663  0.8489 
   00553    0.4200   -1394.4730  0.8608 
   00554    0.3975   -1410.4303  0.8619 
   00555    0.3875   -1406.6860  0.8612 
   00556    0.3975   -1406.1306  0.8638 
   00557    0.4400   -1395.3295  0.8623 
   00558    0.4200   -1384.2486  0.8631 
   00559    0.3850   -1378.8750  0.8629 
   00560    0.4125   -1384.2851  0.8698 
   00561    0.3925   -1392.2822  0.8770 
   00562    0.4425   -1389.2331  0.8781 
   00563    0.4500   -1403.0275  0.8888 
   00564    0.4075   -1404.6588  0.8860 
   00565    0.4125   -1403.7732  0.8941 
   00566    0.4175   -1416.2949  0.9021 
   00567    0.4575   -1416.3192  0.8987 
   00568    0.3950   -1401.7622  0.8906 
   00569    0.4025   -1400.1823  0.8905 
   00570    0.4100   -1410.0441  0.8925 
   00571    0.3900   -1402.4697  0.8873 
   00572    0.4300   -1390.4441  0.8813 
   00573    0.4150   -1395.1785  0.8876 
   00574    0.4075   -1398.7682  0.8848 
   00575    0.4600   -1401.2345  0.8848 
   00576    0.3975   -1389.8803  0.8822 
   00577    0.3900   -1395.5905  0.8805 
   00578    0.3975   -1386.8207  0.8715 
   00579    0.4475   -1401.2505  0.8740 
   00580    0.4050   -1384.4252  0.8642 
   00581    0.3675   -1389.3231  0.8706 
   00582    0.4300   -1380.6305  0.8630 
   00583    0.3900   -1391.2516  0.8689 
   00584    0.4625   -1404.5330  0.8728 
   00585    0.4200   -1393.1837  0.8791 
   00586    0.4000   -1398.0720  0.8788 
   00587    0.4325   -1399.3590  0.8791 
   00588    0.4125   -1408.8051  0.8820 
   00589    0.3925   -1385.3896  0.8717 
   00590    0.4075   -1380.2197  0.8756 
   00591    0.4450   -1391.6420  0.8848 
   00592    0.4225   -1391.7370  0.8803 
   00593    0.4550   -1412.2075  0.8822 
   00594    0.3875   -1407.8859  0.8857 
   00595    0.4425   -1413.0226  0.8948 
   00596    0.4300   -1404.2008  0.8874 
   00597    0.4150   -1399.1465  0.8841 
   00598    0.3725   -1392.5668  0.8849 
   00599    0.4175   -1390.4748  0.8772 
   00600    0.3925   -1388.3159  0.8749 
   00601    0.4300   -1388.6026  0.8706 
   00602    0.4000   -1396.6666  0.8674 
   00603    0.4100   -1402.1693  0.8757 
   00604    0.4675   -1369.8953  0.8587 
   00605    0.4000   -1374.5525  0.8511 
   00606    0.4475   -1400.6195  0.8688 
   00607    0.4200   -1386.5090  0.8707 
   00608    0.4350   -1383.8709  0.8676 
   00609    0.4400   -1386.1096  0.8625 
   00610    0.4000   -1402.8575  0.8747 
   00611    0.4200   -1403.7766  0.8624 
   00612    0.3950   -1391.8693  0.8627 
   00613    0.4275   -1379.2410  0.8672 
   00614    0.4125   -1396.8427  0.8769 
   00615    0.4375   -1378.7775  0.8684 
   00616    0.4050   -1396.0864  0.8734 
   00617    0.3725   -1400.4756  0.8694 
   00618    0.4575   -1395.3704  0.8665 
   00619    0.3925   -1393.7764  0.8672 
   00620    0.3900   -1386.9245  0.8679 
   00621    0.4350   -1400.1116  0.8628 
   00622    0.3750   -1394.9700  0.8606 
   00623    0.3950   -1399.5505  0.8588 
   00624    0.3850   -1405.0284  0.8571 
   00625    0.4050   -1396.8530  0.8483 
   00626    0.3850   -1376.1602  0.8400 
   00627    0.4425   -1387.9320  0.8431 
   00628    0.4100   -1393.0763  0.8473 
   00629    0.4600   -1387.3715  0.8564 
   00630    0.4100   -1410.0090  0.8638 
   00631    0.4275   -1407.4333  0.8598 
   00632    0.4400   -1396.6094  0.8606 
   00633    0.4475   -1402.0811  0.8669 
   00634    0.4175   -1407.6926  0.8662 
   00635    0.4350   -1393.8147  0.8608 
   00636    0.3900   -1379.9023  0.8571 
   00637    0.4075   -1390.2947  0.8619 
   00638    0.4225   -1393.2972  0.8652 
   00639    0.4075   -1406.8627  0.8749 
   00640    0.4350   -1394.2406  0.8749 
   00641    0.4200   -1396.8038  0.8719 
   00642    0.4050   -1412.8888  0.8782 
   00643    0.4050   -1413.9632  0.8796 
   00644    0.4350   -1400.0046  0.8699 
   00645    0.4125   -1402.4778  0.8679 
   00646    0.4175   -1406.2363  0.8691 
   00647    0.4300   -1401.9961  0.8663 
   00648    0.4325   -1414.9703  0.8683 
   00649    0.4200   -1408.7261  0.8726 
   00650    0.4450   -1405.9183  0.8590 
   00651    0.4700   -1403.7467  0.8542 
   00652    0.4375   -1413.1433  0.8570 
   00653    0.3925   -1407.1680  0.8482 
   00654    0.4175   -1393.3824  0.8423 
   00655    0.4425   -1395.3105  0.8299 
   00656    0.4400   -1395.3515  0.8425 
   00657    0.4425   -1399.1182  0.8522 
   00658    0.4550   -1410.5697  0.8590 
   00659    0.4100   -1412.1511  0.8580 
   00660    0.4275   -1393.3269  0.8572 
   00661    0.4025   -1400.0815  0.8711 
   00662    0.4050   -1403.7719  0.8679 
   00663    0.4475   -1395.0810  0.8631 
   00664    0.4025   -1407.9893  0.8648 
   00665    0.3975   -1403.5253  0.8755 
   00666    0.4200   -1392.4663  0.8719 
   00667    0.4375   -1391.5963  0.8744 
   00668    0.3975   -1402.4325  0.8725 
   00669    0.4200   -1397.9804  0.8695 
   00670    0.4150   -1402.6273  0.8601 
   00671    0.3800   -1400.6234  0.8617 
   00672    0.3550   -1407.3797  0.8624 
   00673    0.4125   -1413.5306  0.8685 
   00674    0.3850   -1407.0143  0.8656 
   00675    0.4000   -1385.3041  0.8501 
   00676    0.3550   -1382.4208  0.8523 
   00677    0.4200   -1382.3808  0.8538 
   00678    0.4175   -1389.8812  0.8506 
   00679    0.4725   -1395.5673  0.8451 
   00680    0.3775   -1391.8137  0.8403 
   00681    0.3925   -1397.6127  0.8420 
   00682    0.4400   -1400.2900  0.8337 
   00683    0.3775   -1400.8734  0.8366 
   00684    0.3875   -1388.7032  0.8279 
   00685    0.4400   -1373.7658  0.8127 
   00686    0.4625   -1373.7247  0.8219 
   00687    0.4500   -1385.3899  0.8322 
   00688    0.4075   -1390.3405  0.8311 
   00689    0.4100   -1395.1962  0.8322 
   00690    0.4175   -1400.1769  0.8411 
   00691    0.4075   -1395.2547  0.8422 
   00692    0.4450   -1397.5547  0.8401 
   00693    0.3950   -1401.4731  0.8458 
   00694    0.4325   -1386.4780  0.8369 
   00695    0.3975   -1391.8439  0.8487 
   00696    0.4200   -1389.6527  0.8536 
   00697    0.4225   -1400.1406  0.8599 
   00698    0.3850   -1408.8288  0.8611 
   00699    0.3925   -1396.9111  0.8568 
   00700    0.3775   -1409.7835  0.8591 
   00701    0.4450   -1413.7019  0.8672 
   00702    0.4125   -1418.4082  0.8662 
   00703    0.3950   -1406.3847  0.8566 
   00704    0.4475   -1422.2712  0.8731 
   00705    0.3925   -1412.2075  0.8665 
   00706    0.3900   -1405.6528  0.8669 
   00707    0.4375   -1401.4840  0.8664 
   00708    0.4075   -1410.3198  0.8694 
   00709    0.4050   -1408.0622  0.8639 
   00710    0.4300   -1406.7229  0.8617 
   00711    0.4100   -1407.1869  0.8653 
   00712    0.3925   -1401.9109  0.8586 
   00713    0.3875   -1404.4233  0.8575 
   00714    0.4050   -1407.9274  0.8516 
   00715    0.4200   -1397.6887  0.8440 
   00716    0.3725   -1386.6091  0.8405 
   00717    0.4225   -1384.7714  0.8447 
   00718    0.4725   -1373.0415  0.8370 
   00719    0.4350   -1385.5774  0.8450 
   00720    0.3800   -1399.5987  0.8553 
   00721    0.3950   -1412.7756  0.8634 
   00722    0.4125   -1420.8257  0.8671 
   00723    0.3500   -1411.5909  0.8621 
   00724    0.4025   -1399.4243  0.8530 
   00725    0.4375   -1412.8920  0.8587 
   00726    0.4450   -1393.2918  0.8529 
   00727    0.4500   -1400.0055  0.8644 
   00728    0.3825   -1416.7597  0.8742 
   00729    0.4200   -1415.0306  0.8740 
   00730    0.4100   -1410.9012  0.8785 
   00731    0.4425   -1394.9574  0.8797 
   00732    0.3625   -1409.0391  0.8825 
   00733    0.4400   -1403.7143  0.8777 
   00734    0.4275   -1406.6874  0.8857 
   00735    0.4075   -1412.6959  0.8931 
   00736    0.4250   -1409.3232  0.8969 
   00737    0.3950   -1408.9208  0.8950 
   00738    0.4000   -1429.7420  0.9065 
   00739    0.4250   -1428.4361  0.9065 
   00740    0.3700   -1419.0541  0.9070 
   00741    0.4100   -1402.6325  0.9003 
   00742    0.4100   -1393.7115  0.8938 
   00743    0.4025   -1407.3803  0.8963 
   00744    0.4275   -1408.7600  0.9002 
   00745    0.4000   -1411.6622  0.9113 
   00746    0.4675   -1402.1723  0.9047 
   00747    0.4575   -1399.9819  0.8955 
   00748    0.4350   -1395.5167  0.8943 
   00749    0.4100   -1404.9978  0.9070 
   00750    0.4225   -1412.2875  0.9097 
   00751    0.4350   -1429.4333  0.9093 
   00752    0.3875   -1427.6018  0.9113 
   00753    0.3875   -1435.6432  0.9137 
   00754    0.3625   -1426.3920  0.9088 
   00755    0.4500   -1414.6662  0.9007 
   00756    0.4250   -1412.4303  0.9001 
   00757    0.4125   -1425.8892  0.9134 
   00758    0.3950   -1432.1424  0.9162 
   00759    0.4300   -1421.4728  0.9066 
   00760    0.4200   -1419.0086  0.9047 
   00761    0.4200   -1406.4083  0.8943 
   00762    0.4125   -1427.8205  0.8981 
   00763    0.3750   -1420.8365  0.8992 
   00764    0.4100   -1417.3487  0.8980 
   00765    0.4025   -1422.4490  0.9006 
   00766    0.3775   -1421.7780  0.8995 
   00767    0.3800   -1413.1721  0.8983 
   00768    0.3650   -1420.5017  0.9035 
   00769    0.4125   -1421.3218  0.9093 
   00770    0.4150   -1419.9861  0.9094 
   00771    0.3875   -1415.1119  0.9092 
   00772    0.3875   -1407.5324  0.9073 
   00773    0.3750   -1416.2773  0.9092 
   00774    0.4325   -1413.6298  0.9050 
   00775    0.4175   -1417.7510  0.9004 
   00776    0.4000   -1410.2588  0.9009 
   00777    0.4050   -1395.4600  0.8994 
   00778    0.4000   -1390.8469  0.8911 
   00779    0.3850   -1403.4893  0.8898 
   00780    0.4450   -1385.5330  0.8774 
   00781    0.4075   -1387.8784  0.8764 
   00782    0.4400   -1379.4849  0.8677 
   00783    0.4200   -1367.6089  0.8648 
   00784    0.4175   -1360.0287  0.8623 
   00785    0.4075   -1366.2218  0.8619 
   00786    0.4400   -1371.7666  0.8593 
   00787    0.4175   -1378.5552  0.8541 
   00788    0.4300   -1369.8250  0.8448 
   00789    0.4425   -1350.5814  0.8387 
   00790    0.3850   -1348.9791  0.8504 
   00791    0.4375   -1362.3836  0.8518 
   00792    0.4325   -1360.7348  0.8591 
   00793    0.4775   -1369.0037  0.8634 
   00794    0.3900   -1377.1533  0.8610 
   00795    0.4250   -1374.3986  0.8646 
   00796    0.4050   -1387.0206  0.8695 
   00797    0.4150   -1379.5164  0.8604 
   00798    0.4150   -1382.7349  0.8615 
   00799    0.4475   -1391.3269  0.8625 
   00800    0.4250   -1414.9569  0.8689 
   00801    0.4125   -1423.5852  0.8745 
   00802    0.3550   -1430.1705  0.8745 
   00803    0.4350   -1418.6487  0.8682 
   00804    0.4150   -1409.9581  0.8646 
   00805    0.4125   -1409.3761  0.8663 
   00806    0.4025   -1407.0205  0.8624 
   00807    0.4200   -1408.4596  0.8561 
   00808    0.4125   -1393.2520  0.8597 
   00809    0.3800   -1401.7944  0.8592 
   00810    0.3950   -1411.6064  0.8710 
   00811    0.3900   -1408.7496  0.8698 
   00812    0.4050   -1396.7842  0.8686 
   00813    0.4575   -1416.2569  0.8812 
   00814    0.3775   -1416.5252  0.8858 
   00815    0.4275   -1414.6168  0.8850 
   00816    0.4050   -1418.1413  0.8909 
   00817    0.4850   -1389.2633  0.8792 
   00818    0.4050   -1380.1300  0.8737 
   00819    0.4025   -1391.4200  0.8766 
   00820    0.4350   -1376.1397  0.8732 
   00821    0.4275   -1390.0785  0.8748 
   00822    0.4175   -1397.3648  0.8756 
   00823    0.4075   -1405.4221  0.8791 
   00824    0.3950   -1409.8424  0.8756 
   00825    0.4175   -1411.1980  0.8740 
   00826    0.4150   -1413.6653  0.8810 
   00827    0.4275   -1400.8219  0.8803 
   00828    0.4250   -1380.8654  0.8619 
   00829    0.4025   -1388.7500  0.8656 
   00830    0.4100   -1401.4160  0.8683 
   00831    0.4050   -1403.1953  0.8718 
   00832    0.4275   -1405.2637  0.8618 
   00833    0.3875   -1402.1701  0.8615 
   00834    0.4300   -1400.2996  0.8614 
   00835    0.4525   -1428.9245  0.8674 
   00836    0.3775   -1422.0595  0.8669 
   00837    0.3875   -1425.5262  0.8597 
   00838    0.4600   -1419.0104  0.8557 
   00839    0.4150   -1422.1417  0.8541 
   00840    0.4050   -1432.3693  0.8566 
   00841    0.3525   -1423.4023  0.8529 
   00842    0.4375   -1440.6053  0.8584 
   00843    0.4525   -1416.9343  0.8585 
   00844    0.4075   -1406.0610  0.8433 
   00845    0.4025   -1389.9269  0.8383 
   00846    0.4200   -1385.5539  0.8409 
   00847    0.4700   -1385.1524  0.8409 
   00848    0.4300   -1391.0286  0.8508 
   00849    0.4325   -1406.4297  0.8543 
   00850    0.3950   -1409.6996  0.8538 
   00851    0.3950   -1405.0257  0.8499 
   00852    0.4050   -1393.9308  0.8502 
   00853    0.4200   -1399.5830  0.8523 
   00854    0.4175   -1407.5247  0.8548 
   00855    0.4000   -1414.4934  0.8640 
   00856    0.4400   -1407.0394  0.8670 
   00857    0.4300   -1393.8509  0.8624 
   00858    0.4275   -1396.6906  0.8641 
   00859    0.4250   -1389.1113  0.8599 
   00860    0.4250   -1394.5641  0.8618 
   00861    0.4125   -1368.7529  0.8536 
   00862    0.4250   -1373.6542  0.8598 
   00863    0.4500   -1392.7263  0.8648 
   00864    0.4150   -1388.5205  0.8746 
   00865    0.4600   -1406.2473  0.8889 
   00866    0.4025   -1407.7552  0.8894 
   00867    0.4125   -1412.0058  0.8942 
   00868    0.3925   -1408.0012  0.8918 
   00869    0.4150   -1400.8640  0.8925 
   00870    0.4300   -1396.6846  0.8891 
   00871    0.3900   -1395.5309  0.8874 
   00872    0.4200   -1392.8625  0.8930 
   00873    0.3750   -1404.8250  0.8923 
   00874    0.4000   -1409.3562  0.8895 
   00875    0.4625   -1408.1897  0.8804 
   00876    0.4100   -1411.7919  0.8893 
   00877    0.4500   -1411.5809  0.8967 
   00878    0.4050   -1411.7230  0.8919 
   00879    0.4150   -1394.2929  0.8763 
   00880    0.4550   -1410.4202  0.8846 
   00881    0.4050   -1409.1508  0.8869 
   00882    0.3750   -1435.5451  0.8903 
   00883    0.4050   -1435.4259  0.8940 
   00884    0.4275   -1417.5296  0.8840 
   00885    0.3775   -1428.3575  0.8791 
   00886    0.4425   -1413.6018  0.8736 
   00887    0.4275   -1416.2124  0.8790 
   00888    0.4275   -1403.3943  0.8675 
   00889    0.3900   -1409.3983  0.8621 
   00890    0.3875   -1415.1254  0.8651 
   00891    0.4400   -1387.2703  0.8550 
   00892    0.4175   -1396.0926  0.8638 
   00893    0.4200   -1392.6157  0.8609 
   00894    0.3950   -1382.9225  0.8616 
   00895    0.4675   -1370.0781  0.8543 
   00896    0.4625   -1395.3847  0.8640 
   00897    0.4725   -1383.9063  0.8562 
   00898    0.3750   -1380.1845  0.8486 
   00899    0.4150   -1393.5874  0.8519 
   00900    0.4275   -1409.0126  0.8614 
   00901    0.4200   -1423.1963  0.8684 
   00902    0.4100   -1406.7364  0.8582 
   00903    0.3850   -1413.9881  0.8607 
   00904    0.3975   -1408.8127  0.8641 
   00905    0.3875   -1411.0288  0.8710 
   00906    0.4400   -1405.8847  0.8719 
   00907    0.3900   -1408.4143  0.8668 
   00908    0.4475   -1400.2368  0.8560 
   00909    0.3925   -1417.1379  0.8720 
   00910    0.4025   -1413.8531  0.8749 
   00911    0.4450   -1392.4953  0.8675 
   00912    0.4000   -1395.8148  0.8711 
   00913    0.3775   -1401.5064  0.8670 
   00914    0.4200   -1401.2586  0.8683 
   00915    0.4225   -1396.4761  0.8732 
   00916    0.4075   -1385.9045  0.8752 
   00917    0.4150   -1413.4622  0.8802 
   00918    0.4225   -1416.7193  0.8865 
   00919    0.4175   -1433.4997  0.8920 
   00920    0.4025   -1424.1054  0.8868 
   00921    0.4075   -1431.8727  0.8913 
   00922    0.4375   -1433.9036  0.8933 
   00923    0.3800   -1435.4130  0.8939 
   00924    0.4325   -1431.0771  0.8840 
   00925    0.4425   -1415.5710  0.8675 
   00926    0.3975   -1404.2021  0.8567 
   00927    0.4475   -1394.0935  0.8554 
   00928    0.3750   -1392.8251  0.8582 
   00929    0.4125   -1406.8337  0.8588 
   00930    0.4450   -1402.8156  0.8617 
   00931    0.4025   -1425.2906  0.8647 
   00932    0.3825   -1425.9583  0.8652 
   00933    0.4175   -1425.5918  0.8706 
   00934    0.4000   -1435.5754  0.8769 
   00935    0.3950   -1425.2716  0.8700 
   00936    0.4000   -1414.7297  0.8678 
   00937    0.4550   -1402.6963  0.8708 
   00938    0.4300   -1389.7551  0.8636 
   00939    0.4350   -1394.5073  0.8731 
   00940    0.4125   -1394.1600  0.8717 
   00941    0.4125   -1399.8699  0.8724 
   00942    0.4325   -1412.0226  0.8792 
   00943    0.4175   -1417.4179  0.8907 
   00944    0.4175   -1412.8699  0.8919 
   00945    0.4525   -1408.8388  0.8935 
   00946    0.4350   -1395.6770  0.8855 
   00947    0.4500   -1415.0626  0.8938 
   00948    0.4100   -1413.8988  0.8909 
   00949    0.4050   -1424.2696  0.8850 
   00950    0.4150   -1402.5844  0.8716 
   00951    0.4000   -1411.9021  0.8748 
   00952    0.4025   -1422.7948  0.8810 
   00953    0.3975   -1405.0946  0.8785 
   00954    0.4200   -1407.1768  0.8729 
   00955    0.4425   -1402.4396  0.8794 
   00956    0.3950   -1404.6542  0.8791 
   00957    0.3950   -1403.8845  0.8780 
   00958    0.3900   -1412.3033  0.8808 
   00959    0.4250   -1405.7915  0.8800 
   00960    0.4225   -1416.4614  0.8857 
   00961    0.3875   -1415.4604  0.8756 
   00962    0.4050   -1429.0821  0.8824 
   00963    0.3675   -1435.2537  0.8834 
   00964    0.4150   -1426.0652  0.8785 
   00965    0.4100   -1406.3847  0.8784 
   00966    0.3425   -1404.2650  0.8753 
   00967    0.3975   -1415.7947  0.8820 
   00968    0.4025   -1417.7413  0.8850 
   00969    0.4200   -1405.2185  0.8743 
   00970    0.4250   -1392.8736  0.8641 
   00971    0.4325   -1394.6571  0.8632 
   00972    0.4175   -1385.2402  0.8603 
   00973    0.4475   -1387.0630  0.8645 
   00974    0.4575   -1381.4918  0.8617 
   00975    0.4100   -1390.1725  0.8621 
   00976    0.4025   -1399.7381  0.8645 
   00977    0.4175   -1403.7774  0.8687 
   00978    0.3900   -1400.4220  0.8624 
   00979    0.4100   -1421.2320  0.8728 
   00980    0.4375   -1418.6281  0.8762 
   00981    0.4425   -1412.5573  0.8829 
   00982    0.4350   -1412.7583  0.8763 
   00983    0.3775   -1399.9884  0.8706 
   00984    0.4050   -1398.0074  0.8633 
   00985    0.4075   -1390.2757  0.8618 
   00986    0.4200   -1390.9097  0.8618 
   00987    0.3550   -1405.9170  0.8600 
   00988    0.4325   -1388.8628  0.8538 
   00989    0.3900   -1403.6987  0.8651 
   00990    0.3950   -1387.5028  0.8551 
   00991    0.4650   -1393.3681  0.8544 
   00992    0.4250   -1408.5133  0.8600 
   00993    0.4250   -1403.4129  0.8689 
   00994    0.4000   -1398.8527  0.8680 
   00995    0.4125   -1399.8744  0.8736 
   00996    0.4250   -1403.6325  0.8766 
   00997    0.4000   -1419.2226  0.8829 
   00998    0.3975   -1411.4220  0.8802 
   00999    0.4075   -1387.5468  0.8720 
   01000    0.4400   -1396.4397  0.8728 
