#=====================================================
# File created:        Mon-03-Nov-2025-at-01-41-40AM
# Size of lattice:     20x20
# Number of MC steps:  1000
# Reduced temperature: 0.500
# Run time (s):        7.493968
#=====================================================
# MC step:  Ratio:     Energy:   Order:
#=====================================================
   00000    0.5000    -345.6561  0.2652 
   00001    0.6600    -553.1264  0.2658 
   00002    0.6250    -683.1822  0.2763 
   00003    0.6075    -814.0252  0.3060 
   00004    0.5975    -896.6423  0.3173 
   00005    0.5500    -968.2134  0.3140 
   00006    0.4875    -998.5716  0.3062 
   00007    0.5300   -1027.1381  0.2975 
   00008    0.5050   -1030.2480  0.2702 
   00009    0.4900   -1046.9851  0.2848 
   00010    0.4475   -1066.9243  0.2854 
   00011    0.4950   -1082.5850  0.2778 
   00012    0.4750   -1108.2580  0.2644 
   00013    0.4800   -1104.6714  0.2719 
   00014    0.4600   -1124.8693  0.2671 
   00015    0.4600   -1128.8008  0.2732 
   00016    0.4475   -1140.4627  0.2814 
   00017    0.4300   -1148.9283  0.2861 
   00018    0.4675   -1157.5408  0.2876 
   00019    0.4725   -1160.3525  0.3031 
   00020    0.4675   -1178.6404  0.3168 
   00021    0.4425   -1191.0263  0.3292 
   00022    0.4375   -1192.9162  0.3413 
   00023    0.4650   -1224.4699  0.3460 
   00024    0.4675   -1212.9500  0.3396 
   00025    0.3975   -1231.3852  0.3583 
   00026    0.4400   -1239.5598  0.3694 
   00027    0.4275   -1212.5352  0.3748 
   00028    0.4200   -1234.9728  0.3810 
   00029    0.4500   -1238.5336  0.3868 
   00030    0.4325   -1236.2816  0.3891 
   00031    0.4175   -1238.4432  0.3981 
   00032    0.4025   -1250.5746  0.4133 
   00033    0.4675   -1255.5138  0.4200 
   00034    0.4700   -1260.3191  0.4233 
   00035    0.4325   -1262.3563  0.4157 
   00036    0.4775   -1260.4949  0.4081 
   00037    0.4300   -1272.6639  0.4389 
   00038    0.4725   -1268.5258  0.4231 
   00039    0.3875   -1287.1191  0.4244 
   00040    0.3925   -1301.2536  0.4248 
   00041    0.4725   -1299.6177  0.4249 
   00042    0.4425   -1300.6291  0.4247 
   00043    0.4200   -1313.9993  0.4333 
   00044    0.3950   -1305.1644  0.4213 
   00045    0.4025   -1283.5304  0.4140 
   00046    0.4300   -1294.0683  0.4181 
   00047    0.4475   -1306.1561  0.4234 
   00048    0.4425   -1304.1048  0.4329 
   00049    0.3775   -1306.8945  0.4554 
   00050    0.4000   -1319.0074  0.4501 
   00051    0.4725   -1310.5915  0.4527 
   00052    0.4275   -1308.5883  0.4601 
   00053    0.4300   -1306.3155  0.4792 
   00054    0.4175   -1306.8887  0.4912 
   00055    0.4025   -1303.1249  0.5050 
   00056    0.4150   -1328.2755  0.5197 
   00057    0.4125   -1334.6119  0.5278 
   00058    0.4250   -1332.1725  0.5410 
   00059    0.4225   -1346.2622  0.5483 
   00060    0.4350   -1347.2168  0.5516 
   00061    0.4325   -1360.4430  0.5451 
   00062    0.3700   -1354.3298  0.5508 
   00063    0.4425   -1354.0405  0.5700 
   00064    0.4175   -1365.6262  0.5760 
   00065    0.4400   -1376.3082  0.5892 
   00066    0.4000   -1373.6404  0.5825 
   00067    0.3950   -1364.1688  0.5813 
   00068    0.3875   -1354.0048  0.5794 
   00069    0.4375   -1339.6756  0.5857 
   00070    0.4100   -1358.2128  0.5947 
   00071    0.4200   -1347.1598  0.5977 
   00072    0.4075   -1336.5330  0.6010 
   00073    0.4025   -1338.3057  0.5914 
   00074    0.4250   -1328.8035  0.5861 
   00075    0.3775   -1338.1290  0.5825 
   00076    0.3775   -1323.3319  0.5804 
   00077    0.4125   -1330.4367  0.5770 
   00078    0.4725   -1342.6963  0.5729 
   00079    0.4275   -1332.2295  0.5670 
   00080    0.4250   -1314.1929  0.5687 
   00081    0.4225   -1316.2526  0.5678 
   00082    0.4350   -1335.3673  0.5733 
   00083    0.4000   -1338.8973  0.5880 
   00084    0.3750   -1365.5856  0.5983 
   00085    0.3750   -1366.2410  0.5945 
   00086    0.3950   -1362.0998  0.5932 
   00087    0.4125   -1362.9188  0.5817 
   00088    0.4225   -1362.3446  0.5802 
   00089    0.3950   -1364.9281  0.5864 
   00090    0.3900   -1339.5364  0.5931 
   00091    0.4250   -1337.3918  0.5857 
   00092    0.3900   -1325.7271  0.5910 
   00093    0.4200   -1322.9496  0.5776 
   00094    0.4225   -1334.2850  0.5888 
   00095    0.4225   -1336.4048  0.5915 
   00096    0.4300   -1332.7486  0.5974 
   00097    0.3925   -1329.3665  0.5920 
   00098    0.4275   -1340.9518  0.5901 
   00099    0.4400   -1334.5775  0.5883 
   00100    0.3850   -1347.0948  0.5932 
   00101    0.3850   -1364.0499  0.6084 
   00102    0.4325   -1352.4591  0.5938 
   00103    0.4000   -1348.7400  0.6024 
   00104    0.4150   -1345.7094  0.5955 
   00105    0.4100   -1363.7453  0.6186 
   00106    0.3850   -1365.7923  0.6203 
   00107    0.4375   -1346.1244  0.6138 
   00108    0.4100   -1355.8850  0.6079 
   00109    0.3975   -1358.7649  0.6091 
   00110    0.4200   -1338.9344  0.6215 
   00111    0.4425   -1346.0372  0.6213 
   00112    0.4000   -1341.6000  0.6210 
   00113    0.3700   -1342.7482  0.6086 
   00114    0.4575   -1327.6196  0.6080 
   00115    0.4200   -1329.1242  0.6069 
   00116    0.4725   -1325.9420  0.5987 
   00117    0.4250   -1324.8362  0.5910 
   00118    0.4425   -1352.0436  0.5976 
   00119    0.4425   -1350.5040  0.5925 
   00120    0.4100   -1359.7779  0.6031 
   00121    0.4100   -1373.2338  0.6020 
   00122    0.4425   -1363.5740  0.6053 
   00123    0.4025   -1371.9424  0.6055 
   00124    0.3975   -1357.9344  0.5957 
   00125    0.4200   -1365.3578  0.5919 
   00126    0.3500   -1358.0139  0.5882 
   00127    0.4850   -1349.7089  0.6000 
   00128    0.4375   -1337.5217  0.5998 
   00129    0.4350   -1325.8140  0.5928 
   00130    0.4600   -1324.6208  0.5863 
   00131    0.4075   -1347.1534  0.5849 
   00132    0.4275   -1364.3291  0.5926 
   00133    0.3950   -1355.2051  0.6054 
   00134    0.4450   -1356.1382  0.5965 
   00135    0.4350   -1360.8346  0.6152 
   00136    0.3975   -1364.5837  0.6232 
   00137    0.3925   -1350.6989  0.6241 
   00138    0.4025   -1353.9227  0.6284 
   00139    0.4250   -1342.6251  0.6164 
   00140    0.4325   -1332.8112  0.6193 
   00141    0.4200   -1330.0057  0.6157 
   00142    0.4250   -1335.1822  0.6211 
   00143    0.4525   -1365.9864  0.6286 
   00144    0.4675   -1347.5670  0.6391 
   00145    0.3800   -1346.4340  0.6432 
   00146    0.4225   -1341.2631  0.6352 
   00147    0.4175   -1353.3296  0.6561 
   00148    0.4000   -1354.0010  0.6525 
   00149    0.3825   -1362.7162  0.6534 
   00150    0.3525   -1376.0902  0.6659 
   00151    0.4075   -1389.1853  0.6611 
   00152    0.4250   -1384.8213  0.6697 
   00153    0.3900   -1389.8632  0.6774 
   00154    0.3800   -1380.8052  0.6901 
   00155    0.4050   -1367.8847  0.6893 
   00156    0.3900   -1380.8482  0.6850 
   00157    0.4350   -1378.7067  0.6939 
   00158    0.4275   -1369.4780  0.6886 
   00159    0.4325   -1356.3802  0.6796 
   00160    0.4325   -1365.7374  0.6703 
   00161    0.4150   -1369.4893  0.6669 
   00162    0.3600   -1359.5904  0.6697 
   00163    0.4075   -1354.1300  0.6590 
   00164    0.4025   -1348.9274  0.6655 
   00165    0.4225   -1359.6405  0.6665 
   00166    0.4525   -1354.9749  0.6791 
   00167    0.4025   -1361.9625  0.6940 
   00168    0.3675   -1357.5708  0.6950 
   00169    0.4025   -1349.5935  0.6837 
   00170    0.4375   -1351.8627  0.6832 
   00171    0.4475   -1352.3601  0.6761 
   00172    0.4050   -1369.7674  0.6658 
   00173    0.3875   -1368.2258  0.6721 
   00174    0.4275   -1372.3948  0.6763 
   00175    0.4000   -1383.6406  0.6789 
   00176    0.4200   -1382.8783  0.6953 
   00177    0.4100   -1358.7334  0.6846 
   00178    0.4650   -1358.7783  0.6935 
   00179    0.4050   -1340.5999  0.6901 
   00180    0.4100   -1357.6582  0.6908 
   00181    0.3875   -1350.5373  0.6944 
   00182    0.4500   -1344.9315  0.6937 
   00183    0.4450   -1341.3698  0.6946 
   00184    0.4300   -1346.5382  0.7005 
   00185    0.4275   -1335.2030  0.6922 
   00186    0.4075   -1336.5099  0.6956 
   00187    0.4850   -1348.3918  0.6871 
   00188    0.4175   -1353.3721  0.6777 
   00189    0.4025   -1333.3473  0.6747 
   00190    0.4625   -1313.8111  0.6825 
   00191    0.4025   -1326.9201  0.6956 
   00192    0.3975   -1352.6496  0.6990 
   00193    0.4425   -1347.1438  0.7095 
   00194    0.3725   -1356.5594  0.7174 
   00195    0.3925   -1339.5239  0.7068 
   00196    0.4075   -1354.6198  0.7018 
   00197    0.4300   -1358.1413  0.6954 
   00198    0.4425   -1359.9505  0.6972 
   00199    0.4025   -1361.4710  0.7025 
   00200    0.4100   -1348.3336  0.7052 
   00201    0.3775   -1353.3396  0.6981 
   00202    0.4450   -1371.4872  0.6880 
   00203    0.3975   -1370.1024  0.6748 
   00204    0.3950   -1358.9386  0.6792 
   00205    0.3825   -1368.7849  0.6854 
   00206    0.3675   -1378.3404  0.6888 
   00207    0.3975   -1373.0571  0.7028 
   00208    0.4000   -1365.1191  0.7008 
   00209    0.4150   -1370.9479  0.7154 
   00210    0.4125   -1353.1283  0.7274 
   00211    0.4000   -1365.5404  0.7324 
   00212    0.3700   -1363.2573  0.7404 
   00213    0.3500   -1359.7250  0.7375 
   00214    0.4300   -1343.9837  0.7362 
   00215    0.3900   -1354.1010  0.7442 
   00216    0.4050   -1356.2238  0.7508 
   00217    0.4225   -1356.4193  0.7543 
   00218    0.3750   -1359.0640  0.7587 
   00219    0.4200   -1347.8799  0.7557 
   00220    0.4300   -1334.7251  0.7446 
   00221    0.4125   -1351.8548  0.7467 
   00222    0.3925   -1363.4713  0.7523 
   00223    0.3875   -1360.8759  0.7391 
   00224    0.3700   -1362.3587  0.7310 
   00225    0.4325   -1373.5249  0.7497 
   00226    0.4000   -1362.6641  0.7484 
   00227    0.4025   -1353.4926  0.7476 
   00228    0.4475   -1353.0031  0.7510 
   00229    0.4350   -1345.6956  0.7392 
   00230    0.3925   -1359.3988  0.7467 
   00231    0.4200   -1351.8532  0.7437 
   00232    0.4325   -1355.2686  0.7436 
   00233    0.3475   -1340.4422  0.7448 
   00234    0.4050   -1330.0277  0.7347 
   00235    0.3675   -1344.2079  0.7339 
   00236    0.4425   -1331.8033  0.7350 
   00237    0.3975   -1334.7298  0.7440 
   00238    0.4325   -1344.9704  0.7387 
   00239    0.4325   -1338.6898  0.7393 
   00240    0.4000   -1335.5667  0.7449 
   00241    0.4075   -1325.8693  0.7530 
   00242    0.3700   -1308.2779  0.7422 
   00243    0.4600   -1313.9644  0.7495 
   00244    0.4175   -1324.5257  0.7499 
   00245    0.4400   -1342.5094  0.7539 
   00246    0.4175   -1339.0987  0.7723 
   00247    0.4300   -1327.0440  0.7544 
   00248    0.3700   -1350.8810  0.7625 
   00249    0.3675   -1363.7543  0.7602 
   00250    0.4325   -1348.4394  0.7512 
   00251    0.4175   -1346.7984  0.7530 
   00252    0.4550   -1338.6160  0.7569 
   00253    0.4200   -1339.0369  0.7754 
   00254    0.3975   -1347.9857  0.7665 
   00255    0.3900   -1344.6822  0.7732 
   00256    0.4375   -1366.1750  0.7698 
   00257    0.4325   -1352.5687  0.7686 
   00258    0.4100   -1351.5878  0.7673 
   00259    0.4125   -1358.9079  0.7713 
   00260    0.3950   -1360.3324  0.7743 
   00261    0.4275   -1381.4263  0.7672 
   00262    0.4350   -1371.1987  0.7636 
   00263    0.3975   -1368.6088  0.7614 
   00264    0.4300   -1356.7219  0.7654 
   00265    0.3900   -1343.0729  0.7818 
   00266    0.3875   -1371.5283  0.7932 
   00267    0.3725   -1360.0258  0.7856 
   00268    0.4375   -1347.7500  0.7834 
   00269    0.4150   -1380.2072  0.7903 
   00270    0.3775   -1367.6922  0.7809 
   00271    0.4175   -1358.8678  0.7858 
   00272    0.4025   -1357.3146  0.7725 
   00273    0.4175   -1356.9165  0.7697 
   00274    0.3900   -1362.4663  0.7727 
   00275    0.3850   -1355.5035  0.7591 
   00276    0.3825   -1362.8607  0.7607 
   00277    0.4300   -1356.3188  0.7695 
   00278    0.4450   -1345.1890  0.7547 
   00279    0.4200   -1368.5570  0.7789 
   00280    0.4325   -1344.2197  0.7867 
   00281    0.4000   -1354.2297  0.7733 
   00282    0.4175   -1350.0206  0.7712 
   00283    0.3850   -1341.3352  0.7649 
   00284    0.3900   -1343.9262  0.7759 
   00285    0.4150   -1363.5962  0.7748 
   00286    0.4225   -1372.1521  0.7864 
   00287    0.4100   -1357.7352  0.7855 
   00288    0.3900   -1364.2357  0.7853 
   00289    0.4375   -1378.9367  0.7809 
   00290    0.3875   -1379.8748  0.7849 
   00291    0.3800   -1375.7118  0.7954 
   00292    0.4200   -1376.1455  0.8029 
   00293    0.4175   -1369.1878  0.7929 
   00294    0.4475   -1378.4749  0.7971 
   00295    0.4025   -1379.1276  0.8024 
   00296    0.4150   -1384.0168  0.7947 
   00297    0.4225   -1380.2149  0.8066 
   00298    0.3800   -1370.3722  0.8014 
   00299    0.3950   -1380.2027  0.8060 
   00300    0.4200   -1380.7990  0.8123 
   00301    0.3950   -1385.2500  0.8153 
   00302    0.3725   -1388.4992  0.8242 
   00303    0.4125   -1378.3246  0.8131 
   00304    0.4575   -1370.3016  0.8132 
   00305    0.4150   -1378.3771  0.8215 
   00306    0.3700   -1367.4842  0.8285 
   00307    0.3975   -1374.2743  0.8273 
   00308    0.4000   -1374.6003  0.8220 
   00309    0.4025   -1381.0007  0.8222 
   00310    0.3975   -1379.3762  0.8239 
   00311    0.4225   -1364.9367  0.8216 
   00312    0.3875   -1373.3299  0.8223 
   00313    0.4275   -1370.2563  0.8183 
   00314    0.4325   -1365.6250  0.8205 
   00315    0.4075   -1358.3870  0.8143 
   00316    0.4200   -1366.0878  0.8204 
   00317    0.4225   -1350.8007  0.8073 
   00318    0.4100   -1371.4784  0.8113 
   00319    0.4325   -1370.2514  0.8055 
   00320    0.3900   -1367.0384  0.8228 
   00321    0.4200   -1367.7925  0.8155 
   00322    0.3650   -1364.9872  0.8201 
   00323    0.4100   -1374.0264  0.8278 
   00324    0.4125   -1373.2573  0.8199 
   00325    0.4075   -1373.0160  0.8229 
   00326    0.3650   -1378.8058  0.8280 
   00327    0.4075   -1370.3946  0.8407 
   00328    0.3675   -1384.2315  0.8395 
   00329    0.4150   -1387.5329  0.8376 
   00330    0.4100   -1385.1671  0.8394 
   00331    0.3975   -1371.0091  0.8379 
   00332    0.3975   -1366.8835  0.8431 
   00333    0.4100   -1367.3887  0.8511 
   00334    0.4300   -1365.8475  0.8536 
   00335    0.3875   -1337.4868  0.8502 
   00336    0.4175   -1354.0025  0.8464 
   00337    0.4075   -1373.0472  0.8550 
   00338    0.4325   -1379.8483  0.8583 
   00339    0.3875   -1384.1950  0.8575 
   00340    0.3700   -1390.3844  0.8635 
   00341    0.4225   -1378.2037  0.8620 
   00342    0.4075   -1374.9696  0.8629 
   00343    0.3975   -1370.5837  0.8604 
   00344    0.4525   -1365.5545  0.8577 
   00345    0.4250   -1368.8951  0.8633 
   00346    0.4025   -1347.1671  0.8620 
   00347    0.3625   -1355.9512  0.8624 
   00348    0.3825   -1342.5496  0.8634 
   00349    0.4625   -1351.4688  0.8575 
   00350    0.4375   -1344.5637  0.8565 
   00351    0.3800   -1356.0879  0.8634 
   00352    0.4300   -1353.9934  0.8731 
   00353    0.3900   -1364.8161  0.8799 
   00354    0.3750   -1362.4483  0.8751 
   00355    0.3500   -1347.2511  0.8616 
   00356    0.4075   -1351.8445  0.8501 
   00357    0.4025   -1353.2061  0.8548 
   00358    0.4300   -1360.8618  0.8597 
   00359    0.4475   -1369.9615  0.8571 
   00360    0.4000   -1355.9597  0.8600 
   00361    0.4025   -1385.0656  0.8697 
   00362    0.3725   -1390.1450  0.8685 
   00363    0.3950   -1405.8830  0.8776 
   00364    0.4300   -1383.3660  0.8606 
   00365    0.4325   -1376.2532  0.8647 
   00366    0.4125   -1384.5742  0.8623 
   00367    0.3650   -1371.2739  0.8594 
   00368    0.4100   -1385.7028  0.8619 
   00369    0.4250   -1376.1858  0.8632 
   00370    0.4150   -1390.5852  0.8733 
   00371    0.3875   -1397.8922  0.8735 
   00372    0.4675   -1401.0359  0.8773 
   00373    0.3850   -1406.7599  0.8801 
   00374    0.3925   -1413.2227  0.8796 
   00375    0.4100   -1395.1392  0.8767 
   00376    0.4125   -1390.3925  0.8763 
   00377    0.4225   -1413.5425  0.8880 
   00378    0.4200   -1398.2565  0.8801 
   00379    0.4000   -1397.6648  0.8806 
   00380    0.4200   -1390.3154  0.8757 
   00381    0.3800   -1407.7198  0.8917 
   00382    0.4225   -1383.1948  0.8861 
   00383    0.4250   -1386.1154  0.8900 
   00384    0.4025   -1375.6822  0.8838 
   00385    0.4175   -1372.5807  0.8810 
   00386    0.4200   -1361.1229  0.8752 
   00387    0.4100   -1376.0738  0.8794 
   00388    0.4225   -1400.8575  0.8939 
   00389    0.3400   -1399.7113  0.8909 
   00390    0.4250   -1386.6302  0.8875 
   00391    0.4200   -1395.9330  0.8859 
   00392    0.3825   -1399.5825  0.8837 
   00393    0.3825   -1373.0602  0.8799 
   00394    0.3700   -1391.7163  0.8814 
   00395    0.4500   -1380.7521  0.8819 
   00396    0.3800   -1370.4430  0.8745 
   00397    0.4475   -1376.7556  0.8717 
   00398    0.4350   -1355.5105  0.8647 
   00399    0.4600   -1373.4759  0.8702 
   00400    0.3675   -1397.1854  0.8792 
   00401    0.4450   -1396.5991  0.8887 
   00402    0.4475   -1386.4947  0.8853 
   00403    0.4000   -1384.8030  0.8849 
   00404    0.3900   -1382.1393  0.8832 
   00405    0.4100   -1389.6348  0.8868 
   00406    0.4050   -1396.0233  0.8878 
   00407    0.4000   -1400.7760  0.8890 
   00408    0.3600   -1403.2452  0.8868 
   00409    0.3850   -1399.5022  0.8836 
   00410    0.3750   -1395.6416  0.8780 
   00411    0.3475   -1389.8376  0.8752 
   00412    0.4050   -1382.1448  0.8680 
   00413    0.4100   -1378.9213  0.8690 
   00414    0.4375   -1371.6023  0.8596 
   00415    0.4025   -1368.2811  0.8589 
   00416    0.4400   -1361.7188  0.8614 
   00417    0.4175   -1370.1226  0.8665 
   00418    0.4275   -1371.4634  0.8664 
   00419    0.4325   -1378.9595  0.8644 
   00420    0.3975   -1381.6700  0.8699 
   00421    0.4000   -1392.1554  0.8654 
   00422    0.3950   -1403.9342  0.8670 
   00423    0.4150   -1374.9386  0.8520 
   00424    0.3900   -1377.5516  0.8488 
   00425    0.3675   -1376.8444  0.8518 
   00426    0.4000   -1368.1389  0.8523 
   00427    0.4000   -1356.7394  0.8455 
   00428    0.4275   -1363.5739  0.8479 
   00429    0.4100   -1364.4396  0.8522 
   00430    0.3625   -1363.2702  0.8666 
   00431    0.4200   -1365.3972  0.8620 
   00432    0.4375   -1362.4026  0.8737 
   00433    0.4325   -1376.3146  0.8807 
   00434    0.4150   -1378.2593  0.8739 
   00435    0.3950   -1382.9783  0.8746 
   00436    0.3850   -1366.0149  0.8772 
   00437    0.3900   -1363.6270  0.8709 
   00438    0.3750   -1370.3991  0.8695 
   00439    0.4400   -1385.7042  0.8731 
   00440    0.3850   -1374.9019  0.8728 
   00441    0.4125   -1393.2353  0.8774 
   00442    0.4100   -1391.8512  0.8801 
   00443    0.4425   -1383.7739  0.8787 
   00444    0.4050   -1380.1672  0.8793 
   00445    0.4100   -1372.0790  0.8722 
   00446    0.3875   -1387.9084  0.8804 
   00447    0.3800   -1376.4325  0.8776 
   00448    0.4800   -1381.1606  0.8754 
   00449    0.4025   -1374.2330  0.8673 
   00450    0.4000   -1397.5258  0.8787 
   00451    0.3850   -1397.9963  0.8828 
   00452    0.3800   -1385.6141  0.8738 
   00453    0.3800   -1395.4453  0.8811 
   00454    0.3650   -1386.8305  0.8720 
   00455    0.4200   -1390.3608  0.8674 
   00456    0.4475   -1392.8385  0.8778 
   00457    0.4350   -1386.2253  0.8735 
   00458    0.4075   -1387.7798  0.8757 
   00459    0.4150   -1389.1246  0.8727 
   00460    0.3975   -1374.5904  0.8646 
   00461    0.4050   -1370.8549  0.8681 
   00462    0.4250   -1380.6873  0.8702 
   00463    0.4275   -1376.7872  0.8617 
   00464    0.4225   -1374.0396  0.8587 
   00465    0.3950   -1367.9006  0.8591 
   00466    0.4425   -1373.8484  0.8642 
   00467    0.3975   -1380.7345  0.8598 
   00468    0.4400   -1392.8354  0.8657 
   00469    0.4000   -1392.2151  0.8642 
   00470    0.4150   -1376.5503  0.8533 
   00471    0.4325   -1349.3285  0.8461 
   00472    0.4325   -1365.3368  0.8372 
   00473    0.3600   -1373.0439  0.8301 
   00474    0.3875   -1372.3828  0.8370 
   00475    0.4225   -1375.8871  0.8370 
   00476    0.3900   -1358.8231  0.8375 
   00477    0.4125   -1341.7133  0.8207 
   00478    0.4475   -1350.7641  0.8238 
   00479    0.3675   -1342.7115  0.8281 
   00480    0.4275   -1342.9228  0.8189 
   00481    0.4500   -1350.9077  0.8184 
   00482    0.3975   -1348.2166  0.8187 
   00483    0.4250   -1349.9607  0.8159 
   00484    0.4025   -1343.9992  0.8171 
   00485    0.4175   -1335.7865  0.8053 
   00486    0.4200   -1358.5995  0.8107 
   00487    0.4225   -1378.9515  0.8309 
   00488    0.4300   -1375.0028  0.8198 
   00489    0.3850   -1375.8369  0.8221 
   00490    0.3950   -1369.9585  0.8238 
   00491    0.3975   -1373.5137  0.8188 
   00492    0.4125   -1357.0008  0.8198 
   00493    0.3975   -1338.5538  0.8062 
   00494    0.4400   -1348.0764  0.8085 
   00495    0.3950   -1359.3033  0.8042 
   00496    0.3900   -1371.6895  0.8076 
   00497    0.3700   -1363.9911  0.7945 
   00498    0.4075   -1373.4947  0.8090 
   00499    0.4250   -1363.9930  0.8151 
   00500    0.4250   -1372.9428  0.8130 
   00501    0.3775   -1375.4494  0.8159 
   00502    0.3950   -1372.8909  0.8164 
   00503    0.4150   -1360.3698  0.8117 
   00504    0.4050   -1375.6085  0.8170 
   00505    0.3950   -1374.6353  0.8154 
   00506    0.3700   -1365.6812  0.8028 
   00507    0.3900   -1373.9806  0.7971 
   00508    0.3600   -1363.6130  0.8008 
   00509    0.4050   -1368.9519  0.7992 
   00510    0.4425   -1345.4053  0.7963 
   00511    0.3850   -1352.2588  0.8041 
   00512    0.4000   -1363.1806  0.8069 
   00513    0.3625   -1379.6585  0.8205 
   00514    0.4000   -1386.0404  0.8035 
   00515    0.3925   -1392.2944  0.8088 
   00516    0.3625   -1384.7772  0.8141 
   00517    0.4075   -1378.2844  0.8183 
   00518    0.4125   -1383.5025  0.8266 
   00519    0.4125   -1371.1089  0.8164 
   00520    0.3775   -1368.7926  0.8164 
   00521    0.4225   -1353.0436  0.8178 
   00522    0.4125   -1366.6619  0.8196 
   00523    0.4200   -1372.4742  0.8180 
   00524    0.4000   -1372.4056  0.8093 
   00525    0.4200   -1378.0253  0.8110 
   00526    0.4100   -1361.3320  0.8107 
   00527    0.4225   -1355.1042  0.8133 
   00528    0.4075   -1372.8663  0.8180 
   00529    0.3700   -1387.3281  0.8277 
   00530    0.4025   -1375.3546  0.8307 
   00531    0.4050   -1373.6168  0.8336 
   00532    0.4225   -1364.4972  0.8276 
   00533    0.3950   -1367.6528  0.8303 
   00534    0.3450   -1368.8702  0.8300 
   00535    0.4050   -1368.5251  0.8282 
   00536    0.4175   -1372.0253  0.8223 
   00537    0.3975   -1360.4707  0.8286 
   00538    0.4075   -1369.8420  0.8340 
   00539    0.4375   -1384.9666  0.8550 
   00540    0.3900   -1401.9707  0.8634 
   00541    0.3575   -1401.0025  0.8582 
   00542    0.4125   -1401.1324  0.8541 
   00543    0.3600   -1371.6809  0.8421 
   00544    0.3925   -1392.8890  0.8460 
   00545    0.3625   -1395.3375  0.8476 
   00546    0.3950   -1383.3721  0.8404 
   00547    0.4075   -1376.7305  0.8365 
   00548    0.3925   -1368.9376  0.8445 
   00549    0.4125   -1371.7072  0.8497 
   00550    0.4100   -1352.2142  0.8415 
   00551    0.3925   -1365.4564  0.8387 
   00552    0.3850   -1364.4876  0.8330 
   00553    0.4325   -1370.7602  0.8350 
   00554    0.4225   -1378.5482  0.8422 
   00555    0.4425   -1376.9438  0.8408 
   00556    0.3975   -1397.4859  0.8425 
   00557    0.4025   -1383.1963  0.8354 
   00558    0.4100   -1375.7964  0.8378 
   00559    0.4325   -1368.7557  0.8349 
   00560    0.4425   -1375.2636  0.8390 
   00561    0.3700   -1386.1133  0.8416 
   00562    0.4050   -1376.0128  0.8381 
   00563    0.4000   -1381.5485  0.8365 
   00564    0.3925   -1368.9492  0.8450 
   00565    0.3850   -1354.4817  0.8445 
   00566    0.4550   -1355.3298  0.8432 
   00567    0.4275   -1362.2162  0.8328 
   00568    0.4600   -1359.2736  0.8334 
   00569    0.4550   -1333.9640  0.8125 
   00570    0.4400   -1350.2392  0.8095 
   00571    0.3750   -1366.6666  0.8222 
   00572    0.3725   -1374.7814  0.8333 
   00573    0.3850   -1370.5623  0.8460 
   00574    0.4200   -1383.2428  0.8451 
   00575    0.3850   -1360.4725  0.8347 
   00576    0.4050   -1383.0899  0.8379 
   00577    0.4000   -1373.0463  0.8329 
   00578    0.4175   -1375.1447  0.8200 
   00579    0.4375   -1364.7771  0.8138 
   00580    0.4250   -1375.6541  0.8187 
   00581    0.4200   -1363.5720  0.8123 
   00582    0.3975   -1386.8053  0.8200 
   00583    0.4125   -1375.8595  0.8274 
   00584    0.4050   -1373.3242  0.8299 
   00585    0.4025   -1365.1348  0.8201 
   00586    0.4400   -1342.3201  0.7997 
   00587    0.4000   -1347.7524  0.7991 
   00588    0.3975   -1343.1562  0.7987 
   00589    0.3675   -1363.6494  0.8046 
   00590    0.3875   -1375.3365  0.8050 
   00591    0.4850   -1374.8574  0.8131 
   00592    0.4025   -1365.3563  0.8207 
   00593    0.3925   -1367.4058  0.8288 
   00594    0.3950   -1355.1595  0.8225 
   00595    0.4600   -1359.6720  0.8230 
   00596    0.4150   -1371.3130  0.8200 
   00597    0.3950   -1382.9030  0.8285 
   00598    0.3975   -1369.9258  0.8173 
   00599    0.3875   -1362.5888  0.8043 
   00600    0.3900   -1348.8241  0.8054 
   00601    0.4350   -1373.2883  0.8094 
   00602    0.3675   -1385.1644  0.8170 
   00603    0.4300   -1383.4079  0.8252 
   00604    0.4550   -1399.4948  0.8308 
   00605    0.3975   -1380.0971  0.8343 
   00606    0.4250   -1381.6009  0.8349 
   00607    0.3575   -1384.3025  0.8395 
   00608    0.4100   -1389.5805  0.8468 
   00609    0.4350   -1368.6364  0.8459 
   00610    0.4050   -1348.4811  0.8215 
   00611    0.4425   -1355.8135  0.8175 
   00612    0.3675   -1378.9168  0.8274 
   00613    0.3700   -1380.5344  0.8217 
   00614    0.4325   -1382.3952  0.8312 
   00615    0.4425   -1371.0276  0.8366 
   00616    0.4075   -1365.6319  0.8384 
   00617    0.3850   -1358.3782  0.8425 
   00618    0.4275   -1338.6382  0.8314 
   00619    0.3775   -1350.5192  0.8401 
   00620    0.4225   -1358.6045  0.8345 
   00621    0.3725   -1357.4472  0.8216 
   00622    0.4425   -1345.4376  0.8141 
   00623    0.4050   -1348.0279  0.8233 
   00624    0.4050   -1344.6573  0.8182 
   00625    0.4225   -1367.8834  0.8236 
   00626    0.4000   -1372.5112  0.8292 
   00627    0.3725   -1390.8348  0.8399 
   00628    0.4100   -1374.8473  0.8312 
   00629    0.3875   -1376.2004  0.8224 
   00630    0.3775   -1386.1323  0.8296 
   00631    0.3825   -1371.9143  0.8292 
   00632    0.3700   -1391.6737  0.8322 
   00633    0.3775   -1377.9608  0.8333 
   00634    0.4175   -1373.5804  0.8368 
   00635    0.3850   -1399.1521  0.8457 
   00636    0.4375   -1396.7080  0.8513 
   00637    0.3800   -1392.8952  0.8590 
   00638    0.3425   -1394.2163  0.8616 
   00639    0.4375   -1395.7423  0.8639 
   00640    0.4150   -1371.1506  0.8557 
   00641    0.4350   -1362.1505  0.8532 
   00642    0.4050   -1363.4712  0.8509 
   00643    0.3875   -1381.8137  0.8542 
   00644    0.3850   -1362.0394  0.8411 
   00645    0.4675   -1393.7895  0.8537 
   00646    0.3700   -1393.8036  0.8623 
   00647    0.4400   -1378.6922  0.8566 
   00648    0.4450   -1370.6202  0.8610 
   00649    0.4400   -1342.4041  0.8468 
   00650    0.3925   -1340.7970  0.8428 
   00651    0.3850   -1343.4108  0.8415 
   00652    0.4200   -1348.2836  0.8448 
   00653    0.3975   -1358.7180  0.8383 
   00654    0.3525   -1363.2304  0.8379 
   00655    0.4225   -1358.4642  0.8383 
   00656    0.4325   -1372.8823  0.8472 
   00657    0.4675   -1378.2423  0.8565 
   00658    0.4650   -1389.2874  0.8582 
   00659    0.4450   -1394.4531  0.8665 
   00660    0.4150   -1390.0365  0.8676 
   00661    0.4325   -1387.6032  0.8677 
   00662    0.3950   -1381.7458  0.8649 
   00663    0.3950   -1382.2567  0.8682 
   00664    0.4175   -1393.2560  0.8631 
   00665    0.4400   -1390.7747  0.8711 
   00666    0.4000   -1378.2024  0.8640 
   00667    0.4600   -1384.8852  0.8674 
   00668    0.3800   -1380.3978  0.8604 
   00669    0.4450   -1370.7158  0.8582 
   00670    0.4025   -1366.3518  0.8570 
   00671    0.4175   -1361.1579  0.8532 
   00672    0.4200   -1353.4387  0.8581 
   00673    0.4350   -1377.4172  0.8673 
   00674    0.4150   -1361.5012  0.8569 
   00675    0.4350   -1351.9700  0.8570 
   00676    0.4550   -1365.4686  0.8603 
   00677    0.3925   -1371.3149  0.8648 
   00678    0.4025   -1372.7905  0.8744 
   00679    0.4650   -1380.5186  0.8769 
   00680    0.4100   -1379.4356  0.8756 
   00681    0.4025   -1371.3803  0.8754 
   00682    0.4125   -1374.2388  0.8729 
   00683    0.4100   -1375.9282  0.8691 
   00684    0.4175   -1379.3250  0.8741 
   00685    0.4150   -1380.1983  0.8678 
   00686    0.4325   -1390.4461  0.8784 
   00687    0.3500   -1393.2916  0.8704 
   00688    0.3850   -1384.4983  0.8615 
   00689    0.3900   -1396.2693  0.8666 
   00690    0.4425   -1396.4910  0.8672 
   00691    0.4325   -1392.5248  0.8722 
   00692    0.4050   -1381.9358  0.8728 
   00693    0.3800   -1373.4091  0.8622 
   00694    0.3950   -1377.4373  0.8575 
   00695    0.3850   -1382.9618  0.8564 
   00696    0.4275   -1383.0440  0.8616 
   00697    0.4325   -1384.8544  0.8672 
   00698    0.4475   -1380.2309  0.8668 
   00699    0.4375   -1376.7644  0.8649 
   00700    0.4475   -1379.3025  0.8692 
   00701    0.4375   -1389.4851  0.8763 
   00702    0.4050   -1389.4495  0.8790 
   00703    0.4375   -1378.5763  0.8712 
   00704    0.3600   -1371.7831  0.8685 
   00705    0.4375   -1363.5993  0.8630 
   00706    0.4025   -1363.9356  0.8691 
   00707    0.4275   -1383.2636  0.8772 
   00708    0.4175   -1387.3260  0.8775 
   00709    0.4100   -1371.4161  0.8689 
   00710    0.4050   -1372.2697  0.8676 
   00711    0.4675   -1359.6544  0.8616 
   00712    0.4250   -1358.9325  0.8619 
   00713    0.4250   -1345.2698  0.8639 
   00714    0.4050   -1353.1687  0.8594 
   00715    0.4025   -1363.6500  0.8578 
   00716    0.4025   -1367.5435  0.8629 
   00717    0.3925   -1364.9858  0.8646 
   00718    0.3850   -1367.2976  0.8616 
   00719    0.3800   -1381.5937  0.8696 
   00720    0.4300   -1379.2984  0.8713 
   00721    0.4225   -1382.4688  0.8749 
   00722    0.4175   -1355.2025  0.8703 
   00723    0.3850   -1380.6473  0.8686 
   00724    0.4225   -1367.2056  0.8636 
   00725    0.4200   -1376.2778  0.8732 
   00726    0.4400   -1390.9423  0.8709 
   00727    0.3875   -1385.9113  0.8656 
   00728    0.3725   -1385.8458  0.8627 
   00729    0.4050   -1387.7507  0.8671 
   00730    0.4275   -1389.5115  0.8711 
   00731    0.3800   -1368.5107  0.8611 
   00732    0.4450   -1367.2330  0.8558 
   00733    0.4350   -1375.6726  0.8553 
   00734    0.3850   -1370.8016  0.8482 
   00735    0.4525   -1368.8160  0.8539 
   00736    0.4225   -1354.8122  0.8495 
   00737    0.3950   -1372.8070  0.8561 
   00738    0.4350   -1379.2858  0.8458 
   00739    0.3650   -1377.1656  0.8433 
   00740    0.3925   -1366.5219  0.8396 
   00741    0.4125   -1368.4803  0.8281 
   00742    0.4550   -1381.3766  0.8356 
   00743    0.3975   -1383.6987  0.8398 
   00744    0.4425   -1379.8317  0.8432 
   00745    0.3875   -1371.3447  0.8362 
   00746    0.4325   -1364.7274  0.8432 
   00747    0.4150   -1368.1442  0.8394 
   00748    0.3950   -1364.6858  0.8379 
   00749    0.4000   -1369.8981  0.8395 
   00750    0.3800   -1378.1503  0.8420 
   00751    0.4200   -1374.1511  0.8417 
   00752    0.3725   -1392.1956  0.8577 
   00753    0.4650   -1392.3099  0.8567 
   00754    0.4100   -1390.6584  0.8621 
   00755    0.4050   -1398.6237  0.8665 
   00756    0.4025   -1373.8884  0.8559 
   00757    0.4250   -1378.2583  0.8570 
   00758    0.4075   -1382.2317  0.8444 
   00759    0.4150   -1386.4595  0.8439 
   00760    0.3875   -1379.8301  0.8482 
   00761    0.4175   -1379.4590  0.8589 
   00762    0.4200   -1399.3394  0.8660 
   00763    0.4325   -1397.2407  0.8677 
   00764    0.4375   -1381.7956  0.8608 
   00765    0.3475   -1392.2523  0.8592 
   00766    0.3875   -1386.4260  0.8609 
   00767    0.3800   -1379.7984  0.8576 
   00768    0.3925   -1376.9991  0.8560 
   00769    0.3950   -1374.2331  0.8591 
   00770    0.4300   -1372.9109  0.8614 
   00771    0.4550   -1369.5564  0.8613 
   00772    0.4025   -1387.8763  0.8584 
   00773    0.4175   -1378.6168  0.8600 
   00774    0.4025   -1360.7177  0.8590 
   00775    0.4125   -1366.1347  0.8599 
   00776    0.4175   -1375.5839  0.8626 
   00777    0.4075   -1365.9972  0.8592 
   00778    0.4400   -1355.2222  0.8632 
   00779    0.4050   -1355.2108  0.8586 
   00780    0.4275   -1364.8307  0.8762 
   00781    0.4025   -1378.2432  0.8740 
   00782    0.4200   -1364.4776  0.8695 
   00783    0.3900   -1381.9524  0.8807 
   00784    0.3750   -1374.5540  0.8809 
   00785    0.4200   -1379.1751  0.8806 
   00786    0.3750   -1375.9706  0.8771 
   00787    0.4175   -1371.9808  0.8660 
   00788    0.4350   -1375.1208  0.8743 
   00789    0.4175   -1367.1895  0.8697 
   00790    0.3950   -1356.1193  0.8783 
   00791    0.4125   -1368.9550  0.8790 
   00792    0.4250   -1372.8431  0.8746 
   00793    0.4175   -1376.5555  0.8720 
   00794    0.4150   -1375.4185  0.8651 
   00795    0.4200   -1370.6204  0.8632 
   00796    0.4075   -1379.6285  0.8656 
   00797    0.4000   -1402.9766  0.8670 
   00798    0.4400   -1404.1025  0.8618 
   00799    0.4250   -1390.7888  0.8653 
   00800    0.4200   -1391.3013  0.8672 
   00801    0.4300   -1376.5298  0.8679 
   00802    0.4200   -1379.1287  0.8696 
   00803    0.3900   -1378.6121  0.8650 
   00804    0.4100   -1384.3726  0.8632 
   00805    0.4050   -1376.5911  0.8652 
   00806    0.4325   -1386.7289  0.8602 
   00807    0.3600   -1387.2931  0.8554 
   00808    0.3900   -1372.0335  0.8481 
   00809    0.3650   -1367.3295  0.8474 
   00810    0.4000   -1371.1116  0.8528 
   00811    0.4225   -1384.0547  0.8460 
   00812    0.3825   -1388.2219  0.8523 
   00813    0.3875   -1367.4491  0.8430 
   00814    0.4250   -1380.7095  0.8462 
   00815    0.3675   -1382.2065  0.8537 
   00816    0.4275   -1389.4749  0.8559 
   00817    0.3800   -1391.0333  0.8548 
   00818    0.3775   -1367.5005  0.8455 
   00819    0.4225   -1366.8953  0.8350 
   00820    0.4175   -1361.5302  0.8388 
   00821    0.4125   -1393.6384  0.8598 
   00822    0.3975   -1391.8819  0.8656 
   00823    0.4475   -1397.2199  0.8754 
   00824    0.4525   -1382.8905  0.8658 
   00825    0.3850   -1396.6062  0.8779 
   00826    0.4050   -1399.8605  0.8821 
   00827    0.3825   -1390.1215  0.8714 
   00828    0.3975   -1379.4777  0.8757 
   00829    0.4300   -1391.5649  0.8819 
   00830    0.3875   -1391.7572  0.8816 
   00831    0.3900   -1394.2933  0.8763 
   00832    0.3675   -1392.1148  0.8738 
   00833    0.4350   -1398.9807  0.8762 
   00834    0.3925   -1414.5808  0.8905 
   00835    0.4025   -1405.0936  0.8903 
   00836    0.3800   -1391.0041  0.8845 
   00837    0.3825   -1405.8008  0.8950 
   00838    0.3875   -1391.0826  0.8889 
   00839    0.3925   -1388.0313  0.8920 
   00840    0.3550   -1380.7519  0.8767 
   00841    0.4100   -1378.3152  0.8717 
   00842    0.4350   -1374.1536  0.8770 
   00843    0.4225   -1371.9513  0.8725 
   00844    0.4275   -1381.6255  0.8787 
   00845    0.3825   -1394.7622  0.8799 
   00846    0.4100   -1394.2300  0.8834 
   00847    0.4000   -1395.2998  0.8785 
   00848    0.4075   -1388.5441  0.8747 
   00849    0.4325   -1364.2805  0.8678 
   00850    0.4200   -1360.8249  0.8673 
   00851    0.4000   -1368.6064  0.8666 
   00852    0.4175   -1366.2166  0.8665 
   00853    0.4300   -1388.4042  0.8708 
   00854    0.3550   -1395.3183  0.8739 
   00855    0.4150   -1379.6221  0.8699 
   00856    0.4100   -1386.4796  0.8700 
   00857    0.4050   -1388.8250  0.8689 
   00858    0.4325   -1393.9501  0.8806 
   00859    0.4150   -1394.5722  0.8859 
   00860    0.3875   -1396.9515  0.8942 
   00861    0.4225   -1386.3807  0.8882 
   00862    0.3625   -1394.8512  0.8851 
   00863    0.4100   -1403.2076  0.8928 
   00864    0.4000   -1416.2563  0.9031 
   00865    0.3925   -1398.1161  0.8945 
   00866    0.3650   -1391.7639  0.8943 
   00867    0.3800   -1388.7361  0.8880 
   00868    0.4050   -1391.0816  0.8899 
   00869    0.4450   -1387.6279  0.8831 
   00870    0.3975   -1381.4812  0.8810 
   00871    0.3975   -1383.8340  0.8783 
   00872    0.4500   -1396.1241  0.8876 
   00873    0.4425   -1410.9022  0.8843 
   00874    0.4600   -1402.8569  0.8820 
   00875    0.3850   -1393.7761  0.8755 
   00876    0.3950   -1387.0210  0.8675 
   00877    0.4125   -1382.4849  0.8691 
   00878    0.4075   -1364.5529  0.8588 
   00879    0.4525   -1361.5886  0.8685 
   00880    0.3900   -1375.8196  0.8758 
   00881    0.4075   -1382.7731  0.8812 
   00882    0.4225   -1387.1828  0.8764 
   00883    0.3800   -1375.2483  0.8831 
   00884    0.4225   -1404.3900  0.8916 
   00885    0.4125   -1391.9823  0.8809 
   00886    0.4000   -1392.2573  0.8843 
   00887    0.3650   -1406.9718  0.8860 
   00888    0.4100   -1394.4112  0.8881 
   00889    0.3800   -1409.0784  0.8840 
   00890    0.4125   -1401.5268  0.8853 
   00891    0.3725   -1395.9249  0.8785 
   00892    0.3550   -1404.4069  0.8859 
   00893    0.3775   -1406.1968  0.8888 
   00894    0.4100   -1403.2400  0.8892 
   00895    0.4175   -1392.0324  0.8852 
   00896    0.4000   -1371.1640  0.8750 
   00897    0.4200   -1369.6172  0.8685 
   00898    0.4300   -1365.2167  0.8719 
   00899    0.3875   -1389.1644  0.8789 
   00900    0.3975   -1400.1994  0.8868 
   00901    0.4150   -1396.2659  0.8857 
   00902    0.3850   -1394.4914  0.8833 
   00903    0.3900   -1394.3163  0.8781 
   00904    0.3825   -1388.0077  0.8857 
   00905    0.4075   -1385.8437  0.8752 
   00906    0.4100   -1384.4269  0.8690 
   00907    0.3800   -1387.4534  0.8675 
   00908    0.3650   -1378.2306  0.8676 
   00909    0.3575   -1383.4217  0.8736 
   00910    0.4125   -1368.6643  0.8708 
   00911    0.3775   -1355.2547  0.8645 
   00912    0.4425   -1363.6975  0.8666 
   00913    0.4025   -1378.0444  0.8671 
   00914    0.4150   -1356.7895  0.8602 
   00915    0.3925   -1374.3473  0.8719 
   00916    0.4125   -1369.5869  0.8771 
   00917    0.4175   -1365.2666  0.8732 
   00918    0.4275   -1366.4116  0.8731 
   00919    0.3650   -1364.2134  0.8756 
   00920    0.3950   -1366.9004  0.8785 
   00921    0.4225   -1374.8577  0.8666 
   00922    0.4075   -1376.9572  0.8728 
   00923    0.4150   -1377.1625  0.8677 
   00924    0.4200   -1367.4055  0.8682 
   00925    0.4075   -1388.8717  0.8855 
   00926    0.4225   -1378.7450  0.8765 
   00927    0.4325   -1395.4000  0.8842 
   00928    0.3950   -1388.6019  0.8824 
   00929    0.4025   -1400.7943  0.8948 
   00930    0.3875   -1412.3625  0.9022 
   00931    0.3825   -1394.5288  0.8899 
   00932    0.4125   -1380.0422  0.8809 
   00933    0.3900   -1362.7728  0.8672 
   00934    0.3950   -1362.5444  0.8615 
   00935    0.4075   -1380.5209  0.8723 
   00936    0.4200   -1369.8983  0.8623 
   00937    0.3850   -1374.5213  0.8678 
   00938    0.3975   -1370.3857  0.8636 
   00939    0.4275   -1367.3221  0.8651 
   00940    0.3925   -1369.8757  0.8713 
   00941    0.3650   -1386.5150  0.8821 
   00942    0.4475   -1410.9796  0.8851 
   00943    0.4600   -1399.8921  0.8777 
   00944    0.4050   -1393.2789  0.8765 
   00945    0.3950   -1387.6813  0.8656 
   00946    0.3975   -1385.6070  0.8568 
   00947    0.4050   -1388.2371  0.8577 
   00948    0.4250   -1385.0791  0.8556 
   00949    0.4075   -1380.6555  0.8603 
   00950    0.4150   -1392.1594  0.8604 
   00951    0.3775   -1403.8957  0.8670 
   00952    0.4125   -1397.0620  0.8658 
   00953    0.4375   -1386.4342  0.8540 
   00954    0.3900   -1401.3044  0.8607 
   00955    0.3625   -1398.1157  0.8490 
   00956    0.4125   -1384.2338  0.8432 
   00957    0.4125   -1381.7521  0.8413 
   00958    0.4200   -1384.3389  0.8427 
   00959    0.4050   -1391.1265  0.8409 
   00960    0.4275   -1369.0460  0.8386 
   00961    0.4075   -1381.7590  0.8412 
   00962    0.4400   -1376.0658  0.8431 
   00963    0.4225   -1351.5508  0.8416 
   00964    0.4000   -1347.3230  0.8346 
   00965    0.3825   -1348.1636  0.8387 
   00966    0.4075   -1355.5585  0.8295 
   00967    0.4150   -1347.8652  0.8144 
   00968    0.4050   -1327.1677  0.7962 
   00969    0.3975   -1343.6106  0.7930 
   00970    0.4350   -1353.7156  0.7880 
   00971    0.4625   -1363.4996  0.7938 
   00972    0.4200   -1342.3033  0.7822 
   00973    0.4400   -1335.3753  0.7871 
   00974    0.4300   -1327.5090  0.7880 
   00975    0.4025   -1355.4803  0.7814 
   00976    0.4025   -1349.0559  0.7867 
   00977    0.4350   -1359.3531  0.7922 
   00978    0.4325   -1360.5554  0.7954 
   00979    0.4600   -1363.6140  0.8057 
   00980    0.3875   -1359.5503  0.8038 
   00981    0.4425   -1358.4420  0.7986 
   00982    0.4100   -1370.4487  0.8019 
   00983    0.4250   -1338.2964  0.7966 
   00984    0.4275   -1342.3448  0.7976 
   00985    0.4625   -1333.0310  0.7879 
   00986    0.4250   -1352.6630  0.8103 
   00987    0.3900   -1362.8065  0.8041 
   00988    0.4525   -1370.2030  0.8133 
   00989    0.4300   -1368.7548  0.8044 
   00990    0.3775   -1368.2336  0.8047 
   00991    0.3950   -1357.1955  0.8001 
   00992    0.4100   -1369.6307  0.7986 
   00993    0.4550   -1362.1178  0.8001 
   00994    0.4125   -1341.1517  0.7772 
   00995    0.4575   -1340.3422  0.7834 
   00996    0.4225   -1355.5141  0.7895 
   00997    0.4350   -1377.4662  0.7947 
   00998    0.3875   -1376.4683  0.7897 
   00999    0.3475   -1402.3826  0.7994 
   01000    0.3800   -1384.5228  0.7877 
