#=====================================================
# File created:        Mon-03-Nov-2025-at-01-41-48AM
# Size of lattice:     20x20
# Number of MC steps:  1000
# Reduced temperature: 0.550
# Run time (s):        7.526193
#=====================================================
# MC step:  Ratio:     Energy:   Order:
#=====================================================
   00000    0.5000    -437.0058  0.2782 
   00001    0.6475    -634.8294  0.2977 
   00002    0.5925    -749.8098  0.3116 
   00003    0.5850    -803.7077  0.3033 
   00004    0.5250    -856.1386  0.3450 
   00005    0.5100    -919.1668  0.3388 
   00006    0.5025    -948.7923  0.3346 
   00007    0.5225    -987.1133  0.3552 
   00008    0.4775   -1022.4136  0.3902 
   00009    0.4675   -1075.8987  0.4056 
   00010    0.4600   -1097.3554  0.4133 
   00011    0.4725   -1105.5949  0.4417 
   00012    0.4325   -1110.4720  0.4581 
   00013    0.4925   -1138.6314  0.4714 
   00014    0.4625   -1156.3663  0.4922 
   00015    0.4425   -1189.6301  0.5106 
   00016    0.3900   -1198.4848  0.5313 
   00017    0.4750   -1174.2596  0.5384 
   00018    0.4750   -1174.0619  0.5360 
   00019    0.4800   -1200.4233  0.5556 
   00020    0.4125   -1179.2942  0.5455 
   00021    0.4300   -1218.5621  0.5564 
   00022    0.4075   -1215.9840  0.5672 
   00023    0.4425   -1220.4645  0.5767 
   00024    0.4525   -1223.6994  0.5917 
   00025    0.4650   -1214.5644  0.5960 
   00026    0.4050   -1227.8208  0.6077 
   00027    0.4450   -1246.4541  0.6201 
   00028    0.4350   -1268.3236  0.6257 
   00029    0.4350   -1302.1850  0.6548 
   00030    0.4550   -1317.8320  0.6780 
   00031    0.4175   -1310.1042  0.6776 
   00032    0.3800   -1302.2804  0.6793 
   00033    0.4300   -1309.0121  0.6854 
   00034    0.4050   -1310.5736  0.6915 
   00035    0.4000   -1308.0367  0.6819 
   00036    0.3950   -1325.0093  0.6811 
   00037    0.3825   -1330.2370  0.6819 
   00038    0.4100   -1311.6645  0.6776 
   00039    0.4300   -1319.2156  0.6821 
   00040    0.3950   -1298.8642  0.6771 
   00041    0.4100   -1303.1668  0.6690 
   00042    0.4600   -1287.7704  0.6553 
   00043    0.4225   -1282.4923  0.6619 
   00044    0.3975   -1269.2804  0.6656 
   00045    0.4100   -1287.5582  0.6629 
   00046    0.3850   -1304.0874  0.6589 
   00047    0.4975   -1298.8923  0.6555 
   00048    0.4250   -1271.5887  0.6681 
   00049    0.4400   -1278.2423  0.6759 
   00050    0.4325   -1285.0136  0.6914 
   00051    0.3875   -1274.8984  0.6851 
   00052    0.4225   -1284.5214  0.6836 
   00053    0.4250   -1293.6598  0.6990 
   00054    0.4075   -1304.6117  0.6978 
   00055    0.3950   -1303.5571  0.6962 
   00056    0.3850   -1296.4209  0.6846 
   00057    0.4250   -1290.9647  0.6889 
   00058    0.4275   -1289.0198  0.7009 
   00059    0.4325   -1274.4580  0.6879 
   00060    0.4625   -1278.7763  0.7002 
   00061    0.3675   -1265.2300  0.6896 
   00062    0.4050   -1252.3102  0.6980 
   00063    0.3900   -1246.0188  0.6869 
   00064    0.4500   -1257.6987  0.6913 
   00065    0.4375   -1273.0678  0.6851 
   00066    0.4400   -1293.5115  0.7100 
   00067    0.3950   -1302.7130  0.7365 
   00068    0.4575   -1290.9566  0.7326 
   00069    0.4125   -1305.5204  0.7228 
   00070    0.4050   -1290.4577  0.7264 
   00071    0.4100   -1299.0796  0.7106 
   00072    0.4350   -1324.5241  0.7313 
   00073    0.4000   -1323.1350  0.7233 
   00074    0.4150   -1319.7620  0.7379 
   00075    0.3800   -1321.7217  0.7422 
   00076    0.4300   -1332.6463  0.7404 
   00077    0.3750   -1338.7003  0.7517 
   00078    0.3500   -1353.4546  0.7644 
   00079    0.4125   -1363.7994  0.7772 
   00080    0.3600   -1356.9873  0.7771 
   00081    0.3775   -1355.7143  0.7820 
   00082    0.4150   -1371.8151  0.7898 
   00083    0.3650   -1359.8129  0.7746 
   00084    0.4075   -1364.5037  0.7870 
   00085    0.4150   -1359.1444  0.7663 
   00086    0.3850   -1363.1514  0.7651 
   00087    0.3850   -1350.0953  0.7641 
   00088    0.3675   -1337.3706  0.7575 
   00089    0.3950   -1339.3358  0.7700 
   00090    0.4225   -1342.6004  0.7766 
   00091    0.4200   -1347.6541  0.7741 
   00092    0.4175   -1337.9172  0.7809 
   00093    0.4125   -1345.3261  0.7802 
   00094    0.3850   -1332.8492  0.7767 
   00095    0.4200   -1322.9970  0.7695 
   00096    0.3850   -1319.1331  0.7782 
   00097    0.3725   -1332.0806  0.7995 
   00098    0.3725   -1346.5146  0.8038 
   00099    0.3650   -1337.1322  0.8090 
   00100    0.4075   -1347.8032  0.8002 
   00101    0.3750   -1336.5430  0.7946 
   00102    0.4175   -1339.4020  0.8017 
   00103    0.3950   -1350.0391  0.8076 
   00104    0.4500   -1363.4991  0.8284 
   00105    0.3875   -1366.3166  0.8314 
   00106    0.3625   -1357.5736  0.8293 
   00107    0.4375   -1373.2331  0.8316 
   00108    0.4450   -1344.9110  0.8108 
   00109    0.4375   -1341.0101  0.8066 
   00110    0.4075   -1322.8566  0.8055 
   00111    0.4350   -1303.3143  0.7984 
   00112    0.4075   -1312.1907  0.7926 
   00113    0.3850   -1299.7073  0.7970 
   00114    0.4500   -1322.0561  0.7928 
   00115    0.4050   -1333.5191  0.7969 
   00116    0.4325   -1331.6572  0.8066 
   00117    0.4250   -1326.7143  0.8088 
   00118    0.3775   -1321.3395  0.8157 
   00119    0.3725   -1343.7280  0.8317 
   00120    0.4075   -1358.9092  0.8213 
   00121    0.3750   -1352.9412  0.8276 
   00122    0.4225   -1355.4103  0.8227 
   00123    0.3875   -1351.4534  0.8149 
   00124    0.3800   -1357.6983  0.8157 
   00125    0.3875   -1363.0382  0.8098 
   00126    0.4225   -1352.5117  0.8092 
   00127    0.4225   -1331.1627  0.8005 
   00128    0.4025   -1335.9047  0.8070 
   00129    0.3825   -1331.5455  0.8049 
   00130    0.3900   -1364.8608  0.8110 
   00131    0.3700   -1361.7226  0.8151 
   00132    0.3925   -1344.6726  0.8049 
   00133    0.3900   -1336.3044  0.8091 
   00134    0.3900   -1333.0693  0.8130 
   00135    0.4050   -1326.2478  0.8039 
   00136    0.3750   -1326.4522  0.8041 
   00137    0.4325   -1323.4574  0.7986 
   00138    0.4225   -1325.5733  0.8074 
   00139    0.4175   -1322.6427  0.8083 
   00140    0.4125   -1318.0895  0.8136 
   00141    0.4125   -1317.2723  0.8172 
   00142    0.4125   -1331.5612  0.8105 
   00143    0.4275   -1328.4873  0.8036 
   00144    0.4225   -1357.3304  0.8096 
   00145    0.3750   -1334.2462  0.8050 
   00146    0.3900   -1328.0058  0.8066 
   00147    0.4200   -1339.0625  0.8001 
   00148    0.4075   -1328.1940  0.7997 
   00149    0.3900   -1355.1929  0.8184 
   00150    0.4300   -1344.5508  0.8178 
   00151    0.4075   -1348.1561  0.8232 
   00152    0.4250   -1353.1264  0.8160 
   00153    0.3675   -1344.9697  0.8274 
   00154    0.4275   -1338.7611  0.8242 
   00155    0.4075   -1355.7890  0.8216 
   00156    0.4175   -1353.8431  0.8213 
   00157    0.3825   -1344.4757  0.8213 
   00158    0.4000   -1363.2962  0.8349 
   00159    0.3975   -1350.9301  0.8325 
   00160    0.4200   -1337.9364  0.8160 
   00161    0.4200   -1326.6464  0.8097 
   00162    0.3600   -1334.8003  0.8034 
   00163    0.4275   -1322.5227  0.8178 
   00164    0.4125   -1340.4842  0.8229 
   00165    0.4325   -1344.6250  0.8248 
   00166    0.4150   -1337.3544  0.8176 
   00167    0.3950   -1346.5308  0.8251 
   00168    0.4050   -1327.4254  0.8196 
   00169    0.4375   -1348.2402  0.8393 
   00170    0.3950   -1343.7353  0.8324 
   00171    0.3825   -1351.7041  0.8411 
   00172    0.4025   -1342.1244  0.8461 
   00173    0.3675   -1340.0224  0.8444 
   00174    0.4025   -1342.3754  0.8559 
   00175    0.4400   -1341.3395  0.8459 
   00176    0.4125   -1325.5667  0.8431 
   00177    0.3800   -1337.5061  0.8446 
   00178    0.3800   -1338.5742  0.8454 
   00179    0.4075   -1339.1380  0.8443 
   00180    0.4225   -1331.6057  0.8456 
   00181    0.4175   -1345.1296  0.8558 
   00182    0.3800   -1340.6006  0.8560 
   00183    0.3975   -1344.1478  0.8612 
   00184    0.4300   -1349.3256  0.8649 
   00185    0.3875   -1346.9926  0.8592 
   00186    0.3775   -1346.1525  0.8692 
   00187    0.3775   -1349.6638  0.8680 
   00188    0.4050   -1378.6713  0.8727 
   00189    0.4300   -1379.1883  0.8718 
   00190    0.4300   -1373.0320  0.8687 
   00191    0.3800   -1365.4752  0.8680 
   00192    0.3800   -1360.9650  0.8728 
   00193    0.3950   -1337.4305  0.8538 
   00194    0.4100   -1359.3412  0.8651 
   00195    0.4475   -1359.0760  0.8657 
   00196    0.3975   -1346.4093  0.8617 
   00197    0.4200   -1365.8155  0.8701 
   00198    0.3700   -1375.5417  0.8701 
   00199    0.3950   -1361.1120  0.8701 
   00200    0.4325   -1362.7867  0.8638 
   00201    0.3900   -1360.9827  0.8611 
   00202    0.3625   -1362.9636  0.8671 
   00203    0.4050   -1351.7130  0.8705 
   00204    0.4300   -1339.6741  0.8625 
   00205    0.3875   -1335.4943  0.8459 
   00206    0.3900   -1340.6355  0.8496 
   00207    0.3700   -1346.9552  0.8571 
   00208    0.4300   -1331.2799  0.8462 
   00209    0.4075   -1332.7959  0.8455 
   00210    0.3875   -1311.2277  0.8435 
   00211    0.4100   -1299.1713  0.8457 
   00212    0.4200   -1325.2209  0.8505 
   00213    0.3825   -1329.8854  0.8591 
   00214    0.4150   -1342.5801  0.8613 
   00215    0.4125   -1350.4011  0.8678 
   00216    0.4375   -1359.2258  0.8735 
   00217    0.4475   -1358.3476  0.8637 
   00218    0.3900   -1374.6449  0.8748 
   00219    0.4125   -1369.8692  0.8728 
   00220    0.3975   -1368.3398  0.8816 
   00221    0.4075   -1368.5549  0.8799 
   00222    0.3950   -1347.7415  0.8734 
   00223    0.3725   -1344.5654  0.8748 
   00224    0.4100   -1356.0667  0.8805 
   00225    0.4200   -1353.6580  0.8829 
   00226    0.4300   -1358.8001  0.8800 
   00227    0.4275   -1344.1924  0.8736 
   00228    0.4075   -1364.3084  0.8794 
   00229    0.3950   -1376.1293  0.8828 
   00230    0.4200   -1364.0650  0.8799 
   00231    0.4050   -1367.0617  0.8801 
   00232    0.4025   -1355.4942  0.8713 
   00233    0.3625   -1347.5866  0.8616 
   00234    0.4050   -1351.1398  0.8600 
   00235    0.3875   -1352.3532  0.8645 
   00236    0.4525   -1344.8364  0.8601 
   00237    0.4000   -1329.3216  0.8534 
   00238    0.4300   -1319.7499  0.8436 
   00239    0.4100   -1337.5909  0.8297 
   00240    0.4450   -1335.9208  0.8366 
   00241    0.3750   -1328.8190  0.8337 
   00242    0.3825   -1340.8871  0.8296 
   00243    0.4050   -1331.3689  0.8331 
   00244    0.4150   -1353.9316  0.8466 
   00245    0.3775   -1342.0791  0.8369 
   00246    0.4475   -1350.8254  0.8392 
   00247    0.4100   -1359.0522  0.8422 
   00248    0.4025   -1361.5029  0.8516 
   00249    0.4350   -1374.3289  0.8498 
   00250    0.4400   -1380.6810  0.8598 
   00251    0.3850   -1348.1641  0.8476 
   00252    0.4150   -1337.1643  0.8416 
   00253    0.4100   -1329.9131  0.8379 
   00254    0.4125   -1329.7811  0.8336 
   00255    0.3875   -1346.8143  0.8280 
   00256    0.4125   -1329.7560  0.8251 
   00257    0.4250   -1355.8659  0.8393 
   00258    0.3775   -1362.9419  0.8436 
   00259    0.4075   -1330.7903  0.8341 
   00260    0.4100   -1342.9090  0.8377 
   00261    0.4325   -1330.4061  0.8332 
   00262    0.4150   -1333.5770  0.8209 
   00263    0.4225   -1337.3902  0.8292 
   00264    0.4325   -1340.4484  0.8246 
   00265    0.4200   -1331.6621  0.8234 
   00266    0.4325   -1327.0801  0.8370 
   00267    0.4175   -1332.3350  0.8457 
   00268    0.4050   -1345.5982  0.8511 
   00269    0.4100   -1355.6079  0.8539 
   00270    0.4350   -1359.9703  0.8501 
   00271    0.3950   -1354.3765  0.8423 
   00272    0.3700   -1359.7945  0.8441 
   00273    0.4025   -1374.9514  0.8592 
   00274    0.4575   -1370.9468  0.8394 
   00275    0.4225   -1355.0973  0.8367 
   00276    0.4250   -1365.2296  0.8434 
   00277    0.4275   -1345.6071  0.8255 
   00278    0.4200   -1343.0564  0.8267 
   00279    0.4200   -1350.2366  0.8371 
   00280    0.4075   -1350.2620  0.8350 
   00281    0.4025   -1375.6749  0.8439 
   00282    0.3850   -1376.2961  0.8428 
   00283    0.3925   -1345.9946  0.8468 
   00284    0.4350   -1359.1278  0.8517 
   00285    0.4000   -1348.2235  0.8513 
   00286    0.3825   -1333.3589  0.8473 
   00287    0.4275   -1317.2529  0.8296 
   00288    0.3900   -1292.1635  0.8253 
   00289    0.3850   -1285.8476  0.8210 
   00290    0.4075   -1298.4978  0.8345 
   00291    0.4275   -1307.0288  0.8390 
   00292    0.4225   -1318.8667  0.8376 
   00293    0.4075   -1324.1565  0.8327 
   00294    0.4425   -1302.0239  0.8287 
   00295    0.4550   -1265.9341  0.8097 
   00296    0.4200   -1278.0259  0.8140 
   00297    0.4100   -1287.3651  0.8233 
   00298    0.3500   -1301.6949  0.8225 
   00299    0.4175   -1302.4040  0.8231 
   00300    0.4350   -1340.8369  0.8209 
   00301    0.4200   -1351.1979  0.8172 
   00302    0.4300   -1356.4285  0.8251 
   00303    0.4050   -1360.7166  0.8188 
   00304    0.3800   -1353.3013  0.8199 
   00305    0.4200   -1360.2569  0.8313 
   00306    0.3675   -1359.4855  0.8243 
   00307    0.3750   -1350.6078  0.8173 
   00308    0.4275   -1339.0154  0.8338 
   00309    0.3750   -1356.1237  0.8502 
   00310    0.3825   -1352.9375  0.8564 
   00311    0.4325   -1345.2929  0.8469 
   00312    0.4075   -1352.3758  0.8587 
   00313    0.4050   -1364.2779  0.8570 
   00314    0.4175   -1357.3871  0.8584 
   00315    0.4525   -1361.0410  0.8552 
   00316    0.3975   -1360.2016  0.8528 
   00317    0.4100   -1359.2242  0.8421 
   00318    0.3800   -1365.6246  0.8423 
   00319    0.4000   -1370.8974  0.8447 
   00320    0.4100   -1360.4259  0.8411 
   00321    0.4175   -1361.8514  0.8441 
   00322    0.3650   -1354.7717  0.8498 
   00323    0.3925   -1378.7620  0.8440 
   00324    0.3550   -1369.6078  0.8370 
   00325    0.3800   -1376.3047  0.8401 
   00326    0.3750   -1368.9246  0.8418 
   00327    0.4050   -1373.5402  0.8417 
   00328    0.3825   -1366.4500  0.8451 
   00329    0.4125   -1351.0985  0.8381 
   00330    0.4500   -1344.0711  0.8289 
   00331    0.4400   -1336.3039  0.8278 
   00332    0.3750   -1347.1595  0.8264 
   00333    0.4350   -1348.3106  0.8217 
   00334    0.4225   -1343.0993  0.8235 
   00335    0.4050   -1345.1144  0.8370 
   00336    0.3900   -1330.8896  0.8262 
   00337    0.3875   -1335.2948  0.8310 
   00338    0.3650   -1337.6300  0.8427 
   00339    0.3775   -1317.4245  0.8296 
   00340    0.4075   -1332.9186  0.8326 
   00341    0.4325   -1325.0417  0.8339 
   00342    0.4275   -1330.1182  0.8419 
   00343    0.3825   -1365.0038  0.8605 
   00344    0.3950   -1348.6414  0.8446 
   00345    0.3925   -1365.3682  0.8486 
   00346    0.4225   -1365.6186  0.8332 
   00347    0.4150   -1363.9386  0.8308 
   00348    0.3925   -1330.8933  0.8260 
   00349    0.3975   -1318.8866  0.8169 
   00350    0.4125   -1338.9405  0.8188 
   00351    0.4500   -1355.7471  0.8348 
   00352    0.3700   -1329.2416  0.8261 
   00353    0.4200   -1351.6283  0.8300 
   00354    0.4150   -1341.8856  0.8336 
   00355    0.3875   -1341.1293  0.8282 
   00356    0.4125   -1332.5911  0.8187 
   00357    0.4000   -1315.2553  0.8121 
   00358    0.3975   -1310.5531  0.8071 
   00359    0.3700   -1330.3626  0.8147 
   00360    0.3975   -1347.7039  0.8261 
   00361    0.4100   -1332.9306  0.8256 
   00362    0.4400   -1337.3516  0.8314 
   00363    0.4050   -1356.9396  0.8304 
   00364    0.4025   -1367.6894  0.8435 
   00365    0.4225   -1372.9456  0.8517 
   00366    0.4225   -1358.9608  0.8403 
   00367    0.4150   -1361.9783  0.8374 
   00368    0.3900   -1336.2942  0.8242 
   00369    0.4050   -1339.0823  0.8275 
   00370    0.4100   -1348.5224  0.8280 
   00371    0.4025   -1365.3055  0.8324 
   00372    0.4200   -1356.3756  0.8441 
   00373    0.3775   -1382.1252  0.8486 
   00374    0.3825   -1394.5967  0.8494 
   00375    0.3775   -1388.7329  0.8376 
   00376    0.3675   -1372.4286  0.8282 
   00377    0.4150   -1385.9350  0.8483 
   00378    0.4050   -1389.3328  0.8465 
   00379    0.3775   -1382.3271  0.8442 
   00380    0.3625   -1373.7318  0.8459 
   00381    0.3575   -1372.4530  0.8459 
   00382    0.4450   -1367.2458  0.8505 
   00383    0.4200   -1357.9320  0.8373 
   00384    0.4125   -1364.7784  0.8464 
   00385    0.3775   -1341.4589  0.8362 
   00386    0.3900   -1336.3580  0.8416 
   00387    0.4400   -1361.1425  0.8555 
   00388    0.3725   -1365.4564  0.8509 
   00389    0.4225   -1355.6608  0.8394 
   00390    0.3550   -1351.2482  0.8248 
   00391    0.3750   -1344.5631  0.8255 
   00392    0.4175   -1347.1875  0.8227 
   00393    0.3725   -1364.2633  0.8284 
   00394    0.3825   -1370.5172  0.8350 
   00395    0.3600   -1351.8971  0.8116 
   00396    0.4275   -1324.0248  0.7870 
   00397    0.4000   -1322.5583  0.7833 
   00398    0.3925   -1330.4054  0.7823 
   00399    0.3800   -1328.7461  0.7830 
   00400    0.4250   -1336.4144  0.7878 
   00401    0.3950   -1339.7626  0.7832 
   00402    0.4450   -1334.1466  0.7861 
   00403    0.4650   -1348.8401  0.7846 
   00404    0.3675   -1333.7824  0.7803 
   00405    0.4125   -1339.6485  0.7834 
   00406    0.4200   -1373.2623  0.7924 
   00407    0.3875   -1356.0277  0.7917 
   00408    0.4100   -1357.6915  0.7918 
   00409    0.4175   -1351.3490  0.7907 
   00410    0.4400   -1336.6906  0.7980 
   00411    0.3950   -1331.3678  0.7925 
   00412    0.4050   -1320.1393  0.7921 
   00413    0.4050   -1333.3907  0.7914 
   00414    0.4425   -1357.8284  0.8064 
   00415    0.4025   -1341.6872  0.8014 
   00416    0.4100   -1351.1274  0.8117 
   00417    0.3300   -1345.9061  0.8237 
   00418    0.3950   -1353.5946  0.8335 
   00419    0.4300   -1355.6407  0.8280 
   00420    0.3825   -1369.2761  0.8392 
   00421    0.4075   -1365.8163  0.8331 
   00422    0.3925   -1362.1303  0.8220 
   00423    0.3825   -1355.3843  0.8191 
   00424    0.3600   -1355.6053  0.8162 
   00425    0.4350   -1339.7406  0.8140 
   00426    0.4475   -1344.2249  0.8144 
   00427    0.3875   -1350.5266  0.8093 
   00428    0.4050   -1344.6289  0.8129 
   00429    0.3775   -1362.1047  0.8108 
   00430    0.3750   -1354.5042  0.8132 
   00431    0.4200   -1372.0466  0.8188 
   00432    0.3675   -1361.4970  0.8164 
   00433    0.4150   -1353.4367  0.8164 
   00434    0.4025   -1365.1001  0.8282 
   00435    0.3675   -1357.5848  0.8382 
   00436    0.3875   -1337.0642  0.8322 
   00437    0.4050   -1328.0433  0.8218 
   00438    0.4175   -1360.0304  0.8356 
   00439    0.3575   -1362.4723  0.8350 
   00440    0.4400   -1359.4624  0.8361 
   00441    0.4250   -1364.8695  0.8436 
   00442    0.4000   -1358.0457  0.8450 
   00443    0.3825   -1354.3479  0.8413 
   00444    0.4225   -1340.9414  0.8489 
   00445    0.3875   -1340.8955  0.8467 
   00446    0.3475   -1347.2632  0.8422 
   00447    0.4025   -1356.3081  0.8495 
   00448    0.3800   -1363.3488  0.8502 
   00449    0.3800   -1341.6805  0.8487 
   00450    0.4225   -1337.7894  0.8370 
   00451    0.3775   -1332.1988  0.8352 
   00452    0.3825   -1340.9747  0.8393 
   00453    0.4125   -1356.5550  0.8497 
   00454    0.4050   -1357.7445  0.8475 
   00455    0.3875   -1349.5478  0.8380 
   00456    0.3625   -1341.5762  0.8286 
   00457    0.3925   -1318.5509  0.8245 
   00458    0.3700   -1329.0618  0.8299 
   00459    0.4200   -1345.3066  0.8356 
   00460    0.4000   -1331.5482  0.8107 
   00461    0.4100   -1332.7070  0.8180 
   00462    0.3625   -1343.9841  0.8151 
   00463    0.3900   -1337.7590  0.8115 
   00464    0.4575   -1344.4056  0.8195 
   00465    0.3575   -1362.7638  0.8269 
   00466    0.4150   -1371.9884  0.8234 
   00467    0.3725   -1389.1134  0.8336 
   00468    0.3925   -1372.4769  0.8285 
   00469    0.3975   -1378.3918  0.8353 
   00470    0.3975   -1372.4753  0.8339 
   00471    0.4175   -1379.3616  0.8391 
   00472    0.3950   -1381.0991  0.8352 
   00473    0.3950   -1374.4534  0.8330 
   00474    0.3875   -1377.9826  0.8308 
   00475    0.3875   -1367.9708  0.8274 
   00476    0.4000   -1360.7263  0.8238 
   00477    0.4375   -1367.7366  0.8235 
   00478    0.4075   -1356.6993  0.8099 
   00479    0.3450   -1345.8586  0.8120 
   00480    0.3825   -1360.7311  0.8234 
   00481    0.4000   -1353.3749  0.8201 
   00482    0.3850   -1332.2067  0.8012 
   00483    0.3925   -1334.7484  0.8039 
   00484    0.4025   -1328.5690  0.8035 
   00485    0.4150   -1347.7433  0.8132 
   00486    0.3650   -1319.9691  0.8107 
   00487    0.3825   -1324.7305  0.8144 
   00488    0.4125   -1330.1471  0.8142 
   00489    0.4000   -1327.6332  0.8048 
   00490    0.4100   -1320.7788  0.8109 
   00491    0.3900   -1339.8427  0.8175 
   00492    0.4175   -1332.5823  0.8143 
   00493    0.4100   -1341.4387  0.8163 
   00494    0.3825   -1347.9038  0.8154 
   00495    0.3875   -1344.1588  0.8178 
   00496    0.4450   -1316.0197  0.8069 
   00497    0.4075   -1305.3343  0.7935 
   00498    0.4025   -1304.9503  0.7926 
   00499    0.3975   -1313.0037  0.7977 
   00500    0.4075   -1299.1827  0.7977 
   00501    0.4075   -1293.8287  0.7926 
   00502    0.4250   -1306.1656  0.8013 
   00503    0.4250   -1320.6315  0.8077 
   00504    0.4400   -1316.8368  0.8102 
   00505    0.4400   -1339.4495  0.8199 
   00506    0.3975   -1332.2225  0.8158 
   00507    0.3850   -1338.4160  0.8121 
   00508    0.3950   -1320.2287  0.8083 
   00509    0.4075   -1325.9079  0.8066 
   00510    0.4100   -1316.8688  0.8030 
   00511    0.4075   -1324.2673  0.7974 
   00512    0.4175   -1321.7052  0.8097 
   00513    0.4375   -1311.5265  0.8139 
   00514    0.3925   -1347.0912  0.8205 
   00515    0.3900   -1363.0542  0.8345 
   00516    0.3500   -1355.6206  0.8349 
   00517    0.4225   -1350.1013  0.8352 
   00518    0.4000   -1363.5163  0.8362 
   00519    0.4225   -1347.3690  0.8273 
   00520    0.4150   -1340.0685  0.8232 
   00521    0.4375   -1355.3834  0.8199 
   00522    0.4025   -1353.5978  0.8185 
   00523    0.3950   -1361.5120  0.8198 
   00524    0.3975   -1361.6129  0.8255 
   00525    0.4150   -1334.6926  0.8115 
   00526    0.4025   -1329.1756  0.8076 
   00527    0.3900   -1327.5549  0.8186 
   00528    0.4225   -1334.5130  0.8349 
   00529    0.4050   -1337.2077  0.8340 
   00530    0.4350   -1347.8242  0.8257 
   00531    0.3825   -1349.5049  0.8269 
   00532    0.4375   -1365.3484  0.8295 
   00533    0.3750   -1352.0121  0.8194 
   00534    0.4100   -1340.6887  0.8130 
   00535    0.4475   -1332.8318  0.8124 
   00536    0.4050   -1335.2110  0.8116 
   00537    0.3900   -1338.0560  0.8244 
   00538    0.4475   -1332.4683  0.8278 
   00539    0.3875   -1333.8069  0.8347 
   00540    0.3975   -1308.1472  0.8252 
   00541    0.4250   -1298.2781  0.8297 
   00542    0.4350   -1308.4798  0.8243 
   00543    0.3725   -1309.2520  0.8265 
   00544    0.4150   -1336.5895  0.8392 
   00545    0.4475   -1344.6476  0.8412 
   00546    0.4000   -1326.2719  0.8423 
   00547    0.4475   -1343.0148  0.8501 
   00548    0.3875   -1331.3273  0.8432 
   00549    0.4625   -1332.4023  0.8330 
   00550    0.4500   -1330.2922  0.8279 
   00551    0.3975   -1329.6913  0.8172 
   00552    0.3825   -1362.3764  0.8132 
   00553    0.4250   -1356.6433  0.8151 
   00554    0.3750   -1335.7666  0.8177 
   00555    0.4150   -1331.9477  0.8201 
   00556    0.4025   -1351.0267  0.8252 
   00557    0.3925   -1343.3545  0.8295 
   00558    0.4025   -1353.5933  0.8259 
   00559    0.3750   -1357.8915  0.8324 
   00560    0.3525   -1358.9319  0.8362 
   00561    0.3850   -1355.9149  0.8404 
   00562    0.3925   -1345.6958  0.8369 
   00563    0.4025   -1345.6206  0.8319 
   00564    0.4525   -1339.0977  0.8324 
   00565    0.3975   -1339.1692  0.8340 
   00566    0.4100   -1345.6023  0.8280 
   00567    0.4000   -1355.4441  0.8314 
   00568    0.3850   -1341.3444  0.8239 
   00569    0.4250   -1353.0963  0.8198 
   00570    0.4000   -1361.4757  0.8335 
   00571    0.4100   -1365.2270  0.8382 
   00572    0.4000   -1357.2005  0.8421 
   00573    0.3775   -1360.8856  0.8445 
   00574    0.3475   -1352.5348  0.8389 
   00575    0.4075   -1370.9919  0.8492 
   00576    0.4125   -1368.3766  0.8459 
   00577    0.4125   -1372.5779  0.8444 
   00578    0.4325   -1349.5486  0.8343 
   00579    0.3875   -1350.5619  0.8468 
   00580    0.4075   -1361.4890  0.8513 
   00581    0.3975   -1361.6920  0.8554 
   00582    0.3575   -1359.8592  0.8488 
   00583    0.4000   -1359.4131  0.8401 
   00584    0.3750   -1363.0714  0.8349 
   00585    0.4000   -1352.1681  0.8331 
   00586    0.4150   -1350.2769  0.8388 
   00587    0.4025   -1342.4958  0.8324 
   00588    0.4025   -1346.9349  0.8369 
   00589    0.4175   -1349.8461  0.8447 
   00590    0.3975   -1353.3438  0.8443 
   00591    0.4000   -1349.9735  0.8387 
   00592    0.4025   -1332.3255  0.8276 
   00593    0.3825   -1352.1093  0.8353 
   00594    0.4200   -1345.9347  0.8324 
   00595    0.4225   -1345.6305  0.8409 
   00596    0.4375   -1339.7203  0.8428 
   00597    0.4125   -1344.7114  0.8420 
   00598    0.4275   -1347.4997  0.8361 
   00599    0.4275   -1342.8066  0.8273 
   00600    0.4025   -1358.0548  0.8372 
   00601    0.3950   -1364.1277  0.8453 
   00602    0.4000   -1367.6095  0.8489 
   00603    0.3825   -1369.1398  0.8411 
   00604    0.4100   -1362.7752  0.8241 
   00605    0.4350   -1369.7439  0.8255 
   00606    0.4100   -1355.3957  0.8251 
   00607    0.3775   -1351.5331  0.8223 
   00608    0.3800   -1352.5542  0.8275 
   00609    0.4200   -1354.0897  0.8308 
   00610    0.4025   -1356.2440  0.8354 
   00611    0.4025   -1340.4740  0.8293 
   00612    0.3900   -1342.4021  0.8215 
   00613    0.3350   -1348.7424  0.8234 
   00614    0.3925   -1378.0024  0.8325 
   00615    0.3650   -1374.8412  0.8311 
   00616    0.3975   -1366.7723  0.8321 
   00617    0.3550   -1365.7719  0.8261 
   00618    0.3900   -1358.4207  0.8205 
   00619    0.4200   -1364.5993  0.8213 
   00620    0.4125   -1349.1274  0.8245 
   00621    0.3975   -1337.7977  0.8254 
   00622    0.4450   -1353.8867  0.8249 
   00623    0.3725   -1337.7719  0.8287 
   00624    0.4100   -1368.0562  0.8368 
   00625    0.3725   -1354.2614  0.8253 
   00626    0.4600   -1340.8862  0.8201 
   00627    0.3550   -1335.0764  0.8130 
   00628    0.3975   -1342.1726  0.8245 
   00629    0.3700   -1356.2040  0.8340 
   00630    0.4300   -1345.8495  0.8361 
   00631    0.4225   -1353.6786  0.8440 
   00632    0.3875   -1349.5848  0.8301 
   00633    0.4600   -1349.1249  0.8315 
   00634    0.4200   -1336.7880  0.8330 
   00635    0.3975   -1349.0571  0.8254 
   00636    0.4075   -1339.1272  0.8280 
   00637    0.3900   -1354.3386  0.8336 
   00638    0.3900   -1322.7352  0.8267 
   00639    0.3950   -1351.1484  0.8372 
   00640    0.3875   -1336.1175  0.8408 
   00641    0.4125   -1326.5559  0.8332 
   00642    0.3775   -1320.5389  0.8410 
   00643    0.4050   -1328.6773  0.8424 
   00644    0.3900   -1330.8155  0.8509 
   00645    0.4025   -1325.5197  0.8500 
   00646    0.4475   -1349.8289  0.8541 
   00647    0.4200   -1331.9764  0.8405 
   00648    0.3775   -1321.4225  0.8468 
   00649    0.4450   -1328.6325  0.8401 
   00650    0.4800   -1334.7817  0.8458 
   00651    0.4075   -1334.9905  0.8485 
   00652    0.4000   -1337.6058  0.8467 
   00653    0.4575   -1336.7461  0.8368 
   00654    0.3975   -1353.1417  0.8392 
   00655    0.3825   -1324.9296  0.8197 
   00656    0.4200   -1332.9087  0.8277 
   00657    0.3675   -1358.6097  0.8406 
   00658    0.3900   -1357.4801  0.8351 
   00659    0.4125   -1340.6876  0.8213 
   00660    0.3725   -1340.6045  0.8288 
   00661    0.3400   -1349.5438  0.8338 
   00662    0.4275   -1347.5851  0.8403 
   00663    0.4025   -1341.8566  0.8485 
   00664    0.4575   -1352.9377  0.8591 
   00665    0.3725   -1363.1326  0.8620 
   00666    0.3875   -1372.0626  0.8564 
   00667    0.4100   -1385.3114  0.8665 
   00668    0.4200   -1380.2666  0.8707 
   00669    0.3850   -1386.3085  0.8762 
   00670    0.4050   -1379.5637  0.8723 
   00671    0.3975   -1362.8457  0.8678 
   00672    0.3800   -1348.8678  0.8600 
   00673    0.4250   -1329.0538  0.8513 
   00674    0.4075   -1350.2752  0.8606 
   00675    0.4100   -1351.3216  0.8665 
   00676    0.4150   -1351.9772  0.8657 
   00677    0.4050   -1339.5343  0.8586 
   00678    0.3900   -1325.3870  0.8674 
   00679    0.3975   -1348.6934  0.8675 
   00680    0.3925   -1347.8456  0.8617 
   00681    0.4075   -1319.8226  0.8459 
   00682    0.4275   -1330.2088  0.8516 
   00683    0.4050   -1339.2193  0.8562 
   00684    0.3500   -1337.6070  0.8465 
   00685    0.4175   -1325.5114  0.8358 
   00686    0.3700   -1331.8846  0.8387 
   00687    0.4225   -1338.8154  0.8361 
   00688    0.3925   -1331.5207  0.8293 
   00689    0.4300   -1321.0406  0.8267 
   00690    0.3900   -1351.6717  0.8427 
   00691    0.3700   -1354.4452  0.8488 
   00692    0.3725   -1353.5405  0.8555 
   00693    0.4100   -1349.7770  0.8511 
   00694    0.3900   -1329.0697  0.8357 
   00695    0.4275   -1341.0592  0.8496 
   00696    0.3750   -1364.1796  0.8600 
   00697    0.3900   -1340.7038  0.8547 
   00698    0.3900   -1328.1330  0.8546 
   00699    0.4400   -1334.6475  0.8592 
   00700    0.3700   -1339.4913  0.8500 
   00701    0.4300   -1338.2131  0.8465 
   00702    0.3625   -1322.1404  0.8398 
   00703    0.4150   -1322.5414  0.8395 
   00704    0.3900   -1333.3863  0.8374 
   00705    0.3900   -1330.6421  0.8416 
   00706    0.3675   -1341.2481  0.8345 
   00707    0.4475   -1332.4878  0.8282 
   00708    0.4050   -1331.9619  0.8111 
   00709    0.3950   -1346.8892  0.8090 
   00710    0.3625   -1343.3853  0.8069 
   00711    0.3900   -1351.6111  0.8067 
   00712    0.4175   -1333.3261  0.7967 
   00713    0.4100   -1327.6788  0.7952 
   00714    0.4250   -1325.2190  0.7925 
   00715    0.4400   -1342.8123  0.7895 
   00716    0.4125   -1323.8551  0.7769 
   00717    0.4000   -1322.8094  0.7777 
   00718    0.4075   -1297.7093  0.7719 
   00719    0.4375   -1306.8660  0.7771 
   00720    0.3775   -1297.6494  0.7708 
   00721    0.4075   -1299.6094  0.7747 
   00722    0.4175   -1324.4253  0.7865 
   00723    0.4025   -1323.6080  0.7883 
   00724    0.3775   -1342.3145  0.7957 
   00725    0.3750   -1361.6446  0.8072 
   00726    0.4100   -1347.5108  0.8091 
   00727    0.4050   -1330.9665  0.8080 
   00728    0.3775   -1322.7771  0.7975 
   00729    0.3875   -1330.1017  0.7943 
   00730    0.4325   -1331.5274  0.8005 
   00731    0.4050   -1341.7771  0.8000 
   00732    0.4275   -1352.9933  0.8004 
   00733    0.3775   -1369.5674  0.8179 
   00734    0.3900   -1352.1358  0.8125 
   00735    0.3975   -1362.5924  0.8226 
   00736    0.3900   -1362.8027  0.8241 
   00737    0.4425   -1362.3865  0.8400 
   00738    0.4675   -1339.4777  0.8360 
   00739    0.4275   -1365.3171  0.8497 
   00740    0.3950   -1361.6428  0.8432 
   00741    0.3650   -1352.8636  0.8464 
   00742    0.4275   -1358.4975  0.8460 
   00743    0.3950   -1345.0889  0.8445 
   00744    0.3975   -1332.3503  0.8328 
   00745    0.4225   -1342.4289  0.8335 
   00746    0.3775   -1340.8333  0.8384 
   00747    0.3750   -1353.3056  0.8438 
   00748    0.4025   -1379.7483  0.8529 
   00749    0.4000   -1378.2477  0.8562 
   00750    0.3925   -1368.8468  0.8536 
   00751    0.3750   -1367.0422  0.8477 
   00752    0.4025   -1357.7141  0.8410 
   00753    0.4225   -1358.7418  0.8470 
   00754    0.4225   -1377.7017  0.8617 
   00755    0.4150   -1382.6799  0.8715 
   00756    0.3650   -1376.6546  0.8677 
   00757    0.4200   -1360.5928  0.8637 
   00758    0.3875   -1347.4838  0.8599 
   00759    0.4175   -1335.4900  0.8555 
   00760    0.4100   -1330.6442  0.8416 
   00761    0.4025   -1331.1112  0.8395 
   00762    0.4375   -1332.4649  0.8453 
   00763    0.4225   -1341.0667  0.8504 
   00764    0.3675   -1335.4403  0.8506 
   00765    0.3825   -1343.8505  0.8598 
   00766    0.4250   -1330.6801  0.8488 
   00767    0.3600   -1357.2852  0.8644 
   00768    0.4575   -1361.3683  0.8706 
   00769    0.4100   -1360.0803  0.8809 
   00770    0.4225   -1362.8579  0.8732 
   00771    0.3600   -1370.3625  0.8814 
   00772    0.3450   -1368.0568  0.8788 
   00773    0.4275   -1365.4873  0.8735 
   00774    0.3675   -1358.4528  0.8736 
   00775    0.3975   -1360.6497  0.8711 
   00776    0.3800   -1361.0110  0.8649 
   00777    0.4200   -1364.4634  0.8785 
   00778    0.3675   -1371.5488  0.8757 
   00779    0.3775   -1354.3091  0.8667 
   00780    0.3700   -1368.9068  0.8646 
   00781    0.3850   -1370.8026  0.8713 
   00782    0.3900   -1355.5243  0.8590 
   00783    0.3725   -1348.6385  0.8651 
   00784    0.3875   -1356.0340  0.8688 
   00785    0.3875   -1358.8568  0.8656 
   00786    0.3775   -1365.4881  0.8617 
   00787    0.3900   -1355.3218  0.8522 
   00788    0.4300   -1348.8553  0.8377 
   00789    0.4075   -1345.5275  0.8427 
   00790    0.4250   -1347.2158  0.8323 
   00791    0.4150   -1349.9337  0.8339 
   00792    0.3475   -1372.0212  0.8459 
   00793    0.4500   -1370.0680  0.8427 
   00794    0.3875   -1382.8169  0.8434 
   00795    0.4075   -1376.2562  0.8416 
   00796    0.3950   -1357.9498  0.8389 
   00797    0.3650   -1346.2897  0.8291 
   00798    0.3750   -1342.2162  0.8251 
   00799    0.3575   -1355.3929  0.8327 
   00800    0.4100   -1360.8457  0.8389 
   00801    0.3750   -1352.5581  0.8296 
   00802    0.4650   -1343.2315  0.8218 
   00803    0.4025   -1362.6026  0.8342 
   00804    0.3850   -1358.5048  0.8393 
   00805    0.3850   -1370.8837  0.8314 
   00806    0.4100   -1360.5579  0.8223 
   00807    0.4325   -1349.5272  0.8141 
   00808    0.4475   -1368.9539  0.8183 
   00809    0.4050   -1370.5146  0.8110 
   00810    0.3275   -1351.8010  0.8038 
   00811    0.3625   -1339.3132  0.7958 
   00812    0.3950   -1362.0172  0.8091 
   00813    0.4475   -1361.4078  0.8183 
   00814    0.4325   -1373.3023  0.8082 
   00815    0.4100   -1380.3645  0.8187 
   00816    0.3975   -1365.0786  0.8296 
   00817    0.3600   -1379.2866  0.8293 
   00818    0.3825   -1391.2849  0.8252 
   00819    0.4175   -1354.7770  0.8156 
   00820    0.4800   -1358.9331  0.8127 
   00821    0.3850   -1374.0908  0.8131 
   00822    0.3800   -1385.4844  0.8252 
   00823    0.4150   -1373.5137  0.8304 
   00824    0.3475   -1364.9906  0.8283 
   00825    0.4025   -1346.4412  0.8231 
   00826    0.4200   -1353.3555  0.8157 
   00827    0.4275   -1349.7251  0.8224 
   00828    0.4400   -1345.6894  0.8279 
   00829    0.3775   -1344.4629  0.8326 
   00830    0.4075   -1357.9718  0.8318 
   00831    0.4100   -1347.5108  0.8310 
   00832    0.3850   -1341.9191  0.8374 
   00833    0.3900   -1354.5327  0.8404 
   00834    0.3950   -1348.0126  0.8359 
   00835    0.3625   -1343.7709  0.8247 
   00836    0.3800   -1356.7411  0.8335 
   00837    0.4200   -1352.7393  0.8259 
   00838    0.4350   -1354.8907  0.8176 
   00839    0.4225   -1353.9066  0.8088 
   00840    0.3975   -1348.6775  0.8028 
   00841    0.3775   -1350.3175  0.8012 
   00842    0.4250   -1357.9497  0.8051 
   00843    0.3625   -1377.0214  0.8187 
   00844    0.4050   -1359.6669  0.8082 
   00845    0.4000   -1367.0564  0.8147 
   00846    0.4075   -1374.9119  0.8177 
   00847    0.4000   -1377.2028  0.8250 
   00848    0.3400   -1342.4253  0.8137 
   00849    0.4025   -1359.3378  0.8176 
   00850    0.3850   -1356.0953  0.8089 
   00851    0.3725   -1363.0252  0.8127 
   00852    0.4325   -1356.9366  0.8159 
   00853    0.3775   -1355.9781  0.8168 
   00854    0.4175   -1356.6506  0.8020 
   00855    0.4050   -1332.9083  0.7882 
   00856    0.4000   -1326.0237  0.7902 
   00857    0.4175   -1320.1347  0.7811 
   00858    0.4100   -1329.2877  0.7674 
   00859    0.3925   -1317.6896  0.7791 
   00860    0.4250   -1329.5529  0.7761 
   00861    0.4250   -1332.1666  0.7733 
   00862    0.3950   -1321.8657  0.7713 
   00863    0.3975   -1311.1352  0.7665 
   00864    0.4225   -1320.2947  0.7789 
   00865    0.4250   -1323.1009  0.7731 
   00866    0.4075   -1345.7875  0.7924 
   00867    0.3775   -1348.9815  0.7901 
   00868    0.4125   -1359.7224  0.7858 
   00869    0.4225   -1356.8912  0.7922 
   00870    0.4250   -1369.1677  0.8046 
   00871    0.4075   -1386.0351  0.8136 
   00872    0.4300   -1360.2037  0.8140 
   00873    0.3975   -1355.5812  0.8094 
   00874    0.4050   -1352.0431  0.8053 
   00875    0.3825   -1340.9043  0.7941 
   00876    0.3925   -1343.9176  0.7966 
   00877    0.4200   -1364.1688  0.8080 
   00878    0.4300   -1349.3870  0.8005 
   00879    0.4450   -1338.7602  0.8000 
   00880    0.3725   -1339.8156  0.8034 
   00881    0.4000   -1345.3917  0.7944 
   00882    0.4225   -1363.5278  0.8026 
   00883    0.4025   -1387.7588  0.8162 
   00884    0.4575   -1369.3453  0.8130 
   00885    0.4225   -1371.4876  0.8098 
   00886    0.4100   -1365.0318  0.8012 
   00887    0.4200   -1369.4639  0.7954 
   00888    0.3700   -1364.6122  0.7934 
   00889    0.4425   -1345.9808  0.7783 
   00890    0.3950   -1359.6225  0.7849 
   00891    0.3650   -1349.2962  0.7760 
   00892    0.4150   -1336.7463  0.7745 
   00893    0.4525   -1321.1927  0.7620 
   00894    0.4025   -1330.2893  0.7445 
   00895    0.4100   -1357.5042  0.7539 
   00896    0.4000   -1341.9413  0.7423 
   00897    0.4500   -1347.1041  0.7672 
   00898    0.3825   -1334.4494  0.7802 
   00899    0.4000   -1343.0368  0.7977 
   00900    0.3825   -1337.0827  0.8082 
   00901    0.4000   -1370.8807  0.8228 
   00902    0.3650   -1363.4461  0.8154 
   00903    0.3975   -1355.1887  0.8191 
   00904    0.3900   -1341.4195  0.8035 
   00905    0.3975   -1337.3948  0.8045 
   00906    0.3975   -1340.4871  0.7981 
   00907    0.4250   -1322.2241  0.7868 
   00908    0.3950   -1327.7326  0.7908 
   00909    0.4000   -1312.1295  0.7847 
   00910    0.4125   -1306.2423  0.7825 
   00911    0.4450   -1302.5677  0.7822 
   00912    0.3725   -1327.1862  0.7853 
   00913    0.3875   -1309.4453  0.7708 
   00914    0.3925   -1308.1834  0.7686 
   00915    0.3800   -1314.0251  0.7755 
   00916    0.4025   -1347.2214  0.7947 
   00917    0.3950   -1344.0947  0.7890 
   00918    0.3800   -1349.5637  0.7891 
   00919    0.4100   -1354.0666  0.7920 
   00920    0.3775   -1356.2324  0.7892 
   00921    0.3625   -1329.8210  0.7796 
   00922    0.4025   -1319.7533  0.7745 
   00923    0.4525   -1311.7772  0.7610 
   00924    0.4175   -1304.2167  0.7563 
   00925    0.4050   -1311.3070  0.7508 
   00926    0.3725   -1311.4293  0.7613 
   00927    0.3800   -1327.2025  0.7574 
   00928    0.4325   -1327.8888  0.7573 
   00929    0.3750   -1328.5206  0.7511 
   00930    0.4100   -1332.6201  0.7569 
   00931    0.3750   -1308.5433  0.7461 
   00932    0.4075   -1328.9520  0.7700 
   00933    0.3925   -1317.8511  0.7625 
   00934    0.3750   -1316.1014  0.7467 
   00935    0.4050   -1318.2913  0.7574 
   00936    0.4300   -1320.6239  0.7666 
   00937    0.4200   -1337.9523  0.7620 
   00938    0.3975   -1336.9136  0.7625 
   00939    0.4575   -1333.0273  0.7687 
   00940    0.4125   -1342.7571  0.7775 
   00941    0.4175   -1363.0086  0.7797 
   00942    0.3900   -1342.0622  0.7738 
   00943    0.4400   -1337.4746  0.7573 
   00944    0.3475   -1336.1373  0.7555 
   00945    0.3650   -1330.7554  0.7506 
   00946    0.3900   -1332.8264  0.7372 
   00947    0.3800   -1342.1965  0.7378 
   00948    0.4300   -1337.9097  0.7276 
   00949    0.4325   -1327.9197  0.7442 
   00950    0.3850   -1317.5456  0.7561 
   00951    0.4175   -1314.7026  0.7571 
   00952    0.3725   -1328.3374  0.7692 
   00953    0.3825   -1309.8239  0.7714 
   00954    0.4175   -1308.0744  0.7564 
   00955    0.4025   -1310.3349  0.7498 
   00956    0.4300   -1327.4934  0.7507 
   00957    0.4175   -1333.9753  0.7451 
   00958    0.3775   -1326.3608  0.7354 
   00959    0.4175   -1330.8899  0.7540 
   00960    0.3900   -1330.2885  0.7593 
   00961    0.4150   -1292.6463  0.7456 
   00962    0.4700   -1325.2802  0.7621 
   00963    0.3950   -1309.0982  0.7612 
   00964    0.3650   -1306.8813  0.7643 
   00965    0.4125   -1305.9692  0.7670 
   00966    0.4350   -1266.7721  0.7529 
   00967    0.3775   -1262.1593  0.7455 
   00968    0.4550   -1280.3665  0.7520 
   00969    0.4025   -1276.5707  0.7275 
   00970    0.4300   -1306.6586  0.7411 
   00971    0.4325   -1318.3293  0.7553 
   00972    0.4500   -1293.9917  0.7447 
   00973    0.4200   -1287.9362  0.7439 
   00974    0.4475   -1306.8387  0.7532 
   00975    0.4100   -1314.8574  0.7508 
   00976    0.4575   -1314.0470  0.7490 
   00977    0.3625   -1293.0055  0.7514 
   00978    0.4025   -1289.2709  0.7440 
   00979    0.3825   -1272.7925  0.7391 
   00980    0.4025   -1306.3133  0.7521 
   00981    0.4200   -1287.6620  0.7362 
   00982    0.3825   -1294.8773  0.7423 
   00983    0.4125   -1297.0999  0.7498 
   00984    0.3975   -1305.4947  0.7306 
   00985    0.4175   -1301.7065  0.7408 
   00986    0.4150   -1320.8284  0.7496 
   00987    0.3850   -1319.7127  0.7654 
   00988    0.3900   -1309.9157  0.7682 
   00989    0.4200   -1320.8624  0.7766 
   00990    0.4275   -1313.6386  0.7908 
   00991    0.3975   -1350.3586  0.8098 
   00992    0.4350   -1347.5308  0.8216 
   00993    0.3900   -1347.3900  0.8265 
   00994    0.3775   -1335.5868  0.8304 
   00995    0.3650   -1325.1653  0.8253 
   00996    0.3800   -1348.1519  0.8202 
   00997    0.3825   -1357.8953  0.8327 
   00998    0.3875   -1334.9851  0.8320 
   00999    0.3750   -1346.0725  0.8256 
   01000    0.3825   -1358.7618  0.8320 
