#=====================================================
# File created:        Mon-03-Nov-2025-at-01-43-33AM
# Size of lattice:     20x20
# Number of MC steps:  1000
# Reduced temperature: 1.250
# Run time (s):        7.520548
#=====================================================
# MC step:  Ratio:     Energy:   Order:
#=====================================================
   00000    0.5000    -386.0474  0.2909 
   00001    0.7325    -544.8253  0.2976 
   00002    0.7325    -661.0505  0.2887 
   00003    0.6600    -699.0708  0.2908 
   00004    0.6125    -717.7666  0.3049 
   00005    0.5975    -756.6086  0.2684 
   00006    0.5800    -756.8831  0.2971 
   00007    0.6225    -738.0174  0.3153 
   00008    0.6200    -761.2576  0.3183 
   00009    0.6000    -812.9695  0.3214 
   00010    0.5825    -834.7869  0.3440 
   00011    0.5725    -868.9587  0.3239 
   00012    0.5625    -816.7761  0.3152 
   00013    0.5600    -861.1795  0.2882 
   00014    0.5275    -858.6384  0.3041 
   00015    0.5225    -857.4663  0.2948 
   00016    0.5325    -815.5865  0.3274 
   00017    0.5400    -812.1751  0.3132 
   00018    0.5275    -832.9219  0.3182 
   00019    0.5500    -848.5586  0.2945 
   00020    0.5575    -864.3718  0.3362 
   00021    0.5725    -822.7174  0.3607 
   00022    0.5625    -808.4487  0.3902 
   00023    0.6050    -800.9998  0.3558 
   00024    0.5600    -803.2523  0.3145 
   00025    0.6325    -779.4877  0.3227 
   00026    0.5900    -807.6028  0.3605 
   00027    0.5650    -776.3555  0.3475 
   00028    0.5550    -792.7225  0.3614 
   00029    0.5925    -778.8409  0.3919 
   00030    0.6175    -750.8456  0.3662 
   00031    0.5975    -810.7433  0.3564 
   00032    0.6050    -737.1919  0.3106 
   00033    0.5350    -771.6678  0.3419 
   00034    0.6050    -786.7607  0.3519 
   00035    0.6275    -758.5480  0.3721 
   00036    0.5825    -781.4949  0.3643 
   00037    0.5675    -697.4353  0.3708 
   00038    0.6475    -705.1602  0.3005 
   00039    0.5725    -767.2215  0.3258 
   00040    0.5700    -838.4238  0.3417 
   00041    0.5350    -821.5226  0.3347 
   00042    0.5775    -878.9863  0.3420 
   00043    0.5350    -863.7097  0.3307 
   00044    0.5425    -849.9305  0.3552 
   00045    0.5575    -860.9874  0.3782 
   00046    0.5450    -848.6508  0.3853 
   00047    0.5725    -873.4440  0.3671 
   00048    0.5675    -862.3629  0.4081 
   00049    0.5900    -884.4371  0.4215 
   00050    0.5375    -855.9899  0.4071 
   00051    0.5500    -856.3171  0.4022 
   00052    0.5300    -819.2235  0.3778 
   00053    0.5200    -840.8791  0.3836 
   00054    0.6075    -840.3152  0.3604 
   00055    0.5700    -831.9424  0.3568 
   00056    0.5925    -865.5942  0.3685 
   00057    0.5500    -876.2543  0.3652 
   00058    0.5425    -869.1803  0.3371 
   00059    0.5300    -869.7737  0.2973 
   00060    0.5175    -873.8627  0.2882 
   00061    0.5325    -833.2833  0.3150 
   00062    0.5925    -810.5614  0.3018 
   00063    0.5850    -864.7639  0.3395 
   00064    0.5750    -839.3667  0.3603 
   00065    0.5700    -774.9258  0.3332 
   00066    0.6525    -754.3575  0.3367 
   00067    0.5900    -788.6165  0.3477 
   00068    0.5850    -740.9039  0.3052 
   00069    0.5800    -771.2928  0.2768 
   00070    0.5775    -774.1693  0.2787 
   00071    0.6175    -808.9017  0.2689 
   00072    0.5075    -824.2462  0.2678 
   00073    0.5700    -786.8343  0.2595 
   00074    0.5725    -790.3793  0.2816 
   00075    0.5900    -747.4998  0.3038 
   00076    0.5900    -775.0542  0.3162 
   00077    0.5600    -782.5370  0.3206 
   00078    0.5850    -836.6571  0.3287 
   00079    0.5750    -809.0708  0.3199 
   00080    0.5650    -838.5114  0.3393 
   00081    0.5225    -823.2329  0.3450 
   00082    0.5975    -798.1361  0.3419 
   00083    0.5850    -822.1382  0.3275 
   00084    0.5775    -803.9570  0.3378 
   00085    0.5675    -820.1711  0.3118 
   00086    0.5650    -800.8923  0.3007 
   00087    0.6025    -764.6875  0.3002 
   00088    0.5400    -774.6517  0.2981 
   00089    0.5975    -720.9173  0.2933 
   00090    0.6250    -776.3321  0.2900 
   00091    0.6000    -771.4131  0.2669 
   00092    0.6050    -773.5669  0.2980 
   00093    0.6100    -744.8766  0.3199 
   00094    0.6275    -776.8137  0.3479 
   00095    0.5975    -804.8169  0.3679 
   00096    0.6425    -776.8186  0.3532 
   00097    0.5950    -797.0962  0.3507 
   00098    0.5875    -765.4795  0.3210 
   00099    0.4975    -783.7178  0.3273 
   00100    0.6300    -779.6342  0.3669 
   00101    0.5875    -795.7571  0.3662 
   00102    0.5875    -789.8539  0.3649 
   00103    0.5400    -760.5954  0.3261 
   00104    0.5875    -790.4306  0.3362 
   00105    0.5700    -784.1668  0.3520 
   00106    0.5775    -776.7930  0.3632 
   00107    0.5900    -812.6148  0.3201 
   00108    0.5550    -816.3693  0.3249 
   00109    0.5825    -804.0385  0.3190 
   00110    0.5600    -788.2457  0.3283 
   00111    0.5875    -791.2766  0.3217 
   00112    0.5700    -795.0038  0.3153 
   00113    0.5775    -785.1677  0.3284 
   00114    0.5950    -777.7103  0.3231 
   00115    0.5700    -767.8328  0.3286 
   00116    0.5675    -801.7838  0.3373 
   00117    0.5475    -802.4879  0.3190 
   00118    0.5650    -813.7975  0.2754 
   00119    0.5925    -797.1833  0.2971 
   00120    0.5675    -783.6556  0.3094 
   00121    0.5550    -804.0924  0.2708 
   00122    0.5850    -823.1609  0.2835 
   00123    0.5575    -842.1824  0.2918 
   00124    0.5100    -840.5129  0.2765 
   00125    0.5750    -845.2145  0.2752 
   00126    0.5675    -793.0928  0.2888 
   00127    0.5675    -785.1265  0.2979 
   00128    0.5400    -808.4096  0.2928 
   00129    0.5800    -862.9018  0.2924 
   00130    0.5200    -818.5655  0.2848 
   00131    0.5700    -826.3576  0.3216 
   00132    0.5800    -767.5592  0.3037 
   00133    0.5975    -760.6901  0.3272 
   00134    0.5825    -807.9303  0.3048 
   00135    0.5350    -827.0221  0.3362 
   00136    0.5200    -844.4368  0.3449 
   00137    0.5325    -845.5012  0.3509 
   00138    0.5500    -866.4413  0.3799 
   00139    0.5225    -826.8562  0.3354 
   00140    0.5275    -839.4177  0.3379 
   00141    0.5725    -811.1873  0.3235 
   00142    0.5675    -759.7241  0.2978 
   00143    0.6375    -746.2698  0.3256 
   00144    0.6100    -769.7554  0.3257 
   00145    0.5750    -781.5126  0.3206 
   00146    0.5500    -839.2149  0.3077 
   00147    0.5550    -846.8286  0.2880 
   00148    0.6150    -857.8229  0.2771 
   00149    0.5725    -861.9166  0.2919 
   00150    0.5700    -865.1346  0.2846 
   00151    0.5350    -847.7832  0.2788 
   00152    0.5800    -800.9546  0.2853 
   00153    0.5525    -814.8886  0.2799 
   00154    0.5850    -832.5949  0.2621 
   00155    0.5800    -806.3755  0.2913 
   00156    0.5450    -855.2407  0.2653 
   00157    0.5200    -824.8374  0.2639 
   00158    0.6025    -816.8551  0.2696 
   00159    0.5925    -829.3339  0.2860 
   00160    0.5825    -832.8347  0.2699 
   00161    0.5200    -859.9424  0.3062 
   00162    0.5700    -848.7120  0.3234 
   00163    0.5850    -814.9656  0.3170 
   00164    0.5575    -812.3016  0.2828 
   00165    0.5400    -816.2448  0.2696 
   00166    0.6200    -821.2951  0.2693 
   00167    0.5825    -852.6142  0.2853 
   00168    0.5375    -856.9889  0.2975 
   00169    0.5750    -814.8010  0.2948 
   00170    0.5750    -796.7068  0.3052 
   00171    0.5350    -796.8257  0.2929 
   00172    0.5450    -811.8928  0.2760 
   00173    0.5600    -809.9406  0.2957 
   00174    0.5750    -793.9813  0.2877 
   00175    0.5600    -759.3830  0.2839 
   00176    0.6275    -750.1285  0.2961 
   00177    0.6000    -758.0580  0.2956 
   00178    0.5800    -785.1384  0.3090 
   00179    0.6200    -782.8667  0.3606 
   00180    0.5775    -785.6346  0.3451 
   00181    0.5625    -789.3358  0.3100 
   00182    0.6000    -794.3371  0.3363 
   00183    0.5875    -832.6291  0.3664 
   00184    0.6125    -798.8119  0.3636 
   00185    0.5675    -830.3810  0.2926 
   00186    0.5850    -831.6300  0.3117 
   00187    0.5850    -839.8740  0.3165 
   00188    0.5600    -824.4228  0.3145 
   00189    0.5625    -826.5281  0.3227 
   00190    0.5475    -794.6861  0.3496 
   00191    0.5800    -807.7230  0.4178 
   00192    0.6550    -764.4928  0.4231 
   00193    0.5875    -775.1202  0.4186 
   00194    0.5950    -806.6948  0.4237 
   00195    0.5575    -835.2294  0.4038 
   00196    0.6050    -798.1481  0.3899 
   00197    0.5750    -793.2079  0.3823 
   00198    0.5325    -818.8574  0.3772 
   00199    0.6050    -781.9785  0.3772 
   00200    0.5900    -779.0199  0.3569 
   00201    0.5725    -762.2516  0.3320 
   00202    0.5875    -841.3177  0.3053 
   00203    0.5350    -869.0385  0.3132 
   00204    0.5825    -807.4824  0.3512 
   00205    0.5250    -859.1467  0.3348 
   00206    0.5775    -880.5167  0.3293 
   00207    0.4925    -824.7234  0.3170 
   00208    0.5600    -821.7092  0.3128 
   00209    0.5875    -870.6466  0.3352 
   00210    0.5325    -878.5490  0.3372 
   00211    0.5325    -875.4286  0.3428 
   00212    0.5275    -848.8611  0.3152 
   00213    0.5050    -863.1038  0.3431 
   00214    0.5650    -844.0024  0.3477 
   00215    0.5825    -802.5099  0.3317 
   00216    0.6000    -807.7049  0.3380 
   00217    0.5775    -867.4774  0.3236 
   00218    0.5325    -808.1381  0.2988 
   00219    0.5200    -823.4881  0.2576 
   00220    0.5250    -806.6864  0.2633 
   00221    0.6050    -765.5748  0.2831 
   00222    0.5775    -803.0175  0.2969 
   00223    0.5900    -808.0878  0.2698 
   00224    0.6175    -811.4399  0.2711 
   00225    0.5900    -801.6637  0.2863 
   00226    0.5500    -859.9452  0.2770 
   00227    0.5950    -812.3548  0.3122 
   00228    0.5475    -809.5071  0.3121 
   00229    0.6000    -803.4186  0.2842 
   00230    0.6000    -791.3160  0.2822 
   00231    0.6050    -789.0884  0.2815 
   00232    0.5600    -811.5718  0.3063 
   00233    0.5900    -814.7895  0.2839 
   00234    0.5925    -838.2870  0.3120 
   00235    0.5650    -827.8438  0.2963 
   00236    0.5775    -849.6559  0.2518 
   00237    0.5850    -804.8544  0.2821 
   00238    0.5375    -757.0163  0.3007 
   00239    0.5525    -747.1650  0.3046 
   00240    0.5825    -794.8838  0.2933 
   00241    0.5925    -797.1759  0.3225 
   00242    0.6175    -757.1673  0.3506 
   00243    0.5700    -843.9407  0.3702 
   00244    0.5325    -853.7343  0.3837 
   00245    0.5300    -854.2017  0.4135 
   00246    0.5700    -832.5422  0.4276 
   00247    0.5650    -837.1821  0.4239 
   00248    0.5875    -821.4460  0.3723 
   00249    0.5900    -820.6878  0.3607 
   00250    0.5800    -809.8045  0.3166 
   00251    0.6050    -767.4070  0.3124 
   00252    0.5525    -803.0391  0.2752 
   00253    0.5150    -826.4052  0.2703 
   00254    0.5975    -769.0259  0.2604 
   00255    0.6425    -747.1255  0.2710 
   00256    0.6025    -761.5570  0.2530 
   00257    0.6400    -765.8146  0.2775 
   00258    0.5975    -797.6042  0.2680 
   00259    0.5825    -810.6240  0.2547 
   00260    0.5725    -773.0560  0.2750 
   00261    0.5975    -704.8341  0.2703 
   00262    0.6175    -728.9912  0.2922 
   00263    0.6050    -740.6480  0.3015 
   00264    0.5800    -757.6932  0.3050 
   00265    0.6025    -741.0677  0.2776 
   00266    0.5575    -779.7099  0.2593 
   00267    0.5650    -751.9491  0.2647 
   00268    0.5625    -792.2971  0.2878 
   00269    0.6050    -781.5179  0.2876 
   00270    0.6025    -788.1154  0.2913 
   00271    0.5300    -780.7023  0.3037 
   00272    0.5925    -787.4543  0.3092 
   00273    0.5775    -817.8227  0.3103 
   00274    0.6025    -765.2327  0.3308 
   00275    0.5950    -753.0261  0.3469 
   00276    0.5875    -755.9266  0.3508 
   00277    0.5825    -793.7574  0.3251 
   00278    0.5575    -818.7926  0.2924 
   00279    0.5850    -858.0395  0.3286 
   00280    0.5525    -844.6453  0.3475 
   00281    0.5400    -837.1453  0.3767 
   00282    0.5825    -798.7381  0.3722 
   00283    0.6100    -793.3848  0.3763 
   00284    0.5600    -790.5874  0.4120 
   00285    0.5900    -786.0081  0.3892 
   00286    0.6250    -792.6259  0.3721 
   00287    0.5850    -862.4571  0.3575 
   00288    0.5475    -824.7831  0.3736 
   00289    0.5700    -842.1097  0.3822 
   00290    0.5675    -851.7928  0.3874 
   00291    0.5450    -816.9300  0.3496 
   00292    0.6175    -825.9337  0.3366 
   00293    0.5375    -816.6929  0.3537 
   00294    0.5925    -832.8102  0.3698 
   00295    0.6150    -844.3349  0.3545 
   00296    0.5875    -797.9656  0.3476 
   00297    0.5775    -844.1770  0.3765 
   00298    0.5575    -811.6586  0.3893 
   00299    0.5625    -798.4936  0.3497 
   00300    0.5725    -819.0142  0.3706 
   00301    0.5775    -855.2275  0.3980 
   00302    0.5450    -812.7093  0.3675 
   00303    0.5275    -795.7848  0.3255 
   00304    0.6000    -824.6333  0.3700 
   00305    0.5550    -862.9193  0.3641 
   00306    0.5675    -804.8268  0.3614 
   00307    0.5125    -820.5026  0.3375 
   00308    0.5500    -840.0541  0.3679 
   00309    0.5650    -824.2752  0.3429 
   00310    0.5975    -832.1290  0.3660 
   00311    0.5600    -811.3191  0.3692 
   00312    0.5650    -784.3997  0.3191 
   00313    0.5775    -826.1150  0.3017 
   00314    0.5300    -806.9786  0.3008 
   00315    0.5775    -768.3150  0.2793 
   00316    0.6325    -745.4764  0.2876 
   00317    0.6625    -698.0307  0.2839 
   00318    0.6500    -757.8158  0.3469 
   00319    0.5725    -796.4081  0.3645 
   00320    0.5500    -826.4221  0.3740 
   00321    0.5350    -813.5126  0.3671 
   00322    0.5425    -856.9659  0.3676 
   00323    0.5250    -869.2897  0.3548 
   00324    0.5450    -808.7621  0.3584 
   00325    0.5450    -804.6617  0.3204 
   00326    0.5775    -783.5713  0.3485 
   00327    0.6225    -818.8127  0.3385 
   00328    0.5950    -844.2283  0.3560 
   00329    0.5750    -825.0611  0.3158 
   00330    0.5825    -787.7918  0.2879 
   00331    0.5750    -815.5786  0.3173 
   00332    0.5800    -813.8321  0.3216 
   00333    0.5650    -828.0492  0.3364 
   00334    0.5550    -801.6904  0.3263 
   00335    0.5650    -806.0767  0.3421 
   00336    0.6075    -769.9164  0.2910 
   00337    0.6200    -774.4057  0.3057 
   00338    0.5800    -781.1949  0.3124 
   00339    0.5675    -796.6175  0.3058 
   00340    0.5825    -795.2281  0.2875 
   00341    0.5825    -819.3870  0.2966 
   00342    0.5450    -841.5948  0.3003 
   00343    0.5725    -827.5320  0.3255 
   00344    0.6050    -775.7428  0.2863 
   00345    0.5950    -765.7250  0.2928 
   00346    0.5600    -749.7323  0.3375 
   00347    0.6100    -818.0786  0.3167 
   00348    0.5950    -813.8874  0.3215 
   00349    0.5725    -861.4088  0.2873 
   00350    0.5650    -867.7848  0.2622 
   00351    0.5225    -836.1624  0.2765 
   00352    0.5675    -837.1260  0.2804 
   00353    0.5750    -858.5135  0.2653 
   00354    0.5875    -856.2646  0.2878 
   00355    0.5350    -819.9220  0.3210 
   00356    0.5500    -839.8036  0.2769 
   00357    0.6050    -797.4033  0.3125 
   00358    0.5575    -786.5361  0.3230 
   00359    0.5900    -770.2681  0.3259 
   00360    0.5575    -816.9868  0.3184 
   00361    0.5975    -837.1067  0.3403 
   00362    0.5550    -827.6490  0.3525 
   00363    0.5300    -833.5745  0.3432 
   00364    0.5325    -841.3506  0.3168 
   00365    0.5850    -846.1714  0.2896 
   00366    0.5700    -818.2028  0.2624 
   00367    0.5475    -870.7179  0.2609 
   00368    0.5575    -823.5375  0.2712 
   00369    0.5250    -781.9108  0.2603 
   00370    0.5975    -787.9545  0.2655 
   00371    0.5750    -792.6131  0.2641 
   00372    0.5850    -766.3649  0.2612 
   00373    0.5925    -787.9816  0.2633 
   00374    0.5425    -811.3895  0.2592 
   00375    0.6050    -751.5409  0.2983 
   00376    0.6125    -754.5148  0.3220 
   00377    0.6175    -773.5827  0.3475 
   00378    0.5725    -778.8897  0.3548 
   00379    0.5625    -788.2159  0.3337 
   00380    0.5700    -810.7807  0.3628 
   00381    0.5750    -821.2573  0.3904 
   00382    0.6025    -808.0010  0.3961 
   00383    0.5600    -851.2945  0.3968 
   00384    0.5275    -849.1341  0.4084 
   00385    0.5225    -831.2351  0.4013 
   00386    0.5750    -864.7008  0.3848 
   00387    0.5900    -836.9502  0.3410 
   00388    0.5800    -879.5085  0.3517 
   00389    0.5600    -853.8508  0.3292 
   00390    0.5800    -829.7628  0.3668 
   00391    0.5725    -850.8896  0.3920 
   00392    0.5775    -849.9466  0.3884 
   00393    0.5175    -886.8462  0.3902 
   00394    0.5450    -876.5629  0.3882 
   00395    0.5925    -827.3197  0.3761 
   00396    0.5600    -842.4537  0.3911 
   00397    0.5550    -818.5980  0.3734 
   00398    0.5150    -835.8447  0.3390 
   00399    0.6025    -809.1211  0.3412 
   00400    0.5900    -818.8762  0.3082 
   00401    0.5725    -832.3188  0.3236 
   00402    0.5700    -813.4101  0.3236 
   00403    0.5600    -800.9672  0.3048 
   00404    0.5450    -812.2708  0.2997 
   00405    0.5550    -779.7246  0.2783 
   00406    0.5750    -803.6509  0.2658 
   00407    0.5725    -838.3356  0.3323 
   00408    0.5175    -839.6294  0.3255 
   00409    0.5625    -828.4752  0.3502 
   00410    0.5600    -767.3873  0.3449 
   00411    0.5900    -781.4052  0.3116 
   00412    0.5700    -793.9272  0.3082 
   00413    0.5800    -809.5933  0.3121 
   00414    0.5475    -794.7050  0.3121 
   00415    0.5850    -810.7260  0.3679 
   00416    0.5450    -797.2902  0.4122 
   00417    0.5600    -766.2634  0.3710 
   00418    0.5800    -791.2090  0.3759 
   00419    0.5550    -816.7768  0.3947 
   00420    0.5825    -830.7805  0.3922 
   00421    0.5575    -851.8025  0.4239 
   00422    0.5625    -828.7004  0.4260 
   00423    0.5450    -843.1884  0.4520 
   00424    0.5750    -826.9724  0.4418 
   00425    0.5825    -814.9071  0.4360 
   00426    0.5575    -845.0706  0.4406 
   00427    0.5475    -826.3407  0.4688 
   00428    0.6100    -823.9537  0.4311 
   00429    0.5975    -824.3914  0.3944 
   00430    0.5700    -855.5998  0.3806 
   00431    0.5675    -861.8170  0.4076 
   00432    0.5450    -807.1345  0.3996 
   00433    0.5400    -862.5524  0.4085 
   00434    0.5450    -800.9245  0.3746 
   00435    0.5875    -808.1452  0.3605 
   00436    0.5825    -851.5015  0.3921 
   00437    0.5850    -841.3478  0.3887 
   00438    0.5600    -865.8448  0.3777 
   00439    0.5450    -815.0676  0.3752 
   00440    0.6100    -774.7932  0.3604 
   00441    0.6025    -713.8477  0.3439 
   00442    0.6300    -715.6663  0.3493 
   00443    0.6075    -717.7345  0.3585 
   00444    0.5725    -751.2461  0.3464 
   00445    0.5975    -789.7931  0.3584 
   00446    0.5425    -799.6627  0.3872 
   00447    0.6425    -825.7138  0.3894 
   00448    0.5575    -793.6518  0.3830 
   00449    0.5875    -783.4858  0.4224 
   00450    0.5900    -791.1790  0.3819 
   00451    0.6000    -843.6786  0.4047 
   00452    0.6125    -802.3832  0.3683 
   00453    0.5475    -855.3639  0.3980 
   00454    0.5500    -856.4238  0.4035 
   00455    0.5725    -786.5680  0.3725 
   00456    0.6175    -808.5478  0.3828 
   00457    0.5850    -784.9903  0.4023 
   00458    0.5825    -839.2853  0.4195 
   00459    0.5425    -865.1724  0.3826 
   00460    0.5650    -867.1634  0.4171 
   00461    0.5775    -793.9130  0.3982 
   00462    0.6425    -806.6875  0.4075 
   00463    0.5375    -800.4645  0.3776 
   00464    0.5900    -798.8475  0.3522 
   00465    0.6075    -814.9091  0.3473 
   00466    0.5700    -834.0605  0.3370 
   00467    0.5875    -849.1550  0.2892 
   00468    0.5450    -805.4669  0.3047 
   00469    0.5750    -796.1842  0.2947 
   00470    0.5825    -785.7586  0.2898 
   00471    0.5700    -822.7912  0.3052 
   00472    0.5800    -839.2407  0.3372 
   00473    0.5725    -832.0304  0.3626 
   00474    0.5625    -824.3712  0.3081 
   00475    0.5475    -822.6169  0.3001 
   00476    0.5375    -829.9177  0.2861 
   00477    0.5925    -822.1211  0.2861 
   00478    0.5575    -820.2327  0.2768 
   00479    0.5875    -764.0811  0.3029 
   00480    0.5950    -744.4041  0.3036 
   00481    0.5775    -749.0013  0.3323 
   00482    0.5850    -725.0007  0.3558 
   00483    0.6275    -756.1258  0.3390 
   00484    0.6125    -782.2435  0.3321 
   00485    0.5800    -841.5975  0.3393 
   00486    0.5400    -816.7420  0.3311 
   00487    0.5825    -810.8174  0.2795 
   00488    0.5400    -856.7140  0.2614 
   00489    0.5350    -809.9416  0.2949 
   00490    0.5850    -837.0159  0.3350 
   00491    0.5750    -851.9622  0.3675 
   00492    0.5650    -826.6702  0.3514 
   00493    0.5750    -828.4463  0.3609 
   00494    0.5800    -808.5357  0.3484 
   00495    0.5675    -832.1653  0.3645 
   00496    0.5850    -829.3785  0.3495 
   00497    0.5925    -784.2187  0.3200 
   00498    0.5925    -812.0757  0.3242 
   00499    0.5850    -774.1022  0.2811 
   00500    0.6075    -813.5104  0.2829 
   00501    0.5600    -788.4522  0.2940 
   00502    0.6100    -798.0246  0.3015 
   00503    0.5525    -825.5210  0.2920 
   00504    0.5650    -850.2190  0.3078 
   00505    0.5525    -843.5570  0.3265 
   00506    0.5575    -843.2309  0.3275 
   00507    0.5425    -843.5237  0.3546 
   00508    0.5975    -854.9448  0.3483 
   00509    0.5050    -833.1994  0.3181 
   00510    0.5375    -856.3678  0.2944 
   00511    0.5700    -901.5463  0.3225 
   00512    0.5275    -851.8942  0.3294 
   00513    0.5400    -808.3384  0.3582 
   00514    0.5225    -829.6508  0.3869 
   00515    0.6025    -829.2115  0.3690 
   00516    0.5925    -856.3109  0.4111 
   00517    0.5400    -799.8842  0.4203 
   00518    0.6000    -788.5265  0.3916 
   00519    0.6000    -760.1407  0.3384 
   00520    0.5950    -747.6956  0.3351 
   00521    0.6300    -800.1833  0.3115 
   00522    0.5725    -815.2428  0.2827 
   00523    0.5675    -780.2243  0.2986 
   00524    0.6000    -765.3869  0.2987 
   00525    0.6075    -804.6166  0.2765 
   00526    0.5775    -764.9335  0.3128 
   00527    0.6000    -806.6003  0.3575 
   00528    0.5800    -816.4135  0.3793 
   00529    0.5725    -829.7677  0.4033 
   00530    0.5700    -823.7980  0.3654 
   00531    0.5600    -831.7992  0.3875 
   00532    0.5750    -793.6747  0.3817 
   00533    0.6075    -778.7079  0.3676 
   00534    0.5625    -837.3187  0.3744 
   00535    0.5650    -827.5843  0.3808 
   00536    0.5700    -827.6725  0.3879 
   00537    0.5725    -854.1643  0.4254 
   00538    0.5525    -860.2620  0.4296 
   00539    0.5325    -844.7722  0.4174 
   00540    0.5800    -848.6235  0.4258 
   00541    0.5675    -818.8595  0.3925 
   00542    0.5850    -856.9716  0.4080 
   00543    0.5675    -828.5476  0.4191 
   00544    0.5425    -815.2625  0.4375 
   00545    0.5800    -861.5282  0.4118 
   00546    0.5650    -899.7819  0.4098 
   00547    0.5025    -895.4472  0.4042 
   00548    0.5175    -846.9481  0.3700 
   00549    0.5825    -836.4568  0.3879 
   00550    0.5725    -823.3300  0.3921 
   00551    0.6025    -859.2375  0.4441 
   00552    0.5400    -847.9350  0.4225 
   00553    0.5450    -846.4444  0.4236 
   00554    0.5375    -848.0489  0.4079 
   00555    0.5700    -774.6644  0.3797 
   00556    0.6075    -771.4352  0.3613 
   00557    0.5200    -765.9617  0.3829 
   00558    0.5650    -777.0041  0.3654 
   00559    0.6000    -780.4735  0.3583 
   00560    0.5800    -812.1172  0.3815 
   00561    0.5775    -805.6537  0.3601 
   00562    0.5775    -789.5125  0.3253 
   00563    0.5750    -793.3531  0.3001 
   00564    0.5625    -761.4509  0.3134 
   00565    0.6175    -797.7295  0.3297 
   00566    0.5725    -808.6678  0.3701 
   00567    0.5425    -803.7738  0.3819 
   00568    0.5475    -796.7068  0.4043 
   00569    0.5650    -784.2964  0.3964 
   00570    0.5650    -823.8142  0.3960 
   00571    0.5700    -857.1498  0.3723 
   00572    0.5325    -810.8315  0.3384 
   00573    0.5750    -838.9812  0.3007 
   00574    0.5650    -819.7962  0.3223 
   00575    0.5850    -836.2206  0.3348 
   00576    0.5400    -844.4975  0.3499 
   00577    0.5550    -839.8974  0.3817 
   00578    0.5675    -800.9588  0.4022 
   00579    0.5975    -840.4528  0.3961 
   00580    0.5725    -843.9065  0.4042 
   00581    0.5100    -835.3140  0.4212 
   00582    0.5800    -866.5145  0.4382 
   00583    0.5600    -895.0015  0.4350 
   00584    0.5075    -860.9522  0.4199 
   00585    0.5425    -850.6669  0.3858 
   00586    0.5700    -840.9851  0.3646 
   00587    0.5775    -830.0972  0.3622 
   00588    0.5200    -840.2949  0.3851 
   00589    0.5825    -821.5818  0.4068 
   00590    0.5875    -798.2903  0.3952 
   00591    0.5650    -783.1207  0.3752 
   00592    0.5700    -790.0654  0.3700 
   00593    0.5825    -788.6230  0.3599 
   00594    0.5925    -856.2363  0.3567 
   00595    0.5350    -861.0187  0.3677 
   00596    0.5525    -830.3467  0.3589 
   00597    0.6025    -817.6440  0.3069 
   00598    0.6200    -817.6007  0.3395 
   00599    0.5650    -797.8704  0.3524 
   00600    0.6200    -819.6177  0.3515 
   00601    0.5425    -845.4936  0.3902 
   00602    0.6175    -871.1955  0.4185 
   00603    0.5450    -847.9578  0.4345 
   00604    0.5150    -907.9484  0.4396 
   00605    0.4950    -892.5875  0.4159 
   00606    0.5450    -899.9185  0.4240 
   00607    0.5600    -867.2396  0.3679 
   00608    0.5625    -829.3911  0.3756 
   00609    0.5225    -859.1697  0.3890 
   00610    0.5525    -867.9656  0.3930 
   00611    0.5550    -839.6841  0.3947 
   00612    0.5625    -771.5599  0.3760 
   00613    0.5550    -769.7781  0.3836 
   00614    0.5675    -829.3406  0.3942 
   00615    0.5825    -778.0308  0.4018 
   00616    0.5675    -836.9137  0.4282 
   00617    0.5625    -790.0408  0.4163 
   00618    0.5850    -770.2191  0.4501 
   00619    0.5450    -771.4148  0.4375 
   00620    0.6125    -785.8495  0.4161 
   00621    0.5700    -775.9558  0.4334 
   00622    0.5850    -793.3553  0.4426 
   00623    0.5825    -759.1674  0.4252 
   00624    0.5800    -765.1881  0.4333 
   00625    0.5775    -809.0351  0.4375 
   00626    0.5925    -782.2449  0.4103 
   00627    0.5875    -801.4870  0.3965 
   00628    0.5725    -792.4915  0.3758 
   00629    0.6025    -803.3277  0.3435 
   00630    0.5650    -755.5560  0.3376 
   00631    0.5700    -782.3654  0.3524 
   00632    0.5825    -807.7206  0.3563 
   00633    0.5625    -820.3994  0.3489 
   00634    0.5625    -812.0792  0.3623 
   00635    0.5850    -811.3009  0.3322 
   00636    0.5375    -824.9169  0.3002 
   00637    0.6225    -801.0018  0.3268 
   00638    0.6075    -867.5613  0.3425 
   00639    0.5900    -865.2488  0.3417 
   00640    0.5325    -833.2943  0.3195 
   00641    0.5650    -808.9414  0.3517 
   00642    0.5950    -772.9068  0.3405 
   00643    0.5325    -798.8685  0.3851 
   00644    0.5400    -839.4560  0.3939 
   00645    0.5475    -795.6714  0.3367 
   00646    0.5700    -817.4519  0.2895 
   00647    0.6050    -838.9204  0.2957 
   00648    0.5350    -816.2144  0.3057 
   00649    0.5725    -784.3807  0.3073 
   00650    0.6000    -813.6411  0.3062 
   00651    0.5100    -866.0761  0.2923 
   00652    0.5825    -837.6302  0.2947 
   00653    0.5400    -853.8552  0.2723 
   00654    0.5200    -873.9725  0.2822 
   00655    0.5575    -870.9498  0.2614 
   00656    0.6325    -765.1765  0.2965 
   00657    0.5500    -795.6864  0.2831 
   00658    0.5500    -769.8334  0.2686 
   00659    0.6175    -727.3917  0.2802 
   00660    0.6125    -756.2645  0.2864 
   00661    0.5525    -777.1567  0.2724 
   00662    0.5550    -747.4998  0.3046 
   00663    0.5675    -785.4453  0.3239 
   00664    0.5275    -780.8715  0.3096 
   00665    0.6225    -748.2953  0.2905 
   00666    0.5775    -769.6211  0.2818 
   00667    0.6200    -794.2900  0.2907 
   00668    0.5800    -779.7872  0.3052 
   00669    0.5625    -759.1961  0.3071 
   00670    0.5700    -788.1917  0.3154 
   00671    0.5650    -774.3197  0.3054 
   00672    0.5700    -760.1225  0.2729 
   00673    0.5700    -776.0349  0.2930 
   00674    0.6075    -782.8192  0.2821 
   00675    0.5425    -808.9686  0.2760 
   00676    0.5850    -784.3670  0.2958 
   00677    0.6175    -801.9721  0.2938 
   00678    0.6000    -805.0223  0.2862 
   00679    0.5625    -803.3082  0.2708 
   00680    0.5450    -817.1548  0.2695 
   00681    0.5650    -842.9937  0.2746 
   00682    0.5825    -833.8673  0.2785 
   00683    0.6150    -796.5298  0.2968 
   00684    0.5775    -793.4554  0.3148 
   00685    0.5650    -764.7550  0.3394 
   00686    0.6400    -763.5280  0.3449 
   00687    0.6050    -848.8473  0.3768 
   00688    0.5250    -826.7372  0.3820 
   00689    0.5675    -801.3818  0.3688 
   00690    0.5925    -771.6793  0.3934 
   00691    0.5700    -796.9061  0.3344 
   00692    0.5675    -768.7929  0.3536 
   00693    0.5400    -779.5542  0.3711 
   00694    0.6475    -824.2124  0.3118 
   00695    0.5800    -847.1579  0.3253 
   00696    0.5750    -825.8002  0.3234 
   00697    0.5975    -824.8928  0.3046 
   00698    0.5950    -790.6542  0.3411 
   00699    0.5650    -824.4932  0.3113 
   00700    0.5850    -810.0413  0.2925 
   00701    0.6075    -825.7079  0.3379 
   00702    0.5350    -836.7210  0.3459 
   00703    0.5700    -812.9365  0.3416 
   00704    0.5750    -821.6492  0.3781 
   00705    0.5675    -818.3421  0.3357 
   00706    0.5525    -827.1405  0.3197 
   00707    0.5850    -807.7530  0.3185 
   00708    0.5450    -805.5600  0.2768 
   00709    0.5450    -836.4653  0.2712 
   00710    0.5750    -806.2880  0.3154 
   00711    0.5500    -800.6329  0.3078 
   00712    0.6250    -793.4038  0.2724 
   00713    0.5575    -782.3975  0.2906 
   00714    0.5950    -757.6506  0.2980 
   00715    0.6075    -767.7536  0.3080 
   00716    0.5925    -776.1094  0.3019 
   00717    0.6600    -754.4507  0.2806 
   00718    0.5800    -779.4710  0.2543 
   00719    0.5750    -768.4735  0.2738 
   00720    0.6000    -821.9437  0.2527 
   00721    0.6050    -841.9432  0.2643 
   00722    0.5575    -857.5319  0.2794 
   00723    0.5775    -828.4697  0.2884 
   00724    0.5500    -819.1772  0.3172 
   00725    0.5975    -830.0762  0.3402 
   00726    0.5525    -864.7226  0.3844 
   00727    0.5325    -901.7349  0.3997 
   00728    0.5150    -828.5934  0.3580 
   00729    0.5475    -872.8685  0.3850 
   00730    0.5925    -803.7573  0.3548 
   00731    0.5975    -772.2473  0.3434 
   00732    0.5975    -834.3506  0.3492 
   00733    0.5500    -839.4753  0.3421 
   00734    0.5775    -813.6752  0.3468 
   00735    0.5625    -851.6553  0.3814 
   00736    0.5550    -832.3087  0.3662 
   00737    0.5400    -857.4201  0.3956 
   00738    0.5575    -865.2850  0.4091 
   00739    0.5275    -878.7004  0.4231 
   00740    0.5150    -851.7204  0.4286 
   00741    0.5050    -866.7634  0.3922 
   00742    0.5350    -850.1310  0.3892 
   00743    0.5575    -856.3631  0.4073 
   00744    0.5600    -828.4005  0.3975 
   00745    0.5975    -803.3534  0.4020 
   00746    0.5650    -793.3971  0.3903 
   00747    0.5700    -822.7256  0.3760 
   00748    0.5275    -850.1798  0.3613 
   00749    0.5675    -845.5554  0.3594 
   00750    0.5000    -877.1091  0.3651 
   00751    0.5925    -829.4495  0.3366 
   00752    0.5825    -795.7365  0.3480 
   00753    0.5900    -801.2795  0.3731 
   00754    0.5775    -871.6157  0.3584 
   00755    0.6200    -855.7968  0.3691 
   00756    0.5725    -805.3953  0.3585 
   00757    0.5550    -826.9889  0.3800 
   00758    0.5550    -829.4782  0.3771 
   00759    0.5950    -821.6927  0.4133 
   00760    0.5975    -827.4087  0.3985 
   00761    0.5575    -793.0852  0.4070 
   00762    0.5675    -848.7342  0.4046 
   00763    0.5550    -829.3265  0.4232 
   00764    0.5275    -821.1243  0.4215 
   00765    0.6050    -840.3382  0.4091 
   00766    0.5425    -789.1611  0.3976 
   00767    0.6050    -756.3190  0.3452 
   00768    0.6325    -744.5924  0.2865 
   00769    0.6400    -752.7779  0.2989 
   00770    0.6125    -785.0423  0.3314 
   00771    0.6475    -784.3591  0.3017 
   00772    0.5325    -820.8502  0.2975 
   00773    0.5975    -797.8635  0.3193 
   00774    0.5775    -794.7356  0.2780 
   00775    0.5625    -840.3503  0.3239 
   00776    0.5450    -845.8535  0.3404 
   00777    0.5475    -842.8963  0.3491 
   00778    0.5475    -848.3514  0.3096 
   00779    0.5900    -828.1081  0.2949 
   00780    0.5500    -812.4075  0.3284 
   00781    0.5700    -808.9928  0.3165 
   00782    0.5450    -824.6340  0.3255 
   00783    0.5700    -860.6540  0.3554 
   00784    0.5650    -826.8704  0.3598 
   00785    0.5550    -835.8973  0.3701 
   00786    0.5600    -840.8513  0.3150 
   00787    0.5825    -821.7377  0.3282 
   00788    0.6100    -792.7366  0.3052 
   00789    0.5700    -784.9849  0.2844 
   00790    0.5900    -807.2857  0.2769 
   00791    0.5300    -828.4214  0.2894 
   00792    0.6025    -820.0377  0.2811 
   00793    0.5575    -836.1171  0.3044 
   00794    0.5425    -819.8950  0.3174 
   00795    0.5800    -809.4475  0.2796 
   00796    0.5625    -812.8756  0.3179 
   00797    0.5775    -786.0952  0.2804 
   00798    0.5900    -802.1888  0.2784 
   00799    0.5375    -806.9342  0.2880 
   00800    0.5400    -834.9534  0.3082 
   00801    0.5500    -846.3729  0.3259 
   00802    0.5700    -786.4550  0.3548 
   00803    0.6025    -809.7344  0.3414 
   00804    0.5375    -774.0133  0.3284 
   00805    0.6050    -794.1999  0.3211 
   00806    0.5850    -798.6940  0.3324 
   00807    0.5725    -831.3317  0.2925 
   00808    0.5750    -799.5730  0.3042 
   00809    0.5875    -804.0516  0.3178 
   00810    0.5975    -809.2537  0.3035 
   00811    0.5925    -813.5958  0.3449 
   00812    0.5325    -859.4239  0.3521 
   00813    0.5500    -815.3026  0.3451 
   00814    0.5900    -795.2368  0.3309 
   00815    0.6025    -783.5156  0.3250 
   00816    0.5675    -807.5396  0.3342 
   00817    0.5750    -804.3712  0.3793 
   00818    0.5800    -799.7489  0.3330 
   00819    0.5400    -808.3232  0.3326 
   00820    0.5800    -859.1327  0.3349 
   00821    0.5625    -836.6633  0.3450 
   00822    0.5425    -826.5644  0.3229 
   00823    0.5600    -812.4772  0.3186 
   00824    0.6000    -815.8746  0.3493 
   00825    0.5825    -780.6251  0.3596 
   00826    0.5775    -802.7754  0.3640 
   00827    0.5875    -788.1966  0.3354 
   00828    0.5875    -836.0794  0.3471 
   00829    0.5500    -824.2405  0.3818 
   00830    0.6125    -812.5419  0.3571 
   00831    0.5175    -870.7778  0.3892 
   00832    0.5525    -871.3552  0.3901 
   00833    0.4850    -863.6003  0.4111 
   00834    0.5550    -885.9323  0.4523 
   00835    0.5225    -871.0095  0.4459 
   00836    0.5750    -850.7562  0.4167 
   00837    0.5525    -822.1242  0.4347 
   00838    0.5800    -800.5230  0.4449 
   00839    0.4950    -859.2507  0.4790 
   00840    0.5200    -829.8294  0.4224 
   00841    0.5750    -834.9167  0.4295 
   00842    0.5625    -866.6653  0.4434 
   00843    0.5500    -882.7695  0.4404 
   00844    0.5500    -887.2977  0.4373 
   00845    0.5600    -854.0748  0.4149 
   00846    0.5450    -827.2873  0.3512 
   00847    0.5475    -853.1405  0.3368 
   00848    0.5700    -816.7679  0.3552 
   00849    0.5950    -787.3194  0.3271 
   00850    0.5650    -814.1163  0.2807 
   00851    0.5900    -784.0726  0.2882 
   00852    0.6175    -804.5741  0.3084 
   00853    0.5250    -815.2099  0.3110 
   00854    0.5675    -811.4581  0.3305 
   00855    0.5925    -780.5210  0.3093 
   00856    0.5825    -805.5152  0.2969 
   00857    0.5725    -802.5167  0.2996 
   00858    0.5100    -828.1827  0.3297 
   00859    0.5300    -841.8351  0.3395 
   00860    0.5375    -766.4173  0.3524 
   00861    0.6000    -756.5658  0.3447 
   00862    0.6000    -785.1196  0.3324 
   00863    0.6050    -827.4061  0.3394 
   00864    0.5375    -828.5958  0.3247 
   00865    0.5275    -799.0586  0.3161 
   00866    0.5950    -830.6657  0.3098 
   00867    0.5725    -893.7711  0.3619 
   00868    0.5225    -872.9498  0.3636 
   00869    0.5575    -857.5777  0.3755 
   00870    0.5300    -888.4145  0.3706 
   00871    0.5475    -875.8386  0.3760 
   00872    0.4950    -886.9718  0.3955 
   00873    0.5275    -856.9165  0.3977 
   00874    0.5100    -871.8128  0.3790 
   00875    0.5550    -855.9854  0.3597 
   00876    0.5150    -886.2875  0.3866 
   00877    0.5275    -904.1119  0.4044 
   00878    0.5500    -902.9878  0.4153 
   00879    0.5450    -865.0457  0.3752 
   00880    0.5425    -835.7395  0.3659 
   00881    0.5700    -815.3354  0.3188 
   00882    0.5800    -829.6172  0.3349 
   00883    0.5325    -824.0916  0.3382 
   00884    0.5300    -840.0068  0.3581 
   00885    0.5350    -818.6943  0.3495 
   00886    0.5675    -829.2284  0.3127 
   00887    0.5550    -881.6346  0.3011 
   00888    0.5525    -876.2600  0.3077 
   00889    0.5400    -882.4122  0.2907 
   00890    0.5250    -829.7318  0.3151 
   00891    0.5775    -820.0866  0.2923 
   00892    0.5825    -794.2942  0.2603 
   00893    0.5600    -770.8204  0.2656 
   00894    0.6250    -778.3571  0.2859 
   00895    0.6100    -785.0365  0.2857 
   00896    0.6000    -756.6952  0.2751 
   00897    0.5950    -784.4895  0.3099 
   00898    0.5950    -830.8972  0.3063 
   00899    0.5675    -827.2937  0.3116 
   00900    0.6250    -787.3125  0.3169 
   00901    0.5750    -792.1986  0.3262 
   00902    0.5925    -746.0790  0.3429 
   00903    0.5800    -796.4054  0.3334 
   00904    0.5925    -779.2956  0.3127 
   00905    0.5775    -795.7778  0.3244 
   00906    0.5350    -822.0979  0.3065 
   00907    0.5400    -864.4217  0.3693 
   00908    0.5375    -860.5782  0.3677 
   00909    0.5475    -907.7024  0.3593 
   00910    0.5375    -899.3807  0.3568 
   00911    0.5000    -911.5525  0.3673 
   00912    0.5150    -868.5989  0.3614 
   00913    0.5375    -890.6776  0.3415 
   00914    0.5500    -822.9890  0.3708 
   00915    0.5375    -823.3686  0.3307 
   00916    0.5725    -839.1220  0.3328 
   00917    0.5775    -852.8524  0.3238 
   00918    0.5675    -827.4125  0.3229 
   00919    0.5775    -833.4112  0.3281 
   00920    0.5300    -846.7399  0.2754 
   00921    0.5575    -802.8678  0.2773 
   00922    0.6025    -782.9489  0.2876 
   00923    0.5625    -771.7366  0.2662 
   00924    0.6175    -768.3331  0.3019 
   00925    0.5250    -805.6031  0.2829 
   00926    0.5700    -850.9475  0.2960 
   00927    0.6225    -828.5695  0.2896 
   00928    0.5925    -791.6705  0.2911 
   00929    0.6125    -776.6604  0.2865 
   00930    0.6325    -721.3869  0.2722 
   00931    0.6300    -742.2235  0.3270 
   00932    0.5675    -776.0816  0.3001 
   00933    0.5825    -784.4042  0.3077 
   00934    0.6050    -768.8615  0.3360 
   00935    0.5750    -811.8831  0.3224 
   00936    0.5975    -793.5462  0.3088 
   00937    0.5425    -814.7785  0.2877 
   00938    0.5575    -841.8139  0.3170 
   00939    0.5700    -828.8999  0.3188 
   00940    0.6000    -793.6318  0.3480 
   00941    0.5475    -776.4534  0.3221 
   00942    0.5950    -793.0469  0.2881 
   00943    0.5675    -746.9159  0.3102 
   00944    0.5950    -764.8860  0.3394 
   00945    0.5675    -747.3802  0.3550 
   00946    0.6200    -806.4302  0.3471 
   00947    0.5950    -799.2453  0.3117 
   00948    0.5575    -790.8901  0.3254 
   00949    0.5475    -779.3502  0.3555 
   00950    0.5900    -769.9276  0.3164 
   00951    0.5825    -757.4368  0.2857 
   00952    0.5875    -771.1649  0.2725 
   00953    0.6075    -784.1822  0.2748 
   00954    0.6125    -754.6626  0.3046 
   00955    0.6075    -732.0654  0.2858 
   00956    0.6550    -761.0361  0.2899 
   00957    0.5700    -763.4441  0.3082 
   00958    0.6500    -723.7776  0.3014 
   00959    0.5925    -735.7290  0.3026 
   00960    0.6050    -808.9519  0.3177 
   00961    0.6000    -775.4950  0.3316 
   00962    0.5800    -822.7707  0.3231 
   00963    0.5725    -781.4698  0.2815 
   00964    0.6150    -781.7370  0.3124 
   00965    0.6075    -850.8353  0.3525 
   00966    0.5725    -808.5872  0.3616 
   00967    0.5700    -794.4768  0.3833 
   00968    0.5500    -793.0546  0.3755 
   00969    0.5475    -795.2088  0.4073 
   00970    0.5900    -806.5253  0.3773 
   00971    0.5450    -813.2185  0.4048 
   00972    0.5725    -804.6401  0.3734 
   00973    0.5675    -783.5250  0.3397 
   00974    0.5550    -789.1045  0.3352 
   00975    0.5850    -807.3725  0.3435 
   00976    0.5575    -799.7508  0.3437 
   00977    0.5475    -813.8530  0.3460 
   00978    0.5475    -803.9229  0.3557 
   00979    0.5750    -798.6662  0.3729 
   00980    0.5725    -841.4635  0.3795 
   00981    0.5250    -816.7868  0.3804 
   00982    0.5925    -841.3660  0.3877 
   00983    0.5325    -866.3558  0.3832 
   00984    0.5425    -834.3159  0.3857 
   00985    0.5525    -824.3474  0.3808 
   00986    0.5650    -804.9064  0.3467 
   00987    0.6025    -814.9971  0.3611 
   00988    0.5650    -858.3664  0.3361 
   00989    0.5275    -864.8742  0.4193 
   00990    0.5425    -785.0185  0.3861 
   00991    0.5925    -728.5956  0.3766 
   00992    0.5700    -788.3490  0.3685 
   00993    0.5800    -783.8342  0.3822 
   00994    0.5850    -817.0655  0.3414 
   00995    0.5700    -789.9336  0.3550 
   00996    0.5525    -786.7854  0.3835 
   00997    0.5500    -781.8280  0.3833 
   00998    0.6025    -780.5410  0.3503 
   00999    0.5625    -791.1069  0.3583 
   01000    0.5750    -801.8728  0.3371 
