#=====================================================
# File created:        Mon-03-Nov-2025-at-01-41-18AM
# Size of lattice:     20x20
# Number of MC steps:  1000
# Reduced temperature: 0.350
# Run time (s):        7.512458
#=====================================================
# MC step:  Ratio:     Energy:   Order:
#=====================================================
   00000    0.5000    -363.0415  0.2617 
   00001    0.6925    -562.1775  0.2806 
   00002    0.6325    -714.0185  0.2883 
   00003    0.5825    -809.5462  0.2792 
   00004    0.6425    -859.9059  0.2948 
   00005    0.5450    -919.5257  0.3068 
   00006    0.5750    -965.4496  0.3251 
   00007    0.5925    -989.7679  0.3390 
   00008    0.5775   -1029.0763  0.3494 
   00009    0.5225   -1066.2261  0.3610 
   00010    0.4925   -1076.7811  0.3621 
   00011    0.5225   -1116.5925  0.3786 
   00012    0.4825   -1136.8092  0.3918 
   00013    0.5475   -1160.5822  0.3962 
   00014    0.4625   -1182.4356  0.3995 
   00015    0.4800   -1183.4196  0.4091 
   00016    0.4425   -1188.0972  0.4133 
   00017    0.4750   -1197.1468  0.4117 
   00018    0.4875   -1202.4791  0.4121 
   00019    0.4525   -1227.9926  0.4204 
   00020    0.4075   -1225.2894  0.4366 
   00021    0.5125   -1262.7500  0.4258 
   00022    0.4525   -1277.3458  0.4200 
   00023    0.4575   -1307.9234  0.4151 
   00024    0.4600   -1311.6225  0.4035 
   00025    0.4950   -1309.9752  0.4079 
   00026    0.4725   -1320.4590  0.4106 
   00027    0.4500   -1309.7167  0.4054 
   00028    0.4850   -1325.2213  0.4091 
   00029    0.4625   -1326.5071  0.4277 
   00030    0.4700   -1335.6116  0.4165 
   00031    0.4025   -1342.4240  0.4105 
   00032    0.4575   -1337.2998  0.4123 
   00033    0.4375   -1336.0578  0.4250 
   00034    0.4625   -1342.7401  0.4499 
   00035    0.4250   -1351.9530  0.4530 
   00036    0.4225   -1351.9465  0.4527 
   00037    0.4625   -1360.2255  0.4490 
   00038    0.4425   -1365.7274  0.4544 
   00039    0.4475   -1374.7389  0.4399 
   00040    0.4375   -1375.7905  0.4413 
   00041    0.3950   -1364.4546  0.4329 
   00042    0.4750   -1362.5599  0.4396 
   00043    0.4650   -1370.1040  0.4441 
   00044    0.4400   -1372.0162  0.4382 
   00045    0.4475   -1376.9566  0.4451 
   00046    0.4550   -1373.3057  0.4509 
   00047    0.4475   -1371.2292  0.4481 
   00048    0.4350   -1373.5555  0.4595 
   00049    0.4625   -1384.3726  0.4703 
   00050    0.4500   -1377.4164  0.4703 
   00051    0.4450   -1381.2151  0.4707 
   00052    0.4550   -1390.7050  0.4776 
   00053    0.4300   -1394.4734  0.4868 
   00054    0.4275   -1400.5800  0.4897 
   00055    0.4675   -1388.8940  0.4829 
   00056    0.4375   -1386.4609  0.4880 
   00057    0.4250   -1388.3948  0.4784 
   00058    0.5000   -1389.6198  0.4851 
   00059    0.4550   -1388.3824  0.4799 
   00060    0.4350   -1383.9884  0.4799 
   00061    0.5100   -1391.9895  0.4655 
   00062    0.4350   -1381.2689  0.4619 
   00063    0.4350   -1383.3086  0.4645 
   00064    0.4475   -1388.9382  0.4688 
   00065    0.4650   -1379.4291  0.4605 
   00066    0.4875   -1374.2902  0.4769 
   00067    0.4650   -1378.8602  0.4766 
   00068    0.4775   -1394.7065  0.4739 
   00069    0.4250   -1386.0030  0.4593 
   00070    0.4325   -1386.5615  0.4678 
   00071    0.4525   -1385.1015  0.4635 
   00072    0.4350   -1388.2246  0.4652 
   00073    0.4600   -1379.9131  0.4704 
   00074    0.4375   -1383.6664  0.4718 
   00075    0.4300   -1377.0048  0.4802 
   00076    0.4150   -1373.2103  0.4787 
   00077    0.4400   -1390.5767  0.4813 
   00078    0.4475   -1386.5446  0.4811 
   00079    0.4000   -1398.5252  0.4857 
   00080    0.4475   -1401.3267  0.4878 
   00081    0.4575   -1405.9798  0.4800 
   00082    0.4675   -1411.3251  0.4801 
   00083    0.4200   -1408.5040  0.4801 
   00084    0.4200   -1407.9512  0.4782 
   00085    0.4350   -1413.4481  0.4924 
   00086    0.4525   -1406.3856  0.4944 
   00087    0.3875   -1404.2222  0.5057 
   00088    0.5025   -1413.7848  0.5236 
   00089    0.4200   -1410.8255  0.5210 
   00090    0.4725   -1404.9762  0.5267 
   00091    0.4450   -1414.8073  0.5278 
   00092    0.4750   -1415.7884  0.5256 
   00093    0.4200   -1416.1207  0.5320 
   00094    0.4725   -1416.4251  0.5311 
   00095    0.4675   -1408.2293  0.5297 
   00096    0.4525   -1408.8078  0.5349 
   00097    0.4300   -1411.3048  0.5264 
   00098    0.4125   -1401.8741  0.5214 
   00099    0.4325   -1402.4019  0.5147 
   00100    0.4025   -1401.3010  0.5249 
   00101    0.4125   -1384.7206  0.5225 
   00102    0.4500   -1383.6333  0.5107 
   00103    0.4800   -1381.4021  0.5210 
   00104    0.4150   -1375.0128  0.5116 
   00105    0.4425   -1374.6617  0.5205 
   00106    0.4425   -1382.3459  0.5325 
   00107    0.4575   -1376.0319  0.5351 
   00108    0.4400   -1382.3627  0.5402 
   00109    0.4775   -1382.8340  0.5437 
   00110    0.4300   -1381.6472  0.5618 
   00111    0.4175   -1384.7909  0.5690 
   00112    0.4600   -1376.5451  0.5690 
   00113    0.4575   -1392.1994  0.5740 
   00114    0.4625   -1374.3344  0.5737 
   00115    0.3900   -1375.2553  0.5852 
   00116    0.4325   -1373.4374  0.5911 
   00117    0.4175   -1366.3907  0.5861 
   00118    0.4650   -1364.8233  0.5965 
   00119    0.4100   -1372.9927  0.5871 
   00120    0.4975   -1388.1290  0.5983 
   00121    0.4500   -1399.8873  0.6010 
   00122    0.4450   -1395.3511  0.5902 
   00123    0.4750   -1381.8330  0.5904 
   00124    0.4300   -1377.2201  0.5911 
   00125    0.4475   -1386.1672  0.5918 
   00126    0.4150   -1387.6215  0.5915 
   00127    0.4050   -1379.1674  0.5871 
   00128    0.4325   -1384.0085  0.5955 
   00129    0.4450   -1373.2293  0.5861 
   00130    0.4500   -1376.2405  0.5896 
   00131    0.4325   -1404.5856  0.6045 
   00132    0.4000   -1405.2686  0.6120 
   00133    0.4450   -1390.6112  0.6081 
   00134    0.4475   -1395.1926  0.5970 
   00135    0.4700   -1411.6987  0.5960 
   00136    0.4600   -1409.1181  0.5971 
   00137    0.4400   -1403.1630  0.6012 
   00138    0.4800   -1400.4681  0.6000 
   00139    0.4525   -1398.5405  0.6071 
   00140    0.4000   -1396.8414  0.5963 
   00141    0.4300   -1393.8912  0.5932 
   00142    0.4525   -1397.9975  0.5999 
   00143    0.4650   -1405.7367  0.6169 
   00144    0.4075   -1413.9919  0.6173 
   00145    0.4100   -1400.9527  0.6227 
   00146    0.4725   -1413.9033  0.6255 
   00147    0.4125   -1419.5707  0.6169 
   00148    0.4675   -1410.1901  0.6180 
   00149    0.4725   -1410.8450  0.6205 
   00150    0.4500   -1413.1341  0.6218 
   00151    0.4375   -1407.0303  0.6240 
   00152    0.4300   -1408.0827  0.6208 
   00153    0.4300   -1408.6707  0.6116 
   00154    0.4825   -1409.8699  0.6103 
   00155    0.4375   -1417.0286  0.6131 
   00156    0.4325   -1415.6354  0.6116 
   00157    0.4425   -1413.9535  0.6094 
   00158    0.4425   -1414.0242  0.6055 
   00159    0.4350   -1410.6284  0.6136 
   00160    0.4100   -1420.8837  0.5968 
   00161    0.4250   -1408.4854  0.5950 
   00162    0.4425   -1403.1206  0.5999 
   00163    0.4275   -1411.3991  0.5934 
   00164    0.3975   -1416.2934  0.5932 
   00165    0.3850   -1404.6755  0.5875 
   00166    0.4125   -1406.9882  0.5972 
   00167    0.4500   -1417.4959  0.6085 
   00168    0.4500   -1417.7131  0.6067 
   00169    0.4400   -1423.6921  0.6019 
   00170    0.4200   -1411.0762  0.5965 
   00171    0.4200   -1405.4583  0.6048 
   00172    0.4625   -1408.9100  0.6136 
   00173    0.4350   -1410.7432  0.6171 
   00174    0.4625   -1423.4451  0.6196 
   00175    0.4525   -1417.4926  0.6251 
   00176    0.4700   -1409.6931  0.6346 
   00177    0.4350   -1412.7371  0.6338 
   00178    0.3850   -1413.0634  0.6394 
   00179    0.4275   -1411.8844  0.6455 
   00180    0.4350   -1409.7628  0.6325 
   00181    0.4400   -1415.1365  0.6309 
   00182    0.4475   -1399.0960  0.6270 
   00183    0.3975   -1408.8202  0.6243 
   00184    0.4300   -1408.1404  0.6134 
   00185    0.4075   -1427.4732  0.6170 
   00186    0.4475   -1425.6695  0.6060 
   00187    0.4575   -1421.0890  0.6125 
   00188    0.4125   -1420.1714  0.6170 
   00189    0.4500   -1409.4517  0.6047 
   00190    0.4525   -1417.8320  0.6042 
   00191    0.4150   -1420.7680  0.6083 
   00192    0.3650   -1418.5254  0.6026 
   00193    0.4600   -1408.0974  0.6009 
   00194    0.4075   -1414.5777  0.5920 
   00195    0.4425   -1417.2784  0.5904 
   00196    0.4325   -1400.2202  0.5967 
   00197    0.4700   -1399.8187  0.6005 
   00198    0.4350   -1399.5261  0.6001 
   00199    0.4525   -1403.5347  0.6051 
   00200    0.4925   -1395.1633  0.6021 
   00201    0.4175   -1401.1767  0.6048 
   00202    0.3950   -1410.0451  0.6007 
   00203    0.4900   -1411.4924  0.5994 
   00204    0.4425   -1408.0560  0.6067 
   00205    0.4425   -1409.5273  0.5971 
   00206    0.4375   -1413.7241  0.5967 
   00207    0.4250   -1401.2018  0.5839 
   00208    0.3975   -1397.8978  0.5959 
   00209    0.4225   -1404.2008  0.5873 
   00210    0.4275   -1401.9901  0.6064 
   00211    0.4675   -1407.2454  0.6084 
   00212    0.4075   -1404.5913  0.6107 
   00213    0.4000   -1411.6138  0.6178 
   00214    0.4200   -1409.0662  0.6185 
   00215    0.4325   -1415.4332  0.6203 
   00216    0.4300   -1411.6440  0.6263 
   00217    0.4375   -1408.1143  0.6273 
   00218    0.4650   -1415.9877  0.6296 
   00219    0.4075   -1419.1175  0.6335 
   00220    0.4125   -1411.2086  0.6354 
   00221    0.4325   -1403.4729  0.6426 
   00222    0.4650   -1393.1172  0.6511 
   00223    0.4350   -1400.4586  0.6375 
   00224    0.4250   -1408.1843  0.6385 
   00225    0.4000   -1413.5845  0.6339 
   00226    0.4475   -1417.2200  0.6375 
   00227    0.4500   -1417.5462  0.6479 
   00228    0.4500   -1413.0314  0.6290 
   00229    0.4225   -1432.2009  0.6319 
   00230    0.4475   -1436.8514  0.6420 
   00231    0.4150   -1430.5123  0.6472 
   00232    0.4450   -1428.4042  0.6510 
   00233    0.3775   -1423.8869  0.6402 
   00234    0.4425   -1416.7597  0.6335 
   00235    0.4750   -1422.2559  0.6248 
   00236    0.4350   -1412.8632  0.6179 
   00237    0.4525   -1409.7752  0.6141 
   00238    0.4375   -1416.9291  0.6159 
   00239    0.4250   -1414.3403  0.6162 
   00240    0.4675   -1422.1824  0.6131 
   00241    0.4475   -1421.0309  0.6265 
   00242    0.3875   -1414.0671  0.6256 
   00243    0.4425   -1420.4733  0.6254 
   00244    0.4500   -1420.9678  0.6231 
   00245    0.4300   -1416.7301  0.6100 
   00246    0.4550   -1422.1938  0.6208 
   00247    0.4800   -1432.5305  0.6196 
   00248    0.4175   -1419.0276  0.6137 
   00249    0.4600   -1417.5161  0.6144 
   00250    0.4500   -1429.8805  0.6286 
   00251    0.4400   -1422.9346  0.6405 
   00252    0.4425   -1419.2759  0.6452 
   00253    0.4300   -1429.7792  0.6457 
   00254    0.4300   -1418.2594  0.6444 
   00255    0.3800   -1409.8948  0.6504 
   00256    0.4600   -1419.0058  0.6575 
   00257    0.4550   -1412.7466  0.6466 
   00258    0.4500   -1418.6583  0.6582 
   00259    0.4550   -1410.8306  0.6545 
   00260    0.3950   -1416.3170  0.6529 
   00261    0.4550   -1425.7608  0.6577 
   00262    0.4650   -1417.6628  0.6576 
   00263    0.4250   -1404.4548  0.6598 
   00264    0.4550   -1402.1055  0.6638 
   00265    0.4375   -1407.1115  0.6685 
   00266    0.4700   -1401.7278  0.6669 
   00267    0.4425   -1377.5283  0.6600 
   00268    0.4325   -1387.4965  0.6636 
   00269    0.4450   -1392.9959  0.6715 
   00270    0.4950   -1384.6434  0.6749 
   00271    0.4175   -1390.3679  0.6682 
   00272    0.4400   -1394.0048  0.6793 
   00273    0.4450   -1392.9325  0.6753 
   00274    0.4500   -1385.4451  0.6727 
   00275    0.4150   -1398.4188  0.6686 
   00276    0.3925   -1399.3386  0.6646 
   00277    0.4400   -1417.8466  0.6715 
   00278    0.3950   -1424.1510  0.6832 
   00279    0.3850   -1426.5722  0.6924 
   00280    0.4250   -1427.6383  0.6980 
   00281    0.4200   -1416.5456  0.6912 
   00282    0.4350   -1415.2903  0.6953 
   00283    0.4550   -1409.9490  0.6916 
   00284    0.4675   -1420.1084  0.6940 
   00285    0.4675   -1410.1786  0.6942 
   00286    0.4750   -1405.0508  0.7002 
   00287    0.4500   -1409.5916  0.7088 
   00288    0.4175   -1419.7892  0.7049 
   00289    0.4325   -1423.0552  0.6906 
   00290    0.4550   -1419.5789  0.6861 
   00291    0.4575   -1420.4721  0.6856 
   00292    0.4125   -1421.5583  0.6861 
   00293    0.4200   -1427.7229  0.6850 
   00294    0.4175   -1430.7313  0.6822 
   00295    0.4125   -1425.6732  0.6772 
   00296    0.4300   -1419.4074  0.6731 
   00297    0.4825   -1423.3127  0.6921 
   00298    0.4250   -1429.5822  0.6916 
   00299    0.4250   -1426.5929  0.6834 
   00300    0.4225   -1426.3124  0.6705 
   00301    0.4450   -1427.8511  0.6642 
   00302    0.4300   -1427.7154  0.6637 
   00303    0.4600   -1427.0344  0.6667 
   00304    0.4350   -1424.8398  0.6600 
   00305    0.4775   -1434.0744  0.6536 
   00306    0.3950   -1421.1951  0.6419 
   00307    0.4300   -1404.3957  0.6282 
   00308    0.4275   -1405.7091  0.6260 
   00309    0.3900   -1421.5788  0.6450 
   00310    0.4600   -1423.9194  0.6404 
   00311    0.4325   -1423.5556  0.6433 
   00312    0.4225   -1400.4900  0.6386 
   00313    0.4100   -1416.9282  0.6406 
   00314    0.4425   -1418.3236  0.6465 
   00315    0.4900   -1410.7142  0.6469 
   00316    0.4475   -1398.3271  0.6428 
   00317    0.4475   -1403.8965  0.6496 
   00318    0.4475   -1406.7522  0.6417 
   00319    0.4875   -1402.6109  0.6490 
   00320    0.4400   -1398.5883  0.6528 
   00321    0.4525   -1404.1884  0.6604 
   00322    0.4525   -1409.6888  0.6629 
   00323    0.4275   -1416.0536  0.6565 
   00324    0.4950   -1416.8151  0.6532 
   00325    0.4325   -1419.1283  0.6548 
   00326    0.4500   -1423.4980  0.6662 
   00327    0.4475   -1420.1019  0.6578 
   00328    0.4125   -1423.0420  0.6519 
   00329    0.4375   -1408.2189  0.6456 
   00330    0.4525   -1411.9714  0.6472 
   00331    0.4100   -1414.2964  0.6587 
   00332    0.4375   -1411.0766  0.6460 
   00333    0.4175   -1413.4275  0.6347 
   00334    0.4400   -1414.2465  0.6522 
   00335    0.4700   -1423.8459  0.6629 
   00336    0.4375   -1405.2399  0.6731 
   00337    0.4500   -1404.2072  0.6834 
   00338    0.4650   -1407.8892  0.6855 
   00339    0.4425   -1403.4329  0.6761 
   00340    0.4550   -1407.1697  0.6739 
   00341    0.4450   -1417.4354  0.6837 
   00342    0.4275   -1417.9801  0.6833 
   00343    0.4400   -1418.8113  0.6761 
   00344    0.4125   -1412.1304  0.6762 
   00345    0.3825   -1406.3863  0.6689 
   00346    0.4625   -1409.7330  0.6636 
   00347    0.4325   -1399.0132  0.6647 
   00348    0.4450   -1399.3692  0.6528 
   00349    0.4600   -1397.6063  0.6657 
   00350    0.4525   -1399.7678  0.6751 
   00351    0.4550   -1416.4004  0.6787 
   00352    0.4275   -1418.0055  0.6827 
   00353    0.4150   -1415.9163  0.6823 
   00354    0.4225   -1408.3959  0.6580 
   00355    0.4325   -1407.0070  0.6598 
   00356    0.4100   -1418.5442  0.6637 
   00357    0.4050   -1417.8175  0.6654 
   00358    0.4250   -1414.1762  0.6646 
   00359    0.4375   -1424.4062  0.6875 
   00360    0.3975   -1421.1437  0.6894 
   00361    0.4600   -1417.3458  0.6959 
   00362    0.4175   -1412.8409  0.6981 
   00363    0.3850   -1419.9294  0.6967 
   00364    0.4250   -1427.4396  0.6962 
   00365    0.4125   -1421.1717  0.6916 
   00366    0.4375   -1398.6716  0.6941 
   00367    0.4375   -1403.5037  0.7108 
   00368    0.4525   -1408.5370  0.7186 
   00369    0.4600   -1406.9363  0.7286 
   00370    0.4400   -1412.0653  0.7290 
   00371    0.4575   -1422.1200  0.7270 
   00372    0.4450   -1412.3538  0.7175 
   00373    0.4400   -1416.8685  0.7277 
   00374    0.4375   -1425.5696  0.7391 
   00375    0.4200   -1423.0676  0.7408 
   00376    0.4200   -1418.5190  0.7344 
   00377    0.4375   -1407.8520  0.7319 
   00378    0.4600   -1418.5787  0.7374 
   00379    0.4325   -1424.5696  0.7345 
   00380    0.4425   -1423.8514  0.7418 
   00381    0.4500   -1423.6616  0.7384 
   00382    0.4425   -1431.3578  0.7274 
   00383    0.4500   -1425.8292  0.7303 
   00384    0.4500   -1422.2442  0.7368 
   00385    0.4025   -1422.3400  0.7399 
   00386    0.4625   -1429.0916  0.7479 
   00387    0.4425   -1425.2178  0.7444 
   00388    0.4025   -1426.5957  0.7557 
   00389    0.4575   -1419.7067  0.7516 
   00390    0.4425   -1418.4213  0.7391 
   00391    0.4450   -1427.1789  0.7448 
   00392    0.4450   -1424.5697  0.7471 
   00393    0.4550   -1414.0980  0.7376 
   00394    0.3900   -1411.3196  0.7384 
   00395    0.4300   -1419.8462  0.7386 
   00396    0.4625   -1415.1151  0.7416 
   00397    0.4775   -1417.1070  0.7367 
   00398    0.4300   -1420.5993  0.7407 
   00399    0.4250   -1422.0040  0.7496 
   00400    0.4250   -1411.6807  0.7479 
   00401    0.4425   -1416.9192  0.7543 
   00402    0.3950   -1432.4553  0.7683 
   00403    0.4025   -1432.7452  0.7580 
   00404    0.4550   -1441.2930  0.7610 
   00405    0.4625   -1433.1554  0.7640 
   00406    0.3975   -1440.9143  0.7514 
   00407    0.4400   -1439.0406  0.7429 
   00408    0.3975   -1431.5177  0.7428 
   00409    0.4625   -1423.2926  0.7511 
   00410    0.4575   -1410.9702  0.7563 
   00411    0.4775   -1412.7849  0.7539 
   00412    0.4300   -1418.2883  0.7629 
   00413    0.4450   -1413.6642  0.7574 
   00414    0.3950   -1406.5002  0.7602 
   00415    0.4025   -1414.8422  0.7566 
   00416    0.4300   -1427.5421  0.7617 
   00417    0.3850   -1427.7851  0.7540 
   00418    0.4150   -1421.0687  0.7665 
   00419    0.4575   -1412.5913  0.7606 
   00420    0.4500   -1410.2624  0.7623 
   00421    0.4525   -1413.4804  0.7601 
   00422    0.4575   -1414.5384  0.7658 
   00423    0.4300   -1423.8773  0.7641 
   00424    0.4675   -1429.4727  0.7777 
   00425    0.4725   -1432.6197  0.7752 
   00426    0.4650   -1428.3287  0.7690 
   00427    0.4300   -1411.3396  0.7682 
   00428    0.4575   -1422.1716  0.7778 
   00429    0.4100   -1412.5573  0.7835 
   00430    0.4600   -1407.5758  0.7750 
   00431    0.4625   -1415.3881  0.7755 
   00432    0.4500   -1419.4873  0.7688 
   00433    0.4750   -1415.7353  0.7676 
   00434    0.4450   -1419.7200  0.7684 
   00435    0.4000   -1409.9901  0.7611 
   00436    0.4650   -1418.7587  0.7644 
   00437    0.4625   -1407.8240  0.7563 
   00438    0.4350   -1414.0104  0.7557 
   00439    0.4050   -1414.8265  0.7519 
   00440    0.4225   -1414.3414  0.7576 
   00441    0.4700   -1411.6778  0.7571 
   00442    0.4750   -1416.5041  0.7601 
   00443    0.4175   -1419.9268  0.7746 
   00444    0.4575   -1414.0660  0.7652 
   00445    0.4325   -1406.8166  0.7613 
   00446    0.4000   -1414.1707  0.7625 
   00447    0.4475   -1407.9666  0.7484 
   00448    0.4275   -1412.7165  0.7458 
   00449    0.4325   -1406.9759  0.7485 
   00450    0.4150   -1395.2004  0.7504 
   00451    0.4150   -1410.8188  0.7514 
   00452    0.4425   -1405.3344  0.7718 
   00453    0.4000   -1401.2601  0.7795 
   00454    0.4450   -1414.8230  0.7841 
   00455    0.4400   -1411.2058  0.7916 
   00456    0.4925   -1425.0687  0.7930 
   00457    0.4525   -1419.5840  0.7841 
   00458    0.4425   -1436.3043  0.7871 
   00459    0.4850   -1441.6586  0.7780 
   00460    0.3975   -1432.2589  0.7801 
   00461    0.4500   -1436.2794  0.7738 
   00462    0.4000   -1433.3209  0.7712 
   00463    0.3975   -1434.5764  0.7731 
   00464    0.3750   -1445.7067  0.7746 
   00465    0.4275   -1449.1987  0.7712 
   00466    0.4150   -1447.2110  0.7642 
   00467    0.4625   -1430.9124  0.7481 
   00468    0.4250   -1414.6668  0.7453 
   00469    0.3625   -1429.0782  0.7495 
   00470    0.4550   -1429.1470  0.7587 
   00471    0.4500   -1417.4149  0.7579 
   00472    0.4525   -1415.5677  0.7614 
   00473    0.4850   -1428.1828  0.7596 
   00474    0.4500   -1435.7435  0.7627 
   00475    0.4725   -1440.0459  0.7548 
   00476    0.4100   -1435.7377  0.7563 
   00477    0.4050   -1430.3595  0.7562 
   00478    0.4675   -1435.5637  0.7575 
   00479    0.4350   -1431.8674  0.7544 
   00480    0.4550   -1425.4006  0.7621 
   00481    0.4525   -1418.3703  0.7590 
   00482    0.4950   -1418.5609  0.7546 
   00483    0.4250   -1429.5616  0.7461 
   00484    0.4150   -1431.4221  0.7429 
   00485    0.4300   -1412.5031  0.7324 
   00486    0.4425   -1420.0429  0.7298 
   00487    0.4525   -1429.3327  0.7355 
   00488    0.4525   -1429.3218  0.7296 
   00489    0.4475   -1421.2533  0.7339 
   00490    0.4400   -1409.7848  0.7316 
   00491    0.4225   -1415.7924  0.7308 
   00492    0.4400   -1424.9532  0.7358 
   00493    0.4100   -1425.7834  0.7403 
   00494    0.4425   -1430.3507  0.7394 
   00495    0.4325   -1423.3005  0.7367 
   00496    0.4475   -1425.5924  0.7417 
   00497    0.4100   -1422.4605  0.7417 
   00498    0.4475   -1427.6965  0.7438 
   00499    0.4700   -1414.7083  0.7264 
   00500    0.4125   -1416.8622  0.7253 
   00501    0.4175   -1420.0818  0.7260 
   00502    0.4475   -1433.2235  0.7250 
   00503    0.4600   -1414.7489  0.7225 
   00504    0.4450   -1423.8485  0.7255 
   00505    0.4525   -1416.2660  0.7248 
   00506    0.4450   -1423.8614  0.7241 
   00507    0.4325   -1422.6409  0.7155 
   00508    0.4050   -1420.2633  0.7207 
   00509    0.4275   -1408.1770  0.7169 
   00510    0.4125   -1415.3648  0.7293 
   00511    0.4125   -1410.4721  0.7354 
   00512    0.4450   -1407.4934  0.7256 
   00513    0.4325   -1404.2359  0.7161 
   00514    0.4875   -1413.8683  0.7142 
   00515    0.4550   -1405.8563  0.7241 
   00516    0.4425   -1407.4561  0.7205 
   00517    0.4525   -1417.2691  0.7203 
   00518    0.4400   -1421.3556  0.7220 
   00519    0.4425   -1420.3051  0.7284 
   00520    0.4325   -1427.0761  0.7174 
   00521    0.4900   -1420.1724  0.7203 
   00522    0.4750   -1420.1412  0.7257 
   00523    0.4050   -1425.6927  0.7277 
   00524    0.4575   -1429.9462  0.7248 
   00525    0.4200   -1426.4739  0.7215 
   00526    0.4475   -1422.5831  0.7277 
   00527    0.4200   -1424.5953  0.7171 
   00528    0.4375   -1429.0480  0.7177 
   00529    0.4100   -1429.1675  0.7239 
   00530    0.4900   -1428.2923  0.7212 
   00531    0.4425   -1426.6156  0.7148 
   00532    0.4050   -1427.1900  0.7143 
   00533    0.4625   -1431.5246  0.7297 
   00534    0.4375   -1442.0317  0.7322 
   00535    0.3750   -1433.3130  0.7254 
   00536    0.4225   -1436.8773  0.7305 
   00537    0.4475   -1439.7654  0.7241 
   00538    0.4575   -1444.5689  0.7360 
   00539    0.4425   -1435.7566  0.7264 
   00540    0.4000   -1427.5173  0.7238 
   00541    0.4250   -1411.5355  0.7176 
   00542    0.4925   -1420.1805  0.7161 
   00543    0.4275   -1423.7596  0.7213 
   00544    0.4400   -1412.8282  0.7261 
   00545    0.4450   -1416.0697  0.7272 
   00546    0.4325   -1409.4466  0.7332 
   00547    0.4400   -1403.2254  0.7346 
   00548    0.4375   -1393.3504  0.7358 
   00549    0.4725   -1385.2711  0.7206 
   00550    0.4100   -1384.5114  0.7063 
   00551    0.4450   -1393.3830  0.6949 
   00552    0.4200   -1407.5690  0.7049 
   00553    0.4500   -1413.4924  0.7066 
   00554    0.4550   -1420.3424  0.7085 
   00555    0.4475   -1416.1749  0.7012 
   00556    0.4525   -1419.2722  0.7056 
   00557    0.4550   -1424.4030  0.7024 
   00558    0.4575   -1421.8742  0.6970 
   00559    0.4100   -1430.7203  0.6974 
   00560    0.4550   -1425.6297  0.6910 
   00561    0.4225   -1422.5364  0.6973 
   00562    0.4525   -1420.7898  0.7041 
   00563    0.4225   -1424.1915  0.7175 
   00564    0.4175   -1426.7364  0.7078 
   00565    0.4125   -1422.6124  0.7050 
   00566    0.4400   -1418.0071  0.6946 
   00567    0.3700   -1422.8878  0.6983 
   00568    0.4275   -1428.9072  0.7023 
   00569    0.4200   -1422.0207  0.6939 
   00570    0.4050   -1419.9151  0.6977 
   00571    0.4425   -1414.9498  0.6996 
   00572    0.4425   -1428.6976  0.7009 
   00573    0.4575   -1435.6456  0.7085 
   00574    0.4325   -1423.4946  0.7063 
   00575    0.4425   -1415.4223  0.7047 
   00576    0.3975   -1408.3734  0.7146 
   00577    0.4725   -1402.5306  0.7201 
   00578    0.4275   -1412.9740  0.7195 
   00579    0.4375   -1414.4420  0.7267 
   00580    0.4425   -1410.7445  0.7261 
   00581    0.4600   -1423.4469  0.7353 
   00582    0.4325   -1424.3350  0.7323 
   00583    0.4325   -1424.5781  0.7363 
   00584    0.4850   -1417.0217  0.7360 
   00585    0.4250   -1416.2121  0.7265 
   00586    0.4075   -1417.5363  0.7317 
   00587    0.4300   -1416.7159  0.7403 
   00588    0.4600   -1417.2399  0.7329 
   00589    0.4325   -1419.8544  0.7443 
   00590    0.4450   -1421.7472  0.7544 
   00591    0.4500   -1411.2424  0.7482 
   00592    0.4350   -1412.1635  0.7534 
   00593    0.4875   -1424.2147  0.7602 
   00594    0.4450   -1416.9717  0.7617 
   00595    0.4275   -1413.4786  0.7563 
   00596    0.4550   -1416.6150  0.7446 
   00597    0.4550   -1416.4870  0.7538 
   00598    0.4200   -1416.8126  0.7477 
   00599    0.4600   -1407.7821  0.7460 
   00600    0.4450   -1416.0374  0.7462 
   00601    0.4425   -1418.6295  0.7469 
   00602    0.4475   -1421.0203  0.7468 
   00603    0.4375   -1423.0918  0.7486 
   00604    0.4625   -1427.5482  0.7425 
   00605    0.4800   -1427.7058  0.7480 
   00606    0.4800   -1431.8802  0.7638 
   00607    0.4875   -1421.2961  0.7661 
   00608    0.3950   -1427.8283  0.7707 
   00609    0.4300   -1418.1091  0.7672 
   00610    0.4400   -1397.6631  0.7656 
   00611    0.4275   -1404.6467  0.7689 
   00612    0.4825   -1414.2177  0.7712 
   00613    0.4075   -1419.3180  0.7691 
   00614    0.4225   -1423.4931  0.7645 
   00615    0.4050   -1412.4379  0.7687 
   00616    0.4750   -1422.6710  0.7736 
   00617    0.4150   -1428.4015  0.7713 
   00618    0.4400   -1424.1578  0.7776 
   00619    0.4075   -1417.5334  0.7778 
   00620    0.4300   -1425.1550  0.7770 
   00621    0.4250   -1415.8339  0.7877 
   00622    0.3975   -1422.7550  0.7924 
   00623    0.4800   -1435.7251  0.7841 
   00624    0.4675   -1427.6692  0.7792 
   00625    0.4625   -1428.6773  0.7674 
   00626    0.4700   -1419.3431  0.7719 
   00627    0.4750   -1406.7711  0.7788 
   00628    0.4500   -1410.8979  0.7721 
   00629    0.4050   -1413.7727  0.7758 
   00630    0.4550   -1411.1432  0.7866 
   00631    0.4525   -1414.8144  0.7932 
   00632    0.4175   -1419.6406  0.7974 
   00633    0.4300   -1434.6435  0.8023 
   00634    0.3875   -1432.1740  0.8054 
   00635    0.4500   -1442.9946  0.8059 
   00636    0.4325   -1440.0059  0.8038 
   00637    0.4175   -1449.9623  0.8163 
   00638    0.4025   -1450.9861  0.8134 
   00639    0.4000   -1434.1485  0.7954 
   00640    0.4275   -1434.9245  0.7986 
   00641    0.4450   -1443.2546  0.8054 
   00642    0.4175   -1447.7118  0.8052 
   00643    0.4775   -1441.7372  0.8030 
   00644    0.4425   -1428.9676  0.7853 
   00645    0.4375   -1423.6464  0.7974 
   00646    0.4550   -1428.0247  0.7893 
   00647    0.4675   -1422.9532  0.7933 
   00648    0.4475   -1401.7169  0.7809 
   00649    0.4550   -1410.1184  0.7967 
   00650    0.4200   -1417.1503  0.8068 
   00651    0.4550   -1411.4430  0.8103 
   00652    0.4750   -1425.6479  0.8214 
   00653    0.4375   -1424.4147  0.8221 
   00654    0.4600   -1411.0358  0.8134 
   00655    0.4625   -1426.9565  0.8170 
   00656    0.4175   -1423.2369  0.8077 
   00657    0.4300   -1432.8946  0.8070 
   00658    0.4500   -1443.5046  0.8086 
   00659    0.4525   -1432.7000  0.8017 
   00660    0.4250   -1431.3952  0.7941 
   00661    0.4300   -1430.1560  0.8053 
   00662    0.4350   -1430.1249  0.8063 
   00663    0.4275   -1427.1635  0.8060 
   00664    0.4500   -1431.4732  0.8099 
   00665    0.4300   -1422.2012  0.8106 
   00666    0.4275   -1430.6610  0.8107 
   00667    0.4575   -1430.6879  0.8196 
   00668    0.3650   -1446.3929  0.8268 
   00669    0.3775   -1444.2024  0.8214 
   00670    0.3725   -1442.7497  0.8176 
   00671    0.4500   -1446.2926  0.8224 
   00672    0.4600   -1436.8802  0.8172 
   00673    0.4325   -1440.7517  0.8241 
   00674    0.4575   -1435.6812  0.8298 
   00675    0.4625   -1427.6970  0.8265 
   00676    0.4400   -1432.1725  0.8330 
   00677    0.4750   -1438.3412  0.8417 
   00678    0.4450   -1426.0372  0.8353 
   00679    0.4525   -1433.0375  0.8462 
   00680    0.3950   -1435.1468  0.8515 
   00681    0.4275   -1432.2489  0.8549 
   00682    0.4550   -1433.3198  0.8507 
   00683    0.4075   -1442.4797  0.8558 
   00684    0.4425   -1439.0726  0.8719 
   00685    0.4625   -1437.8923  0.8652 
   00686    0.4525   -1429.3138  0.8648 
   00687    0.4525   -1429.6806  0.8709 
   00688    0.4650   -1426.2151  0.8765 
   00689    0.4250   -1436.7543  0.8791 
   00690    0.4225   -1429.6365  0.8844 
   00691    0.4475   -1442.4145  0.8912 
   00692    0.4300   -1441.6279  0.8906 
   00693    0.4625   -1451.5648  0.8898 
   00694    0.4100   -1441.1030  0.8766 
   00695    0.4250   -1457.3149  0.8765 
   00696    0.4225   -1458.6394  0.8628 
   00697    0.4625   -1451.6364  0.8688 
   00698    0.4675   -1459.5758  0.8808 
   00699    0.4050   -1466.1861  0.8810 
   00700    0.4250   -1466.5675  0.8896 
   00701    0.3925   -1467.7077  0.8954 
   00702    0.3925   -1473.7793  0.8938 
   00703    0.4350   -1457.7524  0.8900 
   00704    0.4375   -1460.3365  0.8955 
   00705    0.4425   -1464.9804  0.9007 
   00706    0.4225   -1453.2455  0.8942 
   00707    0.4175   -1439.5163  0.8878 
   00708    0.4200   -1441.1656  0.8867 
   00709    0.3975   -1448.4732  0.8912 
   00710    0.4275   -1433.7427  0.8859 
   00711    0.3675   -1433.5558  0.8830 
   00712    0.4125   -1441.3893  0.8815 
   00713    0.4400   -1436.0505  0.8872 
   00714    0.4500   -1441.3041  0.8904 
   00715    0.4750   -1447.4981  0.9010 
   00716    0.4275   -1444.4172  0.8976 
   00717    0.4500   -1438.7909  0.8958 
   00718    0.3950   -1446.2227  0.8980 
   00719    0.4475   -1449.9840  0.9066 
   00720    0.4125   -1452.5879  0.9120 
   00721    0.4050   -1441.3418  0.9128 
   00722    0.4575   -1431.3682  0.9083 
   00723    0.4225   -1427.9944  0.9069 
   00724    0.4325   -1420.9645  0.8993 
   00725    0.4525   -1427.3957  0.8961 
   00726    0.4425   -1439.0813  0.9028 
   00727    0.4425   -1442.3499  0.9029 
   00728    0.4250   -1450.2920  0.9093 
   00729    0.4050   -1457.3962  0.9125 
   00730    0.4000   -1442.0159  0.9141 
   00731    0.4075   -1434.6839  0.9107 
   00732    0.4475   -1436.4319  0.9127 
   00733    0.4625   -1441.1258  0.9173 
   00734    0.4900   -1435.6878  0.9216 
   00735    0.4050   -1442.2319  0.9281 
   00736    0.4750   -1435.7398  0.9272 
   00737    0.3950   -1441.3432  0.9269 
   00738    0.3975   -1437.0556  0.9245 
   00739    0.4200   -1447.4854  0.9261 
   00740    0.4600   -1445.9882  0.9282 
   00741    0.4150   -1450.4880  0.9278 
   00742    0.4000   -1451.8008  0.9269 
   00743    0.4350   -1453.9624  0.9263 
   00744    0.4200   -1455.4508  0.9248 
   00745    0.4400   -1457.7799  0.9301 
   00746    0.4600   -1442.4396  0.9298 
   00747    0.4175   -1452.4129  0.9288 
   00748    0.4500   -1452.5238  0.9295 
   00749    0.4300   -1446.5117  0.9299 
   00750    0.4450   -1451.9201  0.9303 
   00751    0.4125   -1452.5620  0.9306 
   00752    0.4375   -1437.3298  0.9250 
   00753    0.3975   -1444.0290  0.9268 
   00754    0.4425   -1454.5470  0.9283 
   00755    0.4225   -1457.3923  0.9315 
   00756    0.4375   -1459.6703  0.9301 
   00757    0.4125   -1459.5359  0.9307 
   00758    0.4250   -1453.9426  0.9266 
   00759    0.4450   -1460.6451  0.9211 
   00760    0.4425   -1446.8153  0.9170 
   00761    0.4325   -1449.1332  0.9183 
   00762    0.4375   -1452.3035  0.9216 
   00763    0.4225   -1455.5057  0.9215 
   00764    0.4450   -1450.6683  0.9197 
   00765    0.4400   -1441.6199  0.9125 
   00766    0.4000   -1441.5660  0.9097 
   00767    0.4500   -1445.4194  0.9100 
   00768    0.4300   -1446.8797  0.9045 
   00769    0.4450   -1451.2779  0.9083 
   00770    0.4475   -1458.1405  0.9102 
   00771    0.4075   -1458.5397  0.9162 
   00772    0.4350   -1461.9553  0.9158 
   00773    0.3900   -1451.2055  0.9114 
   00774    0.3975   -1449.2017  0.9108 
   00775    0.4175   -1444.1197  0.9112 
   00776    0.4575   -1431.3176  0.9030 
   00777    0.4450   -1438.4383  0.9018 
   00778    0.4425   -1436.4893  0.8976 
   00779    0.4100   -1451.6213  0.9074 
   00780    0.4200   -1444.6623  0.9047 
   00781    0.3850   -1450.7828  0.9089 
   00782    0.4200   -1455.3493  0.9102 
   00783    0.4125   -1459.9809  0.9091 
   00784    0.4325   -1440.0895  0.9025 
   00785    0.4700   -1451.0538  0.9077 
   00786    0.4250   -1444.9152  0.9023 
   00787    0.4650   -1441.4858  0.8959 
   00788    0.4475   -1431.7438  0.8929 
   00789    0.4650   -1435.0800  0.8888 
   00790    0.4100   -1423.7749  0.8923 
   00791    0.4050   -1427.5469  0.8897 
   00792    0.4475   -1428.5713  0.8905 
   00793    0.4775   -1438.2884  0.8959 
   00794    0.4700   -1442.0513  0.8996 
   00795    0.4325   -1442.8940  0.8976 
   00796    0.4025   -1427.3054  0.8913 
   00797    0.4250   -1437.6879  0.8917 
   00798    0.4025   -1442.9605  0.9011 
   00799    0.4350   -1438.8115  0.8989 
   00800    0.4225   -1446.3368  0.9006 
   00801    0.4600   -1450.3681  0.9034 
   00802    0.4775   -1451.9679  0.9058 
   00803    0.4250   -1459.6265  0.9067 
   00804    0.4275   -1470.4002  0.9164 
   00805    0.4075   -1464.0492  0.9139 
   00806    0.4175   -1461.9659  0.9102 
   00807    0.4000   -1460.1121  0.9084 
   00808    0.3875   -1451.0541  0.9065 
   00809    0.4400   -1445.7864  0.9097 
   00810    0.4100   -1444.6327  0.9041 
   00811    0.4225   -1445.5488  0.9044 
   00812    0.4350   -1449.4593  0.9062 
   00813    0.3800   -1449.3750  0.9063 
   00814    0.4475   -1437.8692  0.8950 
   00815    0.4400   -1439.5882  0.8946 
   00816    0.4700   -1444.7942  0.8955 
   00817    0.4200   -1452.2718  0.8941 
   00818    0.4550   -1446.8010  0.8958 
   00819    0.4125   -1445.0137  0.8939 
   00820    0.4250   -1461.2701  0.9032 
   00821    0.4325   -1452.9490  0.8977 
   00822    0.4325   -1440.2822  0.8953 
   00823    0.4075   -1445.7215  0.9009 
   00824    0.4100   -1448.5651  0.9003 
   00825    0.4375   -1444.9401  0.9049 
   00826    0.4500   -1432.2621  0.8953 
   00827    0.4350   -1445.3505  0.9042 
   00828    0.4150   -1448.0948  0.9069 
   00829    0.4050   -1448.9223  0.9085 
   00830    0.4325   -1451.4937  0.9127 
   00831    0.4550   -1459.1937  0.9083 
   00832    0.3850   -1472.5696  0.9112 
   00833    0.4375   -1465.3660  0.9047 
   00834    0.3975   -1462.0727  0.9104 
   00835    0.4500   -1455.5026  0.9148 
   00836    0.4775   -1448.7949  0.9139 
   00837    0.4375   -1444.8951  0.9150 
   00838    0.3975   -1454.4190  0.9149 
   00839    0.4475   -1448.2188  0.9149 
   00840    0.4350   -1448.4521  0.9108 
   00841    0.4275   -1445.3977  0.9104 
   00842    0.4325   -1446.4013  0.9106 
   00843    0.4725   -1450.3396  0.9079 
   00844    0.4250   -1453.9157  0.9118 
   00845    0.4250   -1467.6578  0.9134 
   00846    0.4300   -1468.5061  0.9139 
   00847    0.4175   -1459.1932  0.9093 
   00848    0.4350   -1447.4600  0.9066 
   00849    0.4050   -1443.9527  0.9089 
   00850    0.4075   -1447.5041  0.9103 
   00851    0.4175   -1446.3310  0.9069 
   00852    0.4700   -1448.6369  0.9097 
   00853    0.4400   -1455.6836  0.9118 
   00854    0.4125   -1451.1758  0.9118 
   00855    0.4425   -1449.8140  0.9135 
   00856    0.4675   -1435.8120  0.9100 
   00857    0.4025   -1439.4085  0.9129 
   00858    0.4200   -1444.2488  0.9141 
   00859    0.4425   -1443.3949  0.9109 
   00860    0.4600   -1446.9606  0.9191 
   00861    0.4825   -1453.3869  0.9268 
   00862    0.4450   -1459.5039  0.9313 
   00863    0.4175   -1454.2181  0.9285 
   00864    0.4550   -1465.7317  0.9308 
   00865    0.4275   -1458.4662  0.9250 
   00866    0.4400   -1464.0262  0.9284 
   00867    0.4275   -1457.4813  0.9270 
   00868    0.4525   -1440.7099  0.9165 
   00869    0.4275   -1454.7065  0.9195 
   00870    0.4150   -1450.7515  0.9189 
   00871    0.4275   -1447.9132  0.9194 
   00872    0.4725   -1455.6573  0.9254 
   00873    0.4450   -1472.4578  0.9299 
   00874    0.4225   -1468.2366  0.9325 
   00875    0.4200   -1473.9102  0.9274 
   00876    0.4025   -1473.2971  0.9254 
   00877    0.4375   -1464.7312  0.9230 
   00878    0.4550   -1470.4725  0.9268 
   00879    0.4225   -1474.7021  0.9224 
   00880    0.3875   -1470.1744  0.9204 
   00881    0.4475   -1467.3918  0.9199 
   00882    0.4250   -1472.3104  0.9239 
   00883    0.4225   -1468.6244  0.9210 
   00884    0.4450   -1472.0952  0.9203 
   00885    0.3875   -1468.8089  0.9218 
   00886    0.4000   -1466.1666  0.9178 
   00887    0.4100   -1469.5850  0.9138 
   00888    0.4350   -1457.3010  0.9068 
   00889    0.4375   -1452.3145  0.9048 
   00890    0.4075   -1453.2806  0.9130 
   00891    0.4850   -1457.2116  0.9187 
   00892    0.4250   -1454.4382  0.9169 
   00893    0.4525   -1452.5818  0.9105 
   00894    0.4650   -1457.3817  0.9104 
   00895    0.4350   -1451.6923  0.9119 
   00896    0.4325   -1444.9796  0.9076 
   00897    0.4825   -1454.8761  0.9112 
   00898    0.4175   -1456.1119  0.9059 
   00899    0.4450   -1461.4290  0.9051 
   00900    0.4225   -1463.5889  0.9015 
   00901    0.4150   -1452.3110  0.8988 
   00902    0.4575   -1448.0079  0.9010 
   00903    0.4350   -1449.8364  0.9013 
   00904    0.4525   -1454.0854  0.8958 
   00905    0.4475   -1452.4593  0.8945 
   00906    0.4350   -1455.1012  0.8904 
   00907    0.4325   -1461.0094  0.8944 
   00908    0.4375   -1452.7319  0.8974 
   00909    0.3975   -1454.8419  0.8970 
   00910    0.4300   -1448.6829  0.8996 
   00911    0.4250   -1461.5888  0.9018 
   00912    0.4550   -1456.1733  0.9015 
   00913    0.3875   -1454.8821  0.9064 
   00914    0.4275   -1453.2286  0.9064 
   00915    0.4200   -1457.7603  0.9060 
   00916    0.4625   -1455.5414  0.9067 
   00917    0.4375   -1462.3236  0.9111 
   00918    0.4475   -1468.6663  0.9113 
   00919    0.4350   -1459.1368  0.9080 
   00920    0.4450   -1445.9101  0.9052 
   00921    0.3825   -1443.0267  0.9031 
   00922    0.4225   -1464.5391  0.9085 
   00923    0.4275   -1471.7336  0.9079 
   00924    0.4200   -1460.3113  0.9029 
   00925    0.4425   -1453.7217  0.8953 
   00926    0.4025   -1446.1908  0.8879 
   00927    0.3925   -1444.3592  0.8870 
   00928    0.4850   -1448.6752  0.8844 
   00929    0.4575   -1460.5935  0.8979 
   00930    0.4225   -1447.8684  0.8922 
   00931    0.4300   -1446.5620  0.8952 
   00932    0.4175   -1447.2360  0.9010 
   00933    0.4225   -1447.0223  0.9015 
   00934    0.4375   -1455.2197  0.8958 
   00935    0.4600   -1452.8188  0.8921 
   00936    0.4100   -1433.3774  0.8882 
   00937    0.4325   -1452.7943  0.8983 
   00938    0.4175   -1455.4022  0.9025 
   00939    0.4425   -1457.1002  0.9018 
   00940    0.5000   -1466.7322  0.9054 
   00941    0.4125   -1467.4827  0.9045 
   00942    0.4050   -1478.6406  0.9030 
   00943    0.3925   -1477.0303  0.9018 
   00944    0.4050   -1468.9185  0.9008 
   00945    0.4250   -1460.6620  0.8927 
   00946    0.3900   -1450.9034  0.8920 
   00947    0.4275   -1457.2873  0.9012 
   00948    0.4300   -1450.6797  0.8971 
   00949    0.3975   -1460.7319  0.8999 
   00950    0.4250   -1458.3007  0.8970 
   00951    0.4375   -1458.2805  0.9014 
   00952    0.4300   -1456.7788  0.9073 
   00953    0.3975   -1456.1573  0.9072 
   00954    0.4500   -1457.2929  0.9100 
   00955    0.4025   -1463.1663  0.9075 
   00956    0.4125   -1454.8877  0.9075 
   00957    0.4125   -1455.5077  0.9043 
   00958    0.4425   -1457.0561  0.8989 
   00959    0.4575   -1459.2482  0.9013 
   00960    0.4450   -1445.0251  0.8974 
   00961    0.3725   -1449.6585  0.8950 
   00962    0.4450   -1460.2169  0.8994 
   00963    0.4100   -1460.5008  0.9020 
   00964    0.4550   -1446.3014  0.9031 
   00965    0.4325   -1446.7213  0.9023 
   00966    0.4525   -1460.4798  0.9079 
   00967    0.4800   -1451.6379  0.9054 
   00968    0.4175   -1459.6728  0.9133 
   00969    0.3875   -1457.0561  0.9079 
   00970    0.4150   -1462.9343  0.9082 
   00971    0.4425   -1467.2212  0.9077 
   00972    0.4250   -1463.7814  0.9012 
   00973    0.4275   -1463.6011  0.9071 
   00974    0.4325   -1469.3451  0.9038 
   00975    0.4225   -1458.4887  0.8969 
   00976    0.4200   -1452.4590  0.8918 
   00977    0.4175   -1458.5245  0.8929 
   00978    0.4000   -1458.9702  0.9011 
   00979    0.4325   -1454.7235  0.9040 
   00980    0.4400   -1443.9003  0.8999 
   00981    0.4475   -1438.0592  0.8986 
   00982    0.4650   -1433.9221  0.8892 
   00983    0.4475   -1443.7079  0.8979 
   00984    0.4050   -1453.7460  0.9001 
   00985    0.4275   -1458.5780  0.8988 
   00986    0.4275   -1459.5371  0.8979 
   00987    0.3775   -1456.4516  0.8931 
   00988    0.3775   -1452.9547  0.8957 
   00989    0.4400   -1458.9494  0.8918 
   00990    0.4600   -1451.6879  0.8851 
   00991    0.4075   -1454.0526  0.8884 
   00992    0.4475   -1461.2598  0.8888 
   00993    0.4025   -1459.2750  0.8963 
   00994    0.3825   -1455.3856  0.9018 
   00995    0.4450   -1465.7067  0.9041 
   00996    0.4600   -1466.3219  0.9060 
   00997    0.4475   -1462.7292  0.9018 
   00998    0.4425   -1467.3504  0.9090 
   00999    0.4050   -1476.0708  0.9093 
   01000    0.4000   -1465.3292  0.9078 
