#=====================================================
# File created:        Mon-03-Nov-2025-at-01-44-05AM
# Size of lattice:     20x20
# Number of MC steps:  1000
# Reduced temperature: 1.450
# Run time (s):        7.899870
#=====================================================
# MC step:  Ratio:     Energy:   Order:
#=====================================================
   00000    0.5000    -444.2864  0.2987 
   00001    0.7300    -587.7625  0.2942 
   00002    0.6625    -664.7462  0.2960 
   00003    0.6450    -654.4541  0.2860 
   00004    0.6575    -674.7508  0.2864 
   00005    0.6575    -684.6428  0.2755 
   00006    0.6650    -688.2218  0.3160 
   00007    0.6175    -701.1478  0.3446 
   00008    0.6725    -723.5183  0.3668 
   00009    0.6200    -707.5020  0.3637 
   00010    0.6700    -715.5539  0.3356 
   00011    0.6125    -742.2966  0.3380 
   00012    0.6475    -774.8965  0.3327 
   00013    0.6150    -780.5418  0.3426 
   00014    0.6325    -720.3975  0.3171 
   00015    0.6575    -680.7305  0.2915 
   00016    0.6575    -693.2779  0.2889 
   00017    0.6500    -701.6512  0.2930 
   00018    0.6425    -712.1258  0.3024 
   00019    0.6400    -705.8591  0.3134 
   00020    0.6475    -673.6752  0.3211 
   00021    0.7050    -691.6142  0.2888 
   00022    0.6575    -697.7041  0.2843 
   00023    0.6125    -698.9729  0.3089 
   00024    0.6425    -656.7002  0.3593 
   00025    0.6400    -688.0805  0.3512 
   00026    0.6500    -771.9632  0.3458 
   00027    0.5925    -751.0351  0.3144 
   00028    0.6475    -768.8161  0.2671 
   00029    0.6200    -772.0831  0.3032 
   00030    0.6150    -779.6207  0.2848 
   00031    0.6050    -776.7604  0.2896 
   00032    0.5950    -779.6797  0.2871 
   00033    0.6075    -751.7009  0.2750 
   00034    0.5975    -744.4975  0.2618 
   00035    0.6450    -728.7846  0.3004 
   00036    0.6175    -763.2055  0.3073 
   00037    0.5925    -793.1282  0.3102 
   00038    0.6100    -786.6617  0.2746 
   00039    0.6150    -784.5204  0.2647 
   00040    0.6350    -740.1399  0.2723 
   00041    0.6175    -766.4586  0.3286 
   00042    0.6375    -761.0303  0.3027 
   00043    0.6050    -739.3716  0.3133 
   00044    0.6275    -730.2745  0.3422 
   00045    0.6025    -752.5171  0.3212 
   00046    0.5825    -752.4177  0.2966 
   00047    0.6300    -702.1093  0.2909 
   00048    0.6350    -741.7399  0.3050 
   00049    0.6325    -745.6321  0.3179 
   00050    0.6200    -692.5147  0.2584 
   00051    0.6425    -709.5648  0.2695 
   00052    0.6375    -743.4173  0.2684 
   00053    0.6525    -703.5673  0.2787 
   00054    0.6250    -716.7411  0.3122 
   00055    0.5875    -732.6328  0.3086 
   00056    0.6125    -712.7176  0.2969 
   00057    0.6625    -719.7796  0.2912 
   00058    0.6525    -700.4618  0.2994 
   00059    0.6450    -695.6411  0.2817 
   00060    0.6475    -744.0937  0.3248 
   00061    0.5900    -695.1840  0.2856 
   00062    0.6525    -710.2387  0.2770 
   00063    0.5775    -721.2711  0.3087 
   00064    0.6500    -708.5104  0.3488 
   00065    0.6725    -698.6475  0.3301 
   00066    0.6200    -685.5019  0.3680 
   00067    0.6350    -715.1382  0.4056 
   00068    0.6275    -753.8992  0.3786 
   00069    0.6050    -724.6334  0.4155 
   00070    0.6275    -765.8174  0.3561 
   00071    0.5950    -790.7861  0.3274 
   00072    0.6200    -712.6214  0.3125 
   00073    0.6525    -747.3256  0.3319 
   00074    0.6425    -739.4451  0.3410 
   00075    0.5700    -779.1822  0.3142 
   00076    0.6275    -736.0893  0.3213 
   00077    0.6400    -713.0237  0.3058 
   00078    0.6450    -740.4694  0.3317 
   00079    0.5850    -754.0358  0.3475 
   00080    0.6100    -780.0880  0.3423 
   00081    0.5675    -779.2948  0.3051 
   00082    0.6300    -738.1860  0.2794 
   00083    0.5900    -721.9533  0.2582 
   00084    0.6300    -706.4113  0.2782 
   00085    0.6650    -701.5240  0.2828 
   00086    0.6500    -707.0478  0.2887 
   00087    0.6650    -733.4569  0.2738 
   00088    0.6150    -732.8074  0.2855 
   00089    0.5850    -766.7913  0.2938 
   00090    0.6100    -772.2449  0.2980 
   00091    0.6375    -747.0218  0.3091 
   00092    0.5825    -760.6915  0.2956 
   00093    0.6275    -713.9587  0.2762 
   00094    0.6100    -742.3431  0.2820 
   00095    0.6525    -714.5753  0.2855 
   00096    0.6400    -721.1367  0.2561 
   00097    0.5950    -753.0440  0.2770 
   00098    0.6625    -773.5233  0.3073 
   00099    0.6425    -757.9628  0.2957 
   00100    0.5900    -774.8160  0.2912 
   00101    0.6225    -768.0553  0.3011 
   00102    0.6075    -750.1537  0.2641 
   00103    0.6300    -685.7693  0.2698 
   00104    0.6225    -701.6801  0.2752 
   00105    0.6125    -792.7445  0.2612 
   00106    0.6225    -758.3585  0.2927 
   00107    0.6525    -744.5761  0.3008 
   00108    0.6225    -767.2990  0.2661 
   00109    0.6000    -785.8449  0.3112 
   00110    0.5700    -770.4287  0.3126 
   00111    0.6275    -725.9609  0.3175 
   00112    0.6175    -710.7268  0.3039 
   00113    0.6300    -661.6534  0.3294 
   00114    0.6175    -714.7796  0.3065 
   00115    0.6550    -743.8586  0.3112 
   00116    0.6350    -682.2653  0.3092 
   00117    0.6550    -702.5274  0.3408 
   00118    0.6100    -697.2527  0.3771 
   00119    0.6300    -735.0740  0.3829 
   00120    0.5850    -761.6614  0.4073 
   00121    0.6100    -806.5044  0.4020 
   00122    0.5675    -805.6900  0.3894 
   00123    0.6025    -777.7854  0.3910 
   00124    0.6100    -800.1201  0.3907 
   00125    0.5875    -818.9612  0.3922 
   00126    0.6100    -828.0100  0.4087 
   00127    0.5650    -769.0071  0.4066 
   00128    0.5600    -802.9507  0.4057 
   00129    0.6400    -790.0167  0.4356 
   00130    0.5650    -821.7127  0.4485 
   00131    0.6575    -787.7094  0.4565 
   00132    0.6225    -722.7780  0.4525 
   00133    0.6075    -796.5438  0.5228 
   00134    0.6425    -776.9239  0.4721 
   00135    0.5950    -794.9371  0.4380 
   00136    0.6275    -811.1139  0.4185 
   00137    0.6125    -746.9111  0.3996 
   00138    0.6100    -763.0724  0.3915 
   00139    0.6025    -785.5745  0.3783 
   00140    0.6725    -804.7047  0.3799 
   00141    0.5950    -767.4881  0.3445 
   00142    0.5875    -755.0700  0.3271 
   00143    0.6050    -744.6441  0.3079 
   00144    0.5650    -766.5640  0.3206 
   00145    0.6150    -770.9987  0.2853 
   00146    0.6350    -791.4382  0.2635 
   00147    0.6050    -826.2048  0.2644 
   00148    0.5625    -816.3632  0.2914 
   00149    0.6125    -761.8486  0.2837 
   00150    0.6375    -762.5254  0.2954 
   00151    0.6250    -739.3531  0.2731 
   00152    0.6775    -693.6092  0.2987 
   00153    0.6800    -704.5684  0.3361 
   00154    0.6575    -712.6872  0.3243 
   00155    0.6300    -743.8947  0.2854 
   00156    0.6225    -817.9666  0.3401 
   00157    0.5950    -835.7509  0.3054 
   00158    0.5950    -803.1886  0.3256 
   00159    0.6000    -761.4663  0.3401 
   00160    0.6525    -760.6959  0.3372 
   00161    0.6125    -738.0527  0.3332 
   00162    0.6275    -718.6591  0.3442 
   00163    0.6525    -706.2693  0.3088 
   00164    0.5625    -719.6673  0.3302 
   00165    0.6800    -704.0889  0.3137 
   00166    0.6375    -686.5660  0.3265 
   00167    0.6300    -683.6304  0.3023 
   00168    0.6475    -718.8560  0.3277 
   00169    0.6325    -751.2420  0.3309 
   00170    0.6725    -737.4093  0.3209 
   00171    0.6150    -714.7786  0.3063 
   00172    0.6025    -762.1340  0.3189 
   00173    0.5725    -760.6044  0.3031 
   00174    0.6150    -793.5709  0.2957 
   00175    0.6075    -748.6801  0.3048 
   00176    0.6850    -734.1120  0.3353 
   00177    0.6125    -733.7984  0.2898 
   00178    0.6350    -706.2952  0.2681 
   00179    0.6050    -732.1051  0.2647 
   00180    0.5925    -749.0198  0.2901 
   00181    0.6350    -722.0103  0.2861 
   00182    0.6575    -693.7823  0.3202 
   00183    0.7000    -658.1403  0.2819 
   00184    0.6625    -715.8913  0.2991 
   00185    0.6025    -698.1081  0.2961 
   00186    0.6400    -742.0508  0.2692 
   00187    0.6625    -733.0495  0.2851 
   00188    0.6325    -711.6064  0.2741 
   00189    0.6550    -729.8263  0.2696 
   00190    0.6800    -745.2275  0.2531 
   00191    0.6575    -770.8247  0.2831 
   00192    0.6175    -727.2336  0.2721 
   00193    0.6450    -747.8808  0.3005 
   00194    0.6600    -748.9973  0.3310 
   00195    0.6350    -795.5310  0.3219 
   00196    0.6475    -733.1102  0.3580 
   00197    0.5700    -755.9064  0.3444 
   00198    0.5800    -738.7986  0.3671 
   00199    0.5700    -771.7780  0.3570 
   00200    0.6500    -729.2456  0.3564 
   00201    0.6650    -707.6648  0.3336 
   00202    0.6100    -730.6997  0.3874 
   00203    0.5975    -754.9321  0.3583 
   00204    0.6000    -735.8310  0.3046 
   00205    0.6175    -730.7101  0.3140 
   00206    0.6150    -749.8917  0.3000 
   00207    0.6175    -743.2633  0.2939 
   00208    0.6100    -803.8273  0.2859 
   00209    0.5650    -819.3841  0.2687 
   00210    0.5875    -750.2430  0.2770 
   00211    0.6425    -779.5936  0.2703 
   00212    0.5550    -773.6633  0.2991 
   00213    0.6150    -751.1754  0.3006 
   00214    0.6325    -725.3052  0.3148 
   00215    0.6650    -783.4176  0.3440 
   00216    0.5975    -816.4238  0.3634 
   00217    0.5775    -769.7038  0.3908 
   00218    0.6000    -779.2394  0.3890 
   00219    0.6100    -830.8952  0.3806 
   00220    0.5625    -848.9020  0.4044 
   00221    0.5925    -815.8300  0.4197 
   00222    0.5825    -837.2194  0.3884 
   00223    0.5625    -766.0694  0.3750 
   00224    0.5525    -783.1068  0.4004 
   00225    0.6050    -795.2944  0.3931 
   00226    0.6450    -761.3433  0.3698 
   00227    0.6300    -761.2939  0.3253 
   00228    0.6100    -791.9200  0.3002 
   00229    0.6150    -752.6857  0.2833 
   00230    0.6275    -754.5841  0.3360 
   00231    0.6400    -747.7312  0.3201 
   00232    0.6300    -771.9249  0.3223 
   00233    0.6125    -760.2957  0.2596 
   00234    0.6650    -747.2789  0.2787 
   00235    0.6225    -744.7475  0.2684 
   00236    0.5475    -719.8158  0.2778 
   00237    0.6275    -759.6181  0.2722 
   00238    0.6275    -722.2290  0.2689 
   00239    0.6500    -734.4808  0.2952 
   00240    0.6200    -728.1804  0.3016 
   00241    0.6375    -699.7062  0.2963 
   00242    0.6200    -691.9465  0.2628 
   00243    0.6350    -753.6274  0.2693 
   00244    0.6600    -759.5874  0.2817 
   00245    0.6650    -713.5805  0.2939 
   00246    0.6150    -707.3115  0.2924 
   00247    0.6525    -753.2325  0.2993 
   00248    0.5975    -760.0922  0.2817 
   00249    0.6475    -730.8976  0.2645 
   00250    0.6325    -763.9929  0.3316 
   00251    0.6000    -771.8386  0.3362 
   00252    0.5925    -803.0039  0.3505 
   00253    0.6025    -791.7316  0.3915 
   00254    0.5925    -775.5803  0.3288 
   00255    0.5950    -783.9170  0.3221 
   00256    0.6300    -782.6209  0.3352 
   00257    0.5700    -738.8753  0.3509 
   00258    0.6675    -687.2896  0.3629 
   00259    0.6650    -726.2667  0.3643 
   00260    0.6175    -767.3849  0.3937 
   00261    0.6425    -786.5731  0.4165 
   00262    0.6100    -770.8520  0.4155 
   00263    0.5975    -760.1451  0.4109 
   00264    0.6300    -737.0005  0.3786 
   00265    0.6025    -758.8343  0.3657 
   00266    0.6000    -752.2238  0.3622 
   00267    0.6150    -775.8900  0.3859 
   00268    0.5625    -796.0716  0.3864 
   00269    0.5925    -783.8521  0.3425 
   00270    0.6175    -743.0561  0.3593 
   00271    0.6450    -747.5709  0.3850 
   00272    0.6025    -734.1788  0.3944 
   00273    0.6550    -749.7581  0.3956 
   00274    0.5975    -719.0055  0.3228 
   00275    0.6550    -718.0915  0.2844 
   00276    0.6650    -717.5600  0.3329 
   00277    0.6675    -744.8384  0.3394 
   00278    0.6000    -716.5708  0.3336 
   00279    0.6450    -732.2377  0.3117 
   00280    0.6575    -704.6349  0.2777 
   00281    0.6850    -681.8578  0.2998 
   00282    0.6775    -717.7405  0.2905 
   00283    0.6675    -688.8726  0.2684 
   00284    0.6350    -676.1745  0.2650 
   00285    0.6300    -724.2312  0.3114 
   00286    0.6200    -715.6096  0.3093 
   00287    0.6300    -766.1118  0.3338 
   00288    0.6050    -764.6599  0.3141 
   00289    0.6025    -740.1264  0.2874 
   00290    0.5875    -802.3259  0.3083 
   00291    0.6600    -781.6456  0.3182 
   00292    0.6350    -741.9054  0.2867 
   00293    0.6000    -749.2646  0.2990 
   00294    0.6725    -718.6397  0.2725 
   00295    0.6100    -754.4190  0.2722 
   00296    0.6125    -747.1101  0.2889 
   00297    0.6100    -742.3808  0.2704 
   00298    0.6425    -750.8506  0.2934 
   00299    0.6400    -763.8221  0.2874 
   00300    0.6000    -768.9860  0.3200 
   00301    0.6200    -742.2988  0.3370 
   00302    0.6100    -760.2025  0.3678 
   00303    0.5875    -804.1571  0.3688 
   00304    0.5750    -793.3982  0.3142 
   00305    0.6100    -778.6697  0.3235 
   00306    0.5975    -770.6602  0.2600 
   00307    0.6125    -738.6769  0.2849 
   00308    0.6225    -740.0417  0.3094 
   00309    0.6475    -749.1329  0.2987 
   00310    0.6700    -718.1500  0.2811 
   00311    0.6725    -717.3611  0.2949 
   00312    0.6625    -710.7586  0.3449 
   00313    0.6675    -691.8754  0.3519 
   00314    0.6625    -696.6606  0.3179 
   00315    0.6525    -697.3807  0.3004 
   00316    0.6325    -718.4827  0.2689 
   00317    0.6025    -763.5192  0.3348 
   00318    0.5625    -772.5102  0.3523 
   00319    0.6350    -766.6949  0.3096 
   00320    0.6075    -771.6416  0.3260 
   00321    0.6100    -760.1069  0.2853 
   00322    0.6150    -781.0992  0.2788 
   00323    0.6000    -750.3762  0.2722 
   00324    0.5875    -753.7320  0.2547 
   00325    0.6775    -746.0466  0.2529 
   00326    0.6450    -717.4292  0.2750 
   00327    0.6425    -720.9875  0.2842 
   00328    0.6400    -737.5549  0.3000 
   00329    0.6350    -711.6231  0.2905 
   00330    0.6450    -696.2906  0.2962 
   00331    0.6725    -680.0939  0.2896 
   00332    0.6400    -697.7691  0.2807 
   00333    0.6150    -694.9322  0.3182 
   00334    0.6650    -738.9442  0.3224 
   00335    0.6125    -729.7638  0.3277 
   00336    0.6225    -725.9491  0.3117 
   00337    0.6375    -704.5557  0.2928 
   00338    0.6175    -750.7559  0.3180 
   00339    0.6325    -748.6180  0.3506 
   00340    0.6425    -754.6962  0.3381 
   00341    0.6025    -705.4717  0.3311 
   00342    0.6225    -753.1993  0.3258 
   00343    0.6425    -745.6045  0.3396 
   00344    0.5725    -758.0615  0.3201 
   00345    0.5975    -778.3119  0.3342 
   00346    0.5675    -791.5199  0.3554 
   00347    0.6425    -750.2307  0.3425 
   00348    0.6375    -717.8031  0.3100 
   00349    0.6350    -663.9734  0.2828 
   00350    0.6750    -686.2961  0.3074 
   00351    0.6325    -700.3224  0.2829 
   00352    0.6600    -744.9466  0.3229 
   00353    0.6475    -719.9805  0.3024 
   00354    0.6700    -699.6103  0.3278 
   00355    0.6300    -753.2445  0.3479 
   00356    0.6200    -757.6834  0.3492 
   00357    0.6550    -744.3397  0.3289 
   00358    0.6050    -769.7231  0.2993 
   00359    0.5925    -737.4855  0.2690 
   00360    0.6525    -702.3661  0.2970 
   00361    0.6450    -665.1461  0.2984 
   00362    0.6175    -698.4198  0.3178 
   00363    0.6050    -725.5772  0.3059 
   00364    0.6575    -753.2994  0.3381 
   00365    0.5975    -736.5087  0.3247 
   00366    0.6350    -757.2165  0.3519 
   00367    0.6100    -786.2256  0.3267 
   00368    0.6425    -724.3459  0.2899 
   00369    0.5975    -777.5381  0.3221 
   00370    0.6025    -738.3193  0.3269 
   00371    0.6275    -760.3747  0.3182 
   00372    0.5950    -765.0859  0.3363 
   00373    0.6325    -747.2090  0.3293 
   00374    0.6325    -749.2321  0.3093 
   00375    0.6550    -697.7838  0.3223 
   00376    0.6175    -659.0973  0.2942 
   00377    0.6400    -721.9996  0.3274 
   00378    0.6450    -715.7782  0.3622 
   00379    0.6350    -731.5864  0.3618 
   00380    0.6300    -767.6486  0.3886 
   00381    0.6250    -764.8175  0.3712 
   00382    0.5975    -764.4696  0.3092 
   00383    0.6350    -758.4523  0.3226 
   00384    0.6525    -736.6980  0.3548 
   00385    0.6200    -756.0608  0.3477 
   00386    0.6850    -693.2835  0.3277 
   00387    0.6350    -656.7399  0.3095 
   00388    0.6700    -703.9041  0.3342 
   00389    0.6825    -746.1358  0.3145 
   00390    0.5975    -758.4304  0.3111 
   00391    0.6450    -731.2796  0.3082 
   00392    0.6125    -747.7295  0.3693 
   00393    0.5800    -784.6736  0.3654 
   00394    0.6075    -772.5548  0.3606 
   00395    0.5925    -768.6888  0.3601 
   00396    0.6850    -733.9466  0.3680 
   00397    0.6075    -776.9393  0.3979 
   00398    0.6275    -731.6037  0.3769 
   00399    0.6100    -769.2965  0.3503 
   00400    0.6300    -785.1659  0.3095 
   00401    0.6525    -762.7584  0.3065 
   00402    0.5475    -782.2998  0.3157 
   00403    0.6000    -770.4215  0.3253 
   00404    0.6400    -738.1039  0.2936 
   00405    0.6075    -670.0150  0.2837 
   00406    0.6625    -653.1912  0.2830 
   00407    0.6725    -667.1221  0.2889 
   00408    0.6225    -744.1602  0.3682 
   00409    0.6175    -746.7736  0.3625 
   00410    0.6450    -733.9088  0.3700 
   00411    0.5700    -736.3392  0.3792 
   00412    0.6000    -754.0105  0.3824 
   00413    0.6250    -753.9369  0.3939 
   00414    0.6250    -787.3294  0.3730 
   00415    0.6375    -751.5078  0.3441 
   00416    0.6425    -720.3646  0.3628 
   00417    0.6300    -767.9988  0.3526 
   00418    0.5975    -741.2795  0.3886 
   00419    0.6475    -746.7621  0.3507 
   00420    0.6225    -822.3176  0.3606 
   00421    0.6375    -784.1159  0.3425 
   00422    0.6300    -738.5414  0.3059 
   00423    0.6100    -786.0943  0.3195 
   00424    0.6075    -778.6744  0.3387 
   00425    0.6100    -737.0506  0.3341 
   00426    0.6025    -775.1726  0.3521 
   00427    0.6225    -760.1000  0.3536 
   00428    0.6100    -720.1266  0.3299 
   00429    0.6275    -695.2090  0.2723 
   00430    0.6575    -750.0126  0.3112 
   00431    0.6200    -722.9907  0.3423 
   00432    0.6350    -722.4069  0.3155 
   00433    0.6575    -756.2196  0.3175 
   00434    0.6075    -770.4424  0.3109 
   00435    0.6325    -693.9127  0.2921 
   00436    0.6650    -711.6443  0.3675 
   00437    0.6425    -750.1382  0.3466 
   00438    0.6200    -768.6461  0.3489 
   00439    0.6075    -758.6650  0.3274 
   00440    0.6575    -733.2261  0.2764 
   00441    0.6500    -746.1555  0.2879 
   00442    0.6025    -787.5120  0.2836 
   00443    0.6225    -721.3143  0.2934 
   00444    0.6575    -731.5540  0.3036 
   00445    0.5875    -799.2552  0.3008 
   00446    0.5950    -737.6140  0.2815 
   00447    0.6650    -726.6486  0.2719 
   00448    0.6350    -726.4688  0.2573 
   00449    0.6350    -743.8762  0.2949 
   00450    0.6550    -808.5297  0.3309 
   00451    0.6125    -779.4011  0.3346 
   00452    0.6150    -740.9752  0.3622 
   00453    0.6075    -759.1161  0.3715 
   00454    0.6275    -759.1529  0.4010 
   00455    0.6525    -729.6007  0.3888 
   00456    0.6225    -739.2427  0.3995 
   00457    0.6225    -703.8250  0.3566 
   00458    0.6400    -733.8762  0.3214 
   00459    0.5875    -749.7558  0.3217 
   00460    0.6000    -746.9687  0.3394 
   00461    0.6150    -752.1852  0.3446 
   00462    0.5975    -759.5327  0.3750 
   00463    0.5925    -760.9773  0.3777 
   00464    0.6200    -774.9104  0.3914 
   00465    0.6375    -738.8059  0.3870 
   00466    0.6075    -734.5076  0.4004 
   00467    0.6425    -722.8730  0.3544 
   00468    0.6400    -712.0926  0.3706 
   00469    0.6550    -756.5880  0.3789 
   00470    0.6200    -738.7788  0.3717 
   00471    0.6325    -771.5609  0.3619 
   00472    0.5925    -813.9692  0.3636 
   00473    0.6200    -784.9567  0.3458 
   00474    0.5625    -807.3642  0.3560 
   00475    0.5750    -779.7661  0.3155 
   00476    0.6500    -755.9507  0.3263 
   00477    0.6275    -770.2399  0.3409 
   00478    0.5900    -787.0892  0.3499 
   00479    0.5875    -758.8996  0.3366 
   00480    0.6650    -764.4525  0.3420 
   00481    0.5900    -743.0006  0.2656 
   00482    0.5800    -744.6224  0.3046 
   00483    0.6250    -681.1901  0.3327 
   00484    0.6475    -736.2390  0.3644 
   00485    0.6600    -718.7888  0.3265 
   00486    0.6025    -794.0830  0.3235 
   00487    0.6250    -765.0128  0.3303 
   00488    0.6500    -762.4191  0.3054 
   00489    0.6125    -711.6622  0.2977 
   00490    0.5975    -772.3225  0.2789 
   00491    0.6175    -723.6391  0.3309 
   00492    0.6450    -739.3564  0.3356 
   00493    0.6450    -735.6306  0.3620 
   00494    0.6100    -712.5832  0.3550 
   00495    0.6225    -723.6890  0.3293 
   00496    0.6325    -729.3805  0.3103 
   00497    0.6650    -730.8240  0.2911 
   00498    0.6275    -730.2986  0.3093 
   00499    0.6000    -725.4677  0.3018 
   00500    0.6425    -720.4564  0.3311 
   00501    0.6350    -725.7403  0.3486 
   00502    0.6575    -738.8658  0.3659 
   00503    0.5950    -750.5299  0.3389 
   00504    0.6000    -767.0328  0.3266 
   00505    0.6075    -776.0064  0.3157 
   00506    0.6450    -749.5546  0.3081 
   00507    0.6450    -748.6976  0.2991 
   00508    0.6675    -727.4470  0.3388 
   00509    0.6350    -664.9881  0.3493 
   00510    0.5975    -738.4084  0.3576 
   00511    0.6600    -677.7180  0.3273 
   00512    0.6450    -727.9911  0.3485 
   00513    0.6250    -721.8185  0.3093 
   00514    0.6150    -697.5940  0.3100 
   00515    0.6975    -713.0386  0.3123 
   00516    0.6375    -757.3726  0.2808 
   00517    0.6400    -755.6024  0.2843 
   00518    0.5625    -772.5114  0.2875 
   00519    0.6075    -753.1584  0.2836 
   00520    0.6125    -717.7857  0.3018 
   00521    0.6625    -732.7935  0.2737 
   00522    0.6300    -771.1043  0.2623 
   00523    0.6200    -760.8037  0.2522 
   00524    0.5825    -723.0607  0.2890 
   00525    0.6425    -754.3479  0.2682 
   00526    0.6125    -744.6786  0.2892 
   00527    0.5850    -729.6599  0.3037 
   00528    0.6575    -725.8815  0.2725 
   00529    0.6100    -736.3216  0.3258 
   00530    0.6625    -730.2834  0.3179 
   00531    0.6675    -693.4046  0.3261 
   00532    0.6725    -707.6758  0.3415 
   00533    0.6425    -716.9670  0.3497 
   00534    0.6450    -728.9988  0.3263 
   00535    0.6500    -714.4465  0.2890 
   00536    0.6475    -707.6177  0.2990 
   00537    0.5950    -717.0037  0.3058 
   00538    0.6575    -775.2765  0.3246 
   00539    0.6275    -738.1445  0.2891 
   00540    0.6250    -724.5105  0.3177 
   00541    0.6175    -721.7820  0.3378 
   00542    0.6350    -746.2057  0.3384 
   00543    0.6150    -722.1042  0.3459 
   00544    0.6450    -726.5168  0.3501 
   00545    0.6100    -707.4190  0.3387 
   00546    0.6125    -780.3463  0.3371 
   00547    0.6275    -749.3256  0.3220 
   00548    0.6200    -765.8532  0.3521 
   00549    0.6550    -763.7612  0.3741 
   00550    0.6575    -726.6772  0.3628 
   00551    0.6050    -743.0793  0.3733 
   00552    0.6350    -771.8904  0.3940 
   00553    0.6150    -736.8711  0.3424 
   00554    0.6550    -700.1073  0.2798 
   00555    0.6125    -701.9651  0.2843 
   00556    0.6400    -693.8782  0.2767 
   00557    0.6350    -675.0509  0.2705 
   00558    0.6700    -712.1262  0.2984 
   00559    0.5925    -745.9792  0.3188 
   00560    0.6425    -749.7618  0.2958 
   00561    0.6400    -784.8636  0.2834 
   00562    0.6350    -749.9701  0.2885 
   00563    0.6400    -695.3757  0.2727 
   00564    0.6875    -715.5233  0.2882 
   00565    0.6375    -672.5012  0.3309 
   00566    0.6425    -687.0118  0.3929 
   00567    0.6325    -747.1257  0.4017 
   00568    0.6425    -759.0774  0.4053 
   00569    0.6000    -738.2298  0.3627 
   00570    0.6175    -703.8751  0.3914 
   00571    0.6400    -729.8823  0.3924 
   00572    0.6525    -748.1886  0.4009 
   00573    0.6575    -761.7674  0.3901 
   00574    0.6200    -714.7772  0.3771 
   00575    0.6700    -724.1103  0.3233 
   00576    0.6700    -746.0383  0.3039 
   00577    0.5875    -721.6588  0.3202 
   00578    0.6600    -702.8738  0.2874 
   00579    0.6300    -770.5172  0.3153 
   00580    0.6200    -750.5440  0.3511 
   00581    0.5900    -752.4204  0.3324 
   00582    0.6225    -712.8182  0.3245 
   00583    0.6400    -729.4094  0.3260 
   00584    0.6600    -688.4301  0.2886 
   00585    0.6750    -739.3479  0.3157 
   00586    0.6375    -716.1082  0.3267 
   00587    0.6525    -718.7880  0.3053 
   00588    0.6275    -727.8706  0.3225 
   00589    0.6875    -710.9405  0.3064 
   00590    0.6025    -728.8697  0.3188 
   00591    0.6125    -716.9695  0.2639 
   00592    0.6125    -730.0654  0.2768 
   00593    0.6150    -721.0705  0.2890 
   00594    0.6900    -706.5204  0.2854 
   00595    0.6300    -703.7446  0.2963 
   00596    0.6325    -731.4092  0.3302 
   00597    0.6250    -770.6369  0.3472 
   00598    0.6100    -758.3270  0.3746 
   00599    0.6200    -733.6386  0.3430 
   00600    0.6725    -711.4529  0.3171 
   00601    0.6225    -762.6635  0.3147 
   00602    0.6050    -810.5740  0.3010 
   00603    0.5775    -804.9989  0.3149 
   00604    0.6275    -763.0139  0.2672 
   00605    0.6175    -721.5692  0.2852 
   00606    0.6625    -746.2797  0.2743 
   00607    0.5950    -719.7238  0.2787 
   00608    0.6550    -696.6862  0.2842 
   00609    0.6400    -690.5445  0.3088 
   00610    0.6275    -749.5018  0.3412 
   00611    0.6275    -764.4659  0.3022 
   00612    0.6450    -746.6163  0.2867 
   00613    0.6350    -693.4382  0.2784 
   00614    0.6125    -721.5798  0.3138 
   00615    0.6525    -721.1076  0.3091 
   00616    0.6100    -799.2953  0.3253 
   00617    0.6875    -781.4894  0.2874 
   00618    0.5875    -748.6094  0.3116 
   00619    0.5925    -771.2947  0.2876 
   00620    0.6450    -715.0490  0.2779 
   00621    0.6350    -708.8287  0.3061 
   00622    0.6200    -744.4434  0.3067 
   00623    0.6625    -736.1121  0.3417 
   00624    0.6500    -759.6719  0.3553 
   00625    0.6200    -765.4157  0.3316 
   00626    0.6600    -729.0757  0.3002 
   00627    0.6075    -721.2849  0.3516 
   00628    0.5975    -771.7837  0.3478 
   00629    0.6475    -736.6470  0.3166 
   00630    0.5850    -743.2796  0.3283 
   00631    0.5775    -768.9607  0.3058 
   00632    0.6150    -726.3919  0.2945 
   00633    0.6825    -670.0453  0.3074 
   00634    0.6700    -705.9387  0.3099 
   00635    0.6300    -720.5930  0.3137 
   00636    0.6800    -712.7924  0.3240 
   00637    0.6250    -723.0490  0.3319 
   00638    0.6200    -737.8237  0.3636 
   00639    0.6800    -721.2369  0.2852 
   00640    0.6400    -743.3899  0.2853 
   00641    0.6500    -734.3166  0.2782 
   00642    0.6075    -746.9406  0.2910 
   00643    0.6200    -792.9187  0.3023 
   00644    0.5300    -825.1791  0.2962 
   00645    0.5700    -800.4192  0.2701 
   00646    0.5875    -797.4885  0.2579 
   00647    0.6175    -741.4241  0.2660 
   00648    0.6200    -728.4225  0.2872 
   00649    0.6075    -735.6155  0.2670 
   00650    0.6025    -699.9636  0.2546 
   00651    0.6475    -700.8444  0.2755 
   00652    0.6075    -719.6215  0.3117 
   00653    0.6250    -740.2864  0.2800 
   00654    0.6150    -731.2787  0.2870 
   00655    0.6375    -734.0679  0.2798 
   00656    0.6100    -764.0696  0.2659 
   00657    0.6675    -748.7946  0.3046 
   00658    0.6450    -782.6447  0.2877 
   00659    0.5850    -744.0489  0.3058 
   00660    0.6400    -699.9110  0.3058 
   00661    0.6325    -721.2355  0.2927 
   00662    0.6650    -699.5176  0.3020 
   00663    0.6225    -687.5506  0.3368 
   00664    0.6325    -710.2865  0.3807 
   00665    0.6200    -756.9613  0.3709 
   00666    0.6175    -785.8906  0.3685 
   00667    0.5900    -786.3226  0.3635 
   00668    0.5925    -809.4447  0.3674 
   00669    0.6125    -754.9495  0.3611 
   00670    0.6175    -751.1099  0.4181 
   00671    0.6550    -732.6178  0.3980 
   00672    0.6225    -792.5775  0.4100 
   00673    0.5975    -777.8813  0.4004 
   00674    0.6225    -786.3491  0.3917 
   00675    0.6000    -755.4692  0.3779 
   00676    0.5900    -759.4836  0.3646 
   00677    0.5825    -769.0116  0.3800 
   00678    0.6350    -742.8301  0.3881 
   00679    0.6750    -752.1144  0.4089 
   00680    0.6475    -734.9974  0.4183 
   00681    0.5725    -715.7331  0.3915 
   00682    0.6600    -719.6790  0.3557 
   00683    0.6675    -735.1706  0.3850 
   00684    0.6075    -750.4653  0.3761 
   00685    0.6425    -778.6123  0.3999 
   00686    0.6350    -756.3675  0.3784 
   00687    0.5975    -833.3011  0.4098 
   00688    0.5600    -797.2650  0.3917 
   00689    0.6175    -764.9023  0.3422 
   00690    0.6325    -757.0250  0.3664 
   00691    0.6850    -748.4021  0.3272 
   00692    0.6700    -723.3690  0.3334 
   00693    0.6450    -756.0185  0.3560 
   00694    0.6400    -752.0288  0.3751 
   00695    0.6125    -790.0112  0.3457 
   00696    0.6200    -745.5076  0.3047 
   00697    0.6025    -734.5531  0.3227 
   00698    0.5925    -719.2742  0.3078 
   00699    0.6250    -737.9392  0.2944 
   00700    0.6325    -722.4384  0.3174 
   00701    0.6325    -754.3031  0.3539 
   00702    0.6250    -752.3267  0.3173 
   00703    0.6000    -752.8757  0.3346 
   00704    0.6150    -773.0387  0.3112 
   00705    0.6175    -766.5987  0.3069 
   00706    0.6000    -753.0903  0.2933 
   00707    0.6175    -724.2553  0.2875 
   00708    0.6375    -715.4331  0.3325 
   00709    0.6475    -732.8018  0.3854 
   00710    0.6125    -794.9131  0.4177 
   00711    0.6175    -744.1185  0.4130 
   00712    0.6500    -748.5382  0.3569 
   00713    0.6600    -706.7489  0.3485 
   00714    0.6250    -747.0873  0.3638 
   00715    0.5900    -774.4735  0.3867 
   00716    0.6250    -756.6669  0.4046 
   00717    0.6225    -766.8095  0.3845 
   00718    0.6025    -766.8388  0.4366 
   00719    0.6075    -803.4872  0.4425 
   00720    0.5750    -786.1920  0.4293 
   00721    0.6025    -807.3024  0.3913 
   00722    0.6225    -802.2431  0.3981 
   00723    0.6125    -810.9558  0.3745 
   00724    0.6200    -784.6880  0.3500 
   00725    0.5750    -767.9907  0.3698 
   00726    0.5675    -789.1486  0.3396 
   00727    0.6150    -744.5909  0.3600 
   00728    0.6000    -771.3166  0.3299 
   00729    0.5875    -773.3073  0.3429 
   00730    0.6700    -752.0917  0.3542 
   00731    0.6225    -746.1355  0.3716 
   00732    0.6275    -763.1740  0.3870 
   00733    0.5900    -775.3527  0.3465 
   00734    0.5900    -776.6492  0.3495 
   00735    0.5800    -798.7650  0.3118 
   00736    0.6125    -762.6450  0.2893 
   00737    0.5900    -780.3663  0.2738 
   00738    0.6025    -778.0880  0.2958 
   00739    0.6500    -746.2619  0.3040 
   00740    0.6025    -761.9944  0.3250 
   00741    0.6375    -730.8092  0.3017 
   00742    0.6050    -721.2368  0.2854 
   00743    0.6275    -755.0499  0.2726 
   00744    0.6750    -690.6035  0.3046 
   00745    0.6375    -725.9543  0.3366 
   00746    0.6775    -692.0514  0.3561 
   00747    0.6825    -723.1882  0.3361 
   00748    0.6225    -710.4535  0.3268 
   00749    0.6450    -723.9824  0.3673 
   00750    0.6150    -693.9899  0.3389 
   00751    0.6025    -752.2828  0.3783 
   00752    0.6425    -732.4637  0.3660 
   00753    0.6150    -715.9810  0.3442 
   00754    0.6425    -696.7095  0.3434 
   00755    0.6325    -690.6966  0.3419 
   00756    0.6500    -718.2644  0.3449 
   00757    0.6550    -743.2986  0.3144 
   00758    0.6250    -725.4578  0.2804 
   00759    0.6200    -755.1619  0.2948 
   00760    0.6025    -799.4312  0.2652 
   00761    0.6250    -785.0991  0.2579 
   00762    0.6050    -742.7625  0.2829 
   00763    0.6250    -736.8694  0.2710 
   00764    0.6475    -736.5243  0.2786 
   00765    0.6375    -764.3109  0.3056 
   00766    0.5975    -764.6569  0.2787 
   00767    0.6125    -797.0658  0.2942 
   00768    0.5825    -797.5069  0.2945 
   00769    0.6300    -760.1934  0.2747 
   00770    0.5550    -788.4693  0.2615 
   00771    0.6075    -776.1079  0.3210 
   00772    0.6250    -716.6771  0.2990 
   00773    0.6000    -726.3627  0.3026 
   00774    0.5975    -757.7251  0.3218 
   00775    0.6275    -752.3105  0.3148 
   00776    0.6325    -770.9405  0.3182 
   00777    0.5675    -754.0527  0.2838 
   00778    0.5800    -752.9499  0.2923 
   00779    0.6650    -741.8653  0.3148 
   00780    0.6450    -760.7182  0.3464 
   00781    0.6125    -766.9850  0.3715 
   00782    0.5825    -776.8896  0.3447 
   00783    0.5750    -749.4315  0.3900 
   00784    0.6550    -735.8724  0.3447 
   00785    0.6275    -755.0009  0.3514 
   00786    0.6400    -738.4286  0.3931 
   00787    0.6475    -734.7168  0.3893 
   00788    0.6025    -744.5844  0.3800 
   00789    0.6350    -772.9278  0.3715 
   00790    0.6325    -759.5059  0.3706 
   00791    0.6075    -756.4846  0.3655 
   00792    0.5950    -803.1334  0.3606 
   00793    0.6425    -755.5494  0.3402 
   00794    0.6100    -745.6115  0.3264 
   00795    0.6075    -750.5763  0.3070 
   00796    0.6425    -782.3548  0.3161 
   00797    0.6250    -753.8649  0.2900 
   00798    0.6425    -767.5844  0.2649 
   00799    0.6075    -755.4763  0.3036 
   00800    0.6375    -769.6020  0.3042 
   00801    0.6150    -763.3488  0.3068 
   00802    0.5900    -748.0589  0.3164 
   00803    0.6075    -748.1781  0.3355 
   00804    0.6500    -696.1604  0.2952 
   00805    0.6050    -693.8433  0.3090 
   00806    0.6525    -669.0043  0.2880 
   00807    0.6100    -726.5752  0.2961 
   00808    0.6650    -777.6799  0.2962 
   00809    0.6475    -745.3401  0.3188 
   00810    0.5900    -773.6035  0.3234 
   00811    0.6225    -721.2966  0.2826 
   00812    0.6700    -700.3819  0.2948 
   00813    0.6500    -699.7680  0.2657 
   00814    0.6850    -692.5885  0.3031 
   00815    0.6150    -672.1355  0.2993 
   00816    0.6300    -694.3351  0.3135 
   00817    0.6300    -711.4839  0.3211 
   00818    0.6550    -723.6041  0.3044 
   00819    0.6200    -741.4916  0.3318 
   00820    0.6350    -700.2992  0.2903 
   00821    0.6275    -724.3657  0.2905 
   00822    0.6775    -686.8908  0.3037 
   00823    0.6500    -717.3726  0.2823 
   00824    0.6125    -772.9953  0.2899 
   00825    0.6550    -772.6230  0.3234 
   00826    0.5825    -804.6231  0.3095 
   00827    0.5425    -812.6000  0.2898 
   00828    0.5875    -811.7374  0.3190 
   00829    0.6075    -786.3832  0.3558 
   00830    0.6400    -769.7796  0.3077 
   00831    0.6000    -779.2249  0.3079 
   00832    0.5975    -760.9776  0.3138 
   00833    0.6550    -755.4710  0.3205 
   00834    0.6375    -766.5908  0.3186 
   00835    0.5950    -777.9285  0.3383 
   00836    0.6450    -777.5243  0.3212 
   00837    0.6100    -760.1026  0.3342 
   00838    0.6400    -741.0584  0.3515 
   00839    0.6225    -732.0447  0.3506 
   00840    0.6425    -769.0194  0.3203 
   00841    0.6075    -757.8531  0.3363 
   00842    0.5800    -733.3973  0.3094 
   00843    0.6600    -756.7929  0.2770 
   00844    0.6325    -755.5394  0.2966 
   00845    0.5900    -727.6574  0.3563 
   00846    0.6450    -752.4928  0.3567 
   00847    0.5850    -754.5938  0.3530 
   00848    0.6500    -740.1551  0.3515 
   00849    0.5700    -772.4626  0.3700 
   00850    0.5975    -744.2409  0.3743 
   00851    0.6125    -748.7668  0.3640 
   00852    0.6350    -755.3535  0.3520 
   00853    0.6200    -773.3588  0.3475 
   00854    0.6200    -775.8811  0.3370 
   00855    0.5925    -735.8395  0.3525 
   00856    0.6125    -777.7776  0.3737 
   00857    0.6200    -694.4870  0.3468 
   00858    0.6300    -766.6617  0.3398 
   00859    0.6500    -747.9073  0.3328 
   00860    0.6075    -732.3796  0.3596 
   00861    0.6775    -710.0348  0.3496 
   00862    0.6175    -765.7750  0.3505 
   00863    0.6175    -757.9121  0.3772 
   00864    0.6225    -746.3434  0.3812 
   00865    0.5900    -763.3267  0.3740 
   00866    0.5850    -755.4513  0.3260 
   00867    0.6300    -744.6877  0.3247 
   00868    0.6450    -755.7649  0.3043 
   00869    0.6550    -759.1012  0.2840 
   00870    0.6075    -744.7679  0.3117 
   00871    0.6650    -707.6907  0.3221 
   00872    0.6450    -690.4581  0.3245 
   00873    0.6675    -703.6792  0.3321 
   00874    0.6800    -655.6870  0.3246 
   00875    0.6275    -696.1961  0.3858 
   00876    0.6575    -733.9981  0.3588 
   00877    0.6225    -739.3464  0.3054 
   00878    0.6100    -762.6388  0.3111 
   00879    0.5925    -776.7468  0.3043 
   00880    0.6250    -760.3635  0.3129 
   00881    0.6075    -715.5147  0.3000 
   00882    0.6625    -746.5969  0.3059 
   00883    0.6075    -755.6925  0.3355 
   00884    0.6225    -741.8200  0.3371 
   00885    0.6500    -737.0915  0.3471 
   00886    0.6250    -758.6115  0.3442 
   00887    0.6100    -749.9253  0.3461 
   00888    0.6325    -712.1288  0.3398 
   00889    0.5700    -710.7379  0.3114 
   00890    0.6525    -697.5143  0.3042 
   00891    0.6550    -711.6392  0.2998 
   00892    0.6300    -766.1640  0.3152 
   00893    0.6125    -765.8988  0.3024 
   00894    0.6300    -745.1835  0.3166 
   00895    0.6850    -718.4044  0.3199 
   00896    0.6600    -703.7832  0.3490 
   00897    0.5700    -778.6322  0.3607 
   00898    0.5925    -776.2280  0.3360 
   00899    0.6225    -771.4797  0.3692 
   00900    0.6225    -787.8782  0.3656 
   00901    0.6300    -758.1243  0.3443 
   00902    0.6750    -734.4548  0.3185 
   00903    0.6475    -758.1684  0.2761 
   00904    0.6575    -705.1952  0.3034 
   00905    0.6275    -709.5736  0.3035 
   00906    0.6325    -751.8468  0.3304 
   00907    0.6675    -756.7240  0.3247 
   00908    0.6375    -722.2491  0.3507 
   00909    0.6100    -674.8252  0.3368 
   00910    0.6400    -723.3408  0.3711 
   00911    0.6275    -758.5279  0.3297 
   00912    0.6375    -765.0398  0.3482 
   00913    0.6825    -739.1272  0.3426 
   00914    0.6175    -743.8477  0.3754 
   00915    0.6300    -790.5046  0.3773 
   00916    0.6200    -804.2326  0.4077 
   00917    0.6425    -803.0298  0.3535 
   00918    0.6150    -737.2810  0.3338 
   00919    0.6200    -766.9896  0.3279 
   00920    0.6075    -756.5854  0.3101 
   00921    0.6025    -760.7070  0.3391 
   00922    0.6100    -749.7632  0.3338 
   00923    0.6150    -695.0688  0.3089 
   00924    0.6100    -693.7776  0.3016 
   00925    0.6300    -732.6268  0.2883 
   00926    0.6300    -740.8646  0.2676 
   00927    0.6425    -762.5158  0.2766 
   00928    0.6000    -758.1457  0.2681 
   00929    0.6325    -727.5126  0.2762 
   00930    0.6225    -748.8261  0.2794 
   00931    0.6650    -787.2517  0.2866 
   00932    0.6100    -777.2103  0.2979 
   00933    0.5875    -743.1422  0.3350 
   00934    0.6525    -708.9517  0.3384 
   00935    0.6700    -719.8012  0.3149 
   00936    0.6450    -707.8258  0.3251 
   00937    0.6450    -703.4644  0.3254 
   00938    0.6750    -729.0536  0.3235 
   00939    0.6425    -779.4291  0.3284 
   00940    0.5875    -779.6446  0.3445 
   00941    0.5825    -748.7473  0.3380 
   00942    0.6350    -741.7770  0.3032 
   00943    0.6225    -722.2540  0.3137 
   00944    0.6375    -762.5211  0.3602 
   00945    0.5975    -764.2819  0.3536 
   00946    0.6000    -765.8948  0.3469 
   00947    0.6075    -754.1017  0.3793 
   00948    0.6100    -780.0405  0.3938 
   00949    0.6375    -731.4669  0.4038 
   00950    0.6325    -758.3417  0.4052 
   00951    0.6575    -735.4083  0.3589 
   00952    0.6700    -727.7147  0.2928 
   00953    0.6450    -705.2249  0.2985 
   00954    0.6900    -688.5669  0.2588 
   00955    0.6200    -732.4014  0.2681 
   00956    0.6425    -730.6593  0.2680 
   00957    0.6075    -712.5354  0.2729 
   00958    0.6400    -773.2763  0.3235 
   00959    0.6125    -736.4269  0.2887 
   00960    0.6625    -717.1297  0.2645 
   00961    0.5950    -711.0858  0.2722 
   00962    0.6775    -688.3771  0.2892 
   00963    0.6375    -714.4897  0.3164 
   00964    0.6275    -754.2931  0.3215 
   00965    0.6600    -740.2228  0.3334 
   00966    0.6100    -724.4848  0.3349 
   00967    0.6400    -735.8920  0.3258 
   00968    0.6400    -719.3935  0.3330 
   00969    0.6050    -768.0002  0.3807 
   00970    0.6450    -739.2791  0.3797 
   00971    0.6250    -685.1122  0.3501 
   00972    0.6450    -720.3732  0.3288 
   00973    0.6500    -696.3438  0.3083 
   00974    0.6100    -709.3322  0.3097 
   00975    0.6225    -695.2189  0.2885 
   00976    0.6525    -674.9984  0.2968 
   00977    0.6750    -731.8575  0.2877 
   00978    0.6450    -739.1603  0.3010 
   00979    0.6675    -724.0406  0.2889 
   00980    0.6125    -712.1440  0.2829 
   00981    0.6525    -692.3028  0.2942 
   00982    0.5975    -726.7471  0.3040 
   00983    0.6600    -720.7593  0.2676 
   00984    0.6450    -717.1121  0.2792 
   00985    0.6075    -762.1013  0.2703 
   00986    0.6250    -765.2454  0.2741 
   00987    0.6150    -667.1550  0.3253 
   00988    0.6700    -715.0937  0.3417 
   00989    0.6450    -732.0359  0.3055 
   00990    0.6100    -768.1795  0.2868 
   00991    0.6000    -773.7269  0.2621 
   00992    0.5800    -775.0411  0.2696 
   00993    0.6250    -787.2627  0.2742 
   00994    0.6600    -794.7758  0.2773 
   00995    0.6350    -764.2766  0.3056 
   00996    0.6375    -726.2059  0.3053 
   00997    0.6525    -699.8806  0.3372 
   00998    0.6425    -702.7309  0.3333 
   00999    0.6475    -741.1367  0.3212 
   01000    0.6650    -754.3791  0.3029 
