#=====================================================
# File created:        Mon-03-Nov-2025-at-01-42-10AM
# Size of lattice:     20x20
# Number of MC steps:  1000
# Reduced temperature: 0.700
# Run time (s):        7.613712
#=====================================================
# MC step:  Ratio:     Energy:   Order:
#=====================================================
   00000    0.5000    -411.0574  0.2643 
   00001    0.7175    -574.6141  0.2882 
   00002    0.6600    -694.8723  0.2796 
   00003    0.5750    -744.8925  0.2822 
   00004    0.5200    -798.0225  0.2606 
   00005    0.5300    -881.3841  0.2810 
   00006    0.4800    -923.5802  0.3065 
   00007    0.5300    -930.2254  0.3324 
   00008    0.5225    -923.1716  0.3068 
   00009    0.5075    -976.1159  0.3233 
   00010    0.4550   -1013.9543  0.3114 
   00011    0.4550   -1039.0099  0.3102 
   00012    0.4500   -1034.1429  0.3455 
   00013    0.5275   -1050.6705  0.3377 
   00014    0.4225   -1071.0146  0.3458 
   00015    0.5125   -1083.2741  0.3344 
   00016    0.4150   -1091.1478  0.3214 
   00017    0.4725   -1077.8437  0.3052 
   00018    0.4725   -1084.4973  0.3109 
   00019    0.4100   -1094.3856  0.3265 
   00020    0.4750   -1131.5048  0.3240 
   00021    0.4325   -1143.7981  0.3311 
   00022    0.4375   -1142.6963  0.3190 
   00023    0.4150   -1129.5381  0.3053 
   00024    0.4500   -1142.4433  0.3296 
   00025    0.4225   -1150.7302  0.3085 
   00026    0.4425   -1157.8404  0.3096 
   00027    0.4000   -1173.3794  0.2879 
   00028    0.4300   -1181.6291  0.2837 
   00029    0.3800   -1202.1101  0.2832 
   00030    0.4150   -1192.6357  0.2754 
   00031    0.4575   -1174.1497  0.2986 
   00032    0.3625   -1174.6377  0.3018 
   00033    0.4125   -1155.8220  0.3333 
   00034    0.4400   -1120.4571  0.3333 
   00035    0.4725   -1128.0237  0.3412 
   00036    0.4425   -1139.6451  0.3502 
   00037    0.4575   -1123.7922  0.3556 
   00038    0.4525   -1134.8392  0.3391 
   00039    0.4050   -1126.4317  0.3387 
   00040    0.4625   -1121.2292  0.3553 
   00041    0.4200   -1130.3399  0.3621 
   00042    0.4400   -1126.1490  0.3607 
   00043    0.4150   -1113.3585  0.3633 
   00044    0.4500   -1144.7021  0.3618 
   00045    0.4325   -1160.1443  0.3601 
   00046    0.4650   -1182.8183  0.3619 
   00047    0.4050   -1162.6434  0.3367 
   00048    0.4225   -1173.0184  0.3660 
   00049    0.4400   -1180.6148  0.3694 
   00050    0.4300   -1181.7638  0.3536 
   00051    0.4575   -1200.9271  0.3336 
   00052    0.3700   -1186.6426  0.3357 
   00053    0.3850   -1178.1109  0.3555 
   00054    0.4325   -1162.7445  0.3664 
   00055    0.4175   -1170.9965  0.3524 
   00056    0.4375   -1183.7551  0.3432 
   00057    0.3950   -1161.7736  0.3507 
   00058    0.4025   -1154.0121  0.3605 
   00059    0.4525   -1149.6212  0.3655 
   00060    0.4175   -1138.1964  0.3783 
   00061    0.4050   -1158.6378  0.3815 
   00062    0.4475   -1178.8346  0.3819 
   00063    0.3750   -1172.2855  0.3827 
   00064    0.4300   -1161.4728  0.3983 
   00065    0.4350   -1175.3767  0.4198 
   00066    0.3825   -1178.3602  0.4343 
   00067    0.3950   -1181.6400  0.4300 
   00068    0.4100   -1185.5768  0.4372 
   00069    0.4425   -1176.0429  0.4413 
   00070    0.4325   -1185.1459  0.4529 
   00071    0.3975   -1195.8731  0.4498 
   00072    0.4125   -1203.3741  0.4619 
   00073    0.4025   -1158.8083  0.4731 
   00074    0.4500   -1169.5147  0.4660 
   00075    0.4175   -1164.9599  0.4470 
   00076    0.4275   -1181.9706  0.4534 
   00077    0.3850   -1181.4416  0.4441 
   00078    0.4175   -1201.0555  0.4473 
   00079    0.4325   -1232.9314  0.4704 
   00080    0.4075   -1224.7008  0.4648 
   00081    0.4325   -1217.6695  0.4752 
   00082    0.4075   -1216.0891  0.4784 
   00083    0.3900   -1214.7630  0.4765 
   00084    0.4625   -1229.2393  0.4833 
   00085    0.4200   -1211.6533  0.4863 
   00086    0.3650   -1250.8189  0.4948 
   00087    0.4175   -1201.4842  0.4853 
   00088    0.4025   -1204.3164  0.4924 
   00089    0.4100   -1215.3711  0.4838 
   00090    0.3950   -1221.6064  0.5011 
   00091    0.3750   -1164.8047  0.4894 
   00092    0.4400   -1180.5512  0.4969 
   00093    0.4100   -1167.4427  0.5008 
   00094    0.4450   -1185.0085  0.5158 
   00095    0.4125   -1177.3135  0.5017 
   00096    0.3775   -1172.3434  0.5107 
   00097    0.3825   -1179.9764  0.5277 
   00098    0.4250   -1166.0149  0.5358 
   00099    0.4350   -1179.3234  0.5410 
   00100    0.3975   -1179.6384  0.5488 
   00101    0.4200   -1166.2092  0.5327 
   00102    0.4150   -1192.7897  0.5453 
   00103    0.3850   -1172.4640  0.5464 
   00104    0.4275   -1163.9055  0.5512 
   00105    0.4250   -1176.0632  0.5622 
   00106    0.4500   -1212.2857  0.5773 
   00107    0.4000   -1223.0876  0.5849 
   00108    0.4125   -1206.1807  0.5780 
   00109    0.4050   -1221.1639  0.5631 
   00110    0.3900   -1237.5242  0.5834 
   00111    0.3900   -1221.5977  0.5810 
   00112    0.4425   -1232.4646  0.5791 
   00113    0.4100   -1223.7971  0.5835 
   00114    0.3775   -1217.6189  0.5814 
   00115    0.3700   -1247.9871  0.5855 
   00116    0.4100   -1233.7199  0.5812 
   00117    0.3950   -1217.9631  0.5782 
   00118    0.4250   -1189.5158  0.5750 
   00119    0.4175   -1176.7661  0.5662 
   00120    0.4150   -1191.5048  0.5842 
   00121    0.4000   -1176.8232  0.5868 
   00122    0.4475   -1172.1010  0.5928 
   00123    0.4075   -1183.6141  0.5964 
   00124    0.4200   -1162.7864  0.6082 
   00125    0.4375   -1181.1830  0.6369 
   00126    0.4250   -1186.8179  0.6445 
   00127    0.4450   -1170.1526  0.6284 
   00128    0.4050   -1202.3581  0.6304 
   00129    0.3950   -1188.7345  0.6316 
   00130    0.4325   -1181.3224  0.6406 
   00131    0.3775   -1213.1471  0.6547 
   00132    0.3675   -1215.3088  0.6666 
   00133    0.4150   -1275.5666  0.6723 
   00134    0.3900   -1243.5759  0.6752 
   00135    0.3925   -1225.1280  0.6657 
   00136    0.4200   -1209.1764  0.6667 
   00137    0.4050   -1189.6678  0.6624 
   00138    0.4000   -1198.5741  0.6827 
   00139    0.4200   -1174.7899  0.6937 
   00140    0.4300   -1184.1715  0.7041 
   00141    0.3900   -1182.9508  0.6912 
   00142    0.4225   -1183.0868  0.6885 
   00143    0.3775   -1165.1277  0.6981 
   00144    0.4375   -1154.3170  0.7010 
   00145    0.4250   -1163.7690  0.6832 
   00146    0.4125   -1206.8683  0.6881 
   00147    0.4050   -1196.1115  0.7037 
   00148    0.4350   -1227.5583  0.7220 
   00149    0.3950   -1228.4801  0.7146 
   00150    0.4000   -1225.5237  0.7201 
   00151    0.3925   -1245.0916  0.7345 
   00152    0.4025   -1275.9492  0.7348 
   00153    0.4325   -1284.5245  0.7412 
   00154    0.4100   -1266.1553  0.7182 
   00155    0.3850   -1265.9331  0.7133 
   00156    0.3700   -1244.6260  0.7044 
   00157    0.4475   -1240.1372  0.7020 
   00158    0.3925   -1223.0395  0.6821 
   00159    0.4475   -1202.1437  0.7019 
   00160    0.3975   -1217.8789  0.7033 
   00161    0.3825   -1209.0735  0.7022 
   00162    0.4025   -1232.6352  0.7200 
   00163    0.3675   -1235.8678  0.7192 
   00164    0.3675   -1274.7146  0.7217 
   00165    0.3925   -1240.1722  0.7105 
   00166    0.3925   -1241.1603  0.7203 
   00167    0.3825   -1225.8659  0.7188 
   00168    0.4150   -1252.0428  0.7451 
   00169    0.3600   -1253.5445  0.7454 
   00170    0.4250   -1243.9416  0.7431 
   00171    0.4125   -1256.0219  0.7491 
   00172    0.3750   -1247.5214  0.7429 
   00173    0.4125   -1228.4634  0.7434 
   00174    0.4325   -1202.0860  0.7407 
   00175    0.3925   -1217.3026  0.7413 
   00176    0.4125   -1247.3010  0.7593 
   00177    0.4075   -1223.9964  0.7490 
   00178    0.3850   -1238.0255  0.7633 
   00179    0.4275   -1250.1583  0.7690 
   00180    0.3575   -1258.3657  0.7829 
   00181    0.3825   -1267.8745  0.7919 
   00182    0.3975   -1284.9806  0.8017 
   00183    0.4075   -1245.3200  0.7927 
   00184    0.3900   -1243.7461  0.7895 
   00185    0.4275   -1245.9952  0.7886 
   00186    0.3875   -1232.0819  0.7871 
   00187    0.4200   -1267.9944  0.7878 
   00188    0.4150   -1272.6305  0.7836 
   00189    0.4625   -1284.8894  0.8051 
   00190    0.3725   -1265.9061  0.7989 
   00191    0.3975   -1270.5978  0.7987 
   00192    0.4450   -1263.8866  0.8035 
   00193    0.4000   -1283.5644  0.8220 
   00194    0.3500   -1300.3706  0.8250 
   00195    0.4100   -1272.3686  0.8154 
   00196    0.3750   -1278.9593  0.8125 
   00197    0.3900   -1288.9074  0.8263 
   00198    0.3725   -1311.7234  0.8303 
   00199    0.3950   -1323.1235  0.8413 
   00200    0.3225   -1320.4174  0.8440 
   00201    0.4250   -1300.4203  0.8414 
   00202    0.3900   -1290.4254  0.8344 
   00203    0.3975   -1287.8784  0.8167 
   00204    0.3925   -1273.5545  0.8009 
   00205    0.3925   -1284.4883  0.8015 
   00206    0.3825   -1268.6141  0.8044 
   00207    0.4450   -1297.8629  0.7982 
   00208    0.3900   -1281.9453  0.7897 
   00209    0.3350   -1286.1755  0.7905 
   00210    0.3550   -1262.7110  0.7862 
   00211    0.3900   -1248.1189  0.7761 
   00212    0.4150   -1258.4333  0.7777 
   00213    0.3800   -1236.1935  0.7630 
   00214    0.4000   -1236.4858  0.7644 
   00215    0.3950   -1225.4630  0.7596 
   00216    0.4425   -1237.7916  0.7507 
   00217    0.4200   -1227.6306  0.7509 
   00218    0.4150   -1232.6933  0.7519 
   00219    0.3975   -1233.3728  0.7594 
   00220    0.3825   -1254.1723  0.7631 
   00221    0.3725   -1236.9973  0.7556 
   00222    0.4100   -1236.4639  0.7404 
   00223    0.4150   -1233.0511  0.7430 
   00224    0.3950   -1210.1964  0.7307 
   00225    0.3850   -1191.7851  0.7285 
   00226    0.4100   -1230.5001  0.7375 
   00227    0.4025   -1209.9338  0.7397 
   00228    0.3950   -1221.7903  0.7273 
   00229    0.3975   -1248.5808  0.7481 
   00230    0.4150   -1224.2129  0.7250 
   00231    0.4250   -1224.6082  0.7260 
   00232    0.4400   -1217.8421  0.7128 
   00233    0.3950   -1221.7766  0.6964 
   00234    0.3800   -1219.8676  0.6857 
   00235    0.4400   -1220.0562  0.7035 
   00236    0.4050   -1206.3115  0.7019 
   00237    0.4250   -1193.4734  0.6823 
   00238    0.4225   -1203.2456  0.6752 
   00239    0.3950   -1208.9354  0.6967 
   00240    0.4225   -1189.6237  0.6778 
   00241    0.4075   -1190.4925  0.6775 
   00242    0.4350   -1173.0249  0.6996 
   00243    0.4150   -1195.0541  0.7099 
   00244    0.4025   -1195.0978  0.7280 
   00245    0.4200   -1229.5647  0.7341 
   00246    0.3925   -1207.3683  0.7076 
   00247    0.3800   -1234.1463  0.7075 
   00248    0.4150   -1230.1866  0.7369 
   00249    0.3800   -1237.1177  0.7481 
   00250    0.4275   -1264.8475  0.7631 
   00251    0.3825   -1259.1581  0.7519 
   00252    0.4125   -1261.3334  0.7461 
   00253    0.4125   -1250.4337  0.7396 
   00254    0.4025   -1269.9006  0.7574 
   00255    0.3850   -1257.6036  0.7521 
   00256    0.4375   -1255.5844  0.7563 
   00257    0.3725   -1246.7104  0.7586 
   00258    0.3925   -1257.7596  0.7699 
   00259    0.4000   -1252.6209  0.7758 
   00260    0.4050   -1242.2643  0.7755 
   00261    0.3950   -1232.2573  0.7596 
   00262    0.3875   -1230.8459  0.7576 
   00263    0.3975   -1242.2613  0.7723 
   00264    0.3875   -1254.7785  0.7777 
   00265    0.3975   -1224.4949  0.7667 
   00266    0.4075   -1232.8490  0.7795 
   00267    0.3700   -1177.1565  0.7691 
   00268    0.4350   -1186.9687  0.7669 
   00269    0.4800   -1223.6940  0.7839 
   00270    0.4275   -1219.3334  0.7747 
   00271    0.3950   -1224.9844  0.7654 
   00272    0.4500   -1241.1864  0.7678 
   00273    0.3750   -1252.2958  0.7691 
   00274    0.3800   -1247.8582  0.7626 
   00275    0.3725   -1268.1542  0.7783 
   00276    0.3725   -1241.1465  0.7684 
   00277    0.3700   -1225.8464  0.7669 
   00278    0.4425   -1244.0719  0.7763 
   00279    0.4350   -1268.1451  0.8010 
   00280    0.4400   -1270.7012  0.8122 
   00281    0.4100   -1266.0291  0.8088 
   00282    0.3775   -1271.9516  0.8098 
   00283    0.3650   -1258.2577  0.8046 
   00284    0.4225   -1269.4436  0.8085 
   00285    0.3775   -1255.5231  0.7983 
   00286    0.3750   -1267.0089  0.7969 
   00287    0.4350   -1254.1920  0.7840 
   00288    0.4050   -1259.7769  0.7886 
   00289    0.4200   -1259.3325  0.8051 
   00290    0.3875   -1260.7833  0.8146 
   00291    0.3975   -1283.8506  0.8159 
   00292    0.4200   -1290.1561  0.8153 
   00293    0.4150   -1259.6103  0.7940 
   00294    0.3900   -1256.0260  0.7923 
   00295    0.3600   -1287.3073  0.7942 
   00296    0.3300   -1258.2799  0.7873 
   00297    0.4025   -1252.1679  0.7882 
   00298    0.4100   -1270.6456  0.7950 
   00299    0.4175   -1256.8904  0.8069 
   00300    0.3675   -1222.1430  0.7854 
   00301    0.3975   -1257.6005  0.7930 
   00302    0.3800   -1244.0038  0.7786 
   00303    0.3975   -1262.4358  0.7918 
   00304    0.3825   -1241.2927  0.7822 
   00305    0.3650   -1229.4613  0.7832 
   00306    0.3850   -1264.6139  0.8022 
   00307    0.3625   -1272.1736  0.7967 
   00308    0.4025   -1248.2261  0.7935 
   00309    0.4225   -1241.8358  0.8085 
   00310    0.4425   -1244.8583  0.8095 
   00311    0.4075   -1285.4604  0.8188 
   00312    0.4275   -1280.5786  0.8137 
   00313    0.4025   -1275.2285  0.8039 
   00314    0.4025   -1257.3611  0.8015 
   00315    0.4225   -1232.1623  0.7926 
   00316    0.4050   -1265.2650  0.7899 
   00317    0.3800   -1253.2083  0.7858 
   00318    0.3925   -1238.8822  0.7815 
   00319    0.3675   -1236.9091  0.7702 
   00320    0.3625   -1254.2201  0.7800 
   00321    0.3600   -1229.6017  0.7667 
   00322    0.3975   -1232.4953  0.7770 
   00323    0.4075   -1265.4450  0.7751 
   00324    0.4525   -1225.8833  0.7608 
   00325    0.3775   -1213.5659  0.7673 
   00326    0.3600   -1173.1432  0.7367 
   00327    0.4275   -1179.4082  0.7371 
   00328    0.4175   -1180.5399  0.7207 
   00329    0.4325   -1191.1150  0.7258 
   00330    0.3950   -1206.3410  0.7316 
   00331    0.4100   -1218.2534  0.7208 
   00332    0.4425   -1216.2610  0.7045 
   00333    0.3900   -1208.5812  0.7106 
   00334    0.3875   -1223.5461  0.7263 
   00335    0.3700   -1233.9695  0.7334 
   00336    0.3800   -1242.8706  0.7284 
   00337    0.3800   -1238.4713  0.7303 
   00338    0.3800   -1245.7390  0.7347 
   00339    0.4250   -1258.9769  0.7441 
   00340    0.3500   -1246.0337  0.7408 
   00341    0.4000   -1247.0863  0.7586 
   00342    0.4425   -1258.0717  0.7628 
   00343    0.3925   -1265.5620  0.7578 
   00344    0.4150   -1297.0198  0.7659 
   00345    0.3875   -1289.2303  0.7639 
   00346    0.4300   -1273.0236  0.7368 
   00347    0.3750   -1258.8844  0.7252 
   00348    0.4000   -1252.0845  0.7180 
   00349    0.4050   -1228.4130  0.7121 
   00350    0.4050   -1226.5311  0.6999 
   00351    0.3975   -1237.0997  0.7016 
   00352    0.3400   -1235.0948  0.6926 
   00353    0.4150   -1262.2318  0.7073 
   00354    0.4050   -1259.6604  0.6726 
   00355    0.3725   -1263.7440  0.6872 
   00356    0.3925   -1263.5535  0.6829 
   00357    0.3700   -1262.2229  0.6961 
   00358    0.4175   -1278.6533  0.7017 
   00359    0.3900   -1279.0733  0.6978 
   00360    0.4125   -1293.7210  0.7177 
   00361    0.3750   -1274.9215  0.7173 
   00362    0.4075   -1262.6565  0.6973 
   00363    0.3375   -1267.6913  0.7016 
   00364    0.4100   -1286.9546  0.7100 
   00365    0.4150   -1261.0897  0.7057 
   00366    0.3650   -1258.7286  0.7048 
   00367    0.3450   -1246.8977  0.6870 
   00368    0.4250   -1252.2678  0.6903 
   00369    0.3950   -1263.3511  0.7036 
   00370    0.3900   -1246.2613  0.6929 
   00371    0.4400   -1238.3315  0.7039 
   00372    0.3800   -1235.4614  0.7035 
   00373    0.3925   -1256.4679  0.7109 
   00374    0.4275   -1214.3793  0.6987 
   00375    0.4150   -1246.3257  0.6992 
   00376    0.3650   -1233.8216  0.7067 
   00377    0.4225   -1229.9675  0.7124 
   00378    0.4050   -1217.5024  0.6972 
   00379    0.3850   -1250.3487  0.7025 
   00380    0.3950   -1223.4211  0.7074 
   00381    0.3700   -1236.7881  0.7123 
   00382    0.3975   -1246.0728  0.6978 
   00383    0.3700   -1231.3066  0.6849 
   00384    0.4050   -1268.2363  0.6871 
   00385    0.3725   -1267.7514  0.6917 
   00386    0.4225   -1249.3011  0.6698 
   00387    0.4050   -1252.2015  0.6958 
   00388    0.4125   -1252.2392  0.6933 
   00389    0.3650   -1259.0834  0.6917 
   00390    0.4225   -1257.3024  0.6806 
   00391    0.3675   -1234.3760  0.6817 
   00392    0.4375   -1234.2591  0.6624 
   00393    0.4000   -1236.3501  0.6619 
   00394    0.4300   -1208.5400  0.6507 
   00395    0.4225   -1192.9938  0.6441 
   00396    0.4300   -1190.9299  0.6407 
   00397    0.4275   -1188.8888  0.6395 
   00398    0.4250   -1176.5119  0.6345 
   00399    0.4100   -1179.2200  0.6444 
   00400    0.4475   -1185.2096  0.6327 
   00401    0.4275   -1179.4398  0.6046 
   00402    0.4325   -1186.2158  0.6138 
   00403    0.3900   -1218.7156  0.6170 
   00404    0.4175   -1198.1322  0.6394 
   00405    0.4125   -1165.6092  0.6277 
   00406    0.4100   -1196.0421  0.6431 
   00407    0.3900   -1189.3600  0.6370 
   00408    0.4650   -1197.9741  0.6473 
   00409    0.4425   -1190.1833  0.6382 
   00410    0.4100   -1178.3145  0.6543 
   00411    0.4000   -1215.7709  0.6885 
   00412    0.3925   -1211.7529  0.6950 
   00413    0.4250   -1217.9171  0.7011 
   00414    0.4150   -1246.5653  0.7152 
   00415    0.4350   -1260.5560  0.7219 
   00416    0.4475   -1253.2567  0.7363 
   00417    0.4175   -1250.7850  0.7301 
   00418    0.4075   -1204.4279  0.7202 
   00419    0.4050   -1234.2184  0.7196 
   00420    0.4250   -1219.7719  0.7092 
   00421    0.3900   -1236.6142  0.7308 
   00422    0.3875   -1267.6637  0.7518 
   00423    0.4325   -1254.4194  0.7239 
   00424    0.4375   -1239.2373  0.7257 
   00425    0.4200   -1223.4650  0.7128 
   00426    0.4575   -1228.0026  0.7268 
   00427    0.4000   -1216.7713  0.7330 
   00428    0.3875   -1227.4583  0.7128 
   00429    0.4275   -1240.6876  0.7237 
   00430    0.3950   -1266.6105  0.7375 
   00431    0.3850   -1235.5325  0.7281 
   00432    0.3925   -1215.5919  0.7159 
   00433    0.3975   -1208.2816  0.7165 
   00434    0.3875   -1216.1672  0.7332 
   00435    0.4375   -1220.7426  0.7322 
   00436    0.3925   -1220.6655  0.7368 
   00437    0.4275   -1223.8904  0.7419 
   00438    0.4575   -1233.6153  0.7529 
   00439    0.4400   -1234.9361  0.7441 
   00440    0.3675   -1228.6292  0.7353 
   00441    0.3975   -1240.1349  0.7259 
   00442    0.4125   -1248.6053  0.7405 
   00443    0.4100   -1243.3083  0.7359 
   00444    0.4000   -1207.6712  0.7168 
   00445    0.4100   -1217.6333  0.7149 
   00446    0.3975   -1205.6499  0.7156 
   00447    0.3700   -1205.6724  0.7279 
   00448    0.4375   -1220.7402  0.7431 
   00449    0.4175   -1238.6704  0.7297 
   00450    0.4000   -1231.0343  0.7343 
   00451    0.3800   -1227.4337  0.7446 
   00452    0.3950   -1261.3531  0.7498 
   00453    0.3725   -1234.1594  0.7129 
   00454    0.4050   -1242.5531  0.7217 
   00455    0.3625   -1233.1981  0.7199 
   00456    0.4000   -1230.5877  0.7210 
   00457    0.3975   -1220.0791  0.7246 
   00458    0.3975   -1222.0289  0.7366 
   00459    0.4150   -1253.5739  0.7651 
   00460    0.3825   -1251.3743  0.7590 
   00461    0.4325   -1240.9079  0.7548 
   00462    0.4000   -1240.1301  0.7652 
   00463    0.3875   -1233.0064  0.7678 
   00464    0.4175   -1229.7279  0.7770 
   00465    0.3700   -1205.4278  0.7720 
   00466    0.4025   -1215.2112  0.7775 
   00467    0.4125   -1240.5702  0.7906 
   00468    0.3875   -1270.5575  0.7976 
   00469    0.4125   -1264.9203  0.8209 
   00470    0.4225   -1268.9463  0.8091 
   00471    0.3925   -1276.2096  0.8166 
   00472    0.4200   -1246.5838  0.8070 
   00473    0.4325   -1257.9215  0.8093 
   00474    0.4325   -1265.2039  0.8283 
   00475    0.3750   -1246.8209  0.8239 
   00476    0.3775   -1263.3635  0.8238 
   00477    0.4000   -1259.1695  0.8172 
   00478    0.3975   -1254.3944  0.8186 
   00479    0.4575   -1256.7049  0.8289 
   00480    0.3725   -1268.0519  0.8316 
   00481    0.4025   -1276.4770  0.8416 
   00482    0.3725   -1291.1630  0.8537 
   00483    0.3675   -1267.5582  0.8491 
   00484    0.3875   -1295.8595  0.8523 
   00485    0.3875   -1313.2513  0.8531 
   00486    0.3900   -1282.5959  0.8407 
   00487    0.3750   -1285.9777  0.8341 
   00488    0.3975   -1270.9198  0.8430 
   00489    0.4050   -1266.1495  0.8423 
   00490    0.3250   -1261.4657  0.8410 
   00491    0.3975   -1279.4293  0.8523 
   00492    0.3775   -1304.5608  0.8540 
   00493    0.3375   -1320.1645  0.8599 
   00494    0.4125   -1282.6195  0.8370 
   00495    0.4025   -1275.1671  0.8384 
   00496    0.3675   -1276.3688  0.8478 
   00497    0.3625   -1291.4018  0.8493 
   00498    0.4050   -1280.5281  0.8415 
   00499    0.3725   -1295.7423  0.8420 
   00500    0.4050   -1281.4412  0.8359 
   00501    0.3550   -1259.6153  0.8202 
   00502    0.4225   -1266.7193  0.8222 
   00503    0.3925   -1251.0664  0.8067 
   00504    0.4150   -1261.9756  0.8216 
   00505    0.4150   -1261.1447  0.8207 
   00506    0.4125   -1254.8818  0.8238 
   00507    0.4275   -1251.9562  0.8164 
   00508    0.3800   -1301.7889  0.8346 
   00509    0.3850   -1281.6428  0.8215 
   00510    0.4125   -1277.2550  0.8208 
   00511    0.4375   -1256.8497  0.8178 
   00512    0.3925   -1284.2908  0.8261 
   00513    0.3875   -1294.4708  0.8326 
   00514    0.4400   -1292.3953  0.8297 
   00515    0.3950   -1266.9205  0.8193 
   00516    0.4025   -1259.4215  0.8123 
   00517    0.3925   -1270.3911  0.8117 
   00518    0.3825   -1289.6181  0.8073 
   00519    0.3850   -1285.8614  0.8157 
   00520    0.3725   -1272.8701  0.8147 
   00521    0.3775   -1257.1733  0.8038 
   00522    0.3875   -1233.3338  0.7945 
   00523    0.3750   -1212.1349  0.8015 
   00524    0.3800   -1220.2353  0.7975 
   00525    0.4000   -1230.2988  0.7920 
   00526    0.3800   -1258.7622  0.7936 
   00527    0.3725   -1268.9905  0.7852 
   00528    0.4050   -1279.5008  0.7909 
   00529    0.4200   -1274.4197  0.7922 
   00530    0.3700   -1268.6335  0.7954 
   00531    0.3900   -1276.4843  0.7948 
   00532    0.3850   -1269.6715  0.7955 
   00533    0.3675   -1255.5162  0.7805 
   00534    0.4300   -1253.5366  0.7825 
   00535    0.3850   -1274.6655  0.7886 
   00536    0.3850   -1272.6676  0.7995 
   00537    0.4025   -1280.7260  0.7998 
   00538    0.3725   -1290.4472  0.7942 
   00539    0.4050   -1298.7575  0.7954 
   00540    0.3350   -1296.0988  0.7968 
   00541    0.3425   -1306.4584  0.8005 
   00542    0.4025   -1291.9191  0.8051 
   00543    0.3900   -1278.0429  0.7995 
   00544    0.3650   -1267.5823  0.7947 
   00545    0.3650   -1273.6424  0.7915 
   00546    0.3925   -1252.9549  0.7810 
   00547    0.3950   -1256.0696  0.7706 
   00548    0.3800   -1282.7902  0.7677 
   00549    0.3850   -1289.4574  0.7627 
   00550    0.3925   -1295.8109  0.7648 
   00551    0.4150   -1298.0563  0.7684 
   00552    0.3825   -1293.2868  0.7735 
   00553    0.3675   -1246.4024  0.7471 
   00554    0.4300   -1235.5463  0.7471 
   00555    0.4450   -1217.0518  0.7374 
   00556    0.4100   -1194.2913  0.7328 
   00557    0.4175   -1174.2090  0.7375 
   00558    0.4150   -1165.0066  0.7363 
   00559    0.4150   -1166.7228  0.7452 
   00560    0.4250   -1186.4632  0.7647 
   00561    0.4075   -1191.3349  0.7627 
   00562    0.3800   -1207.5486  0.7720 
   00563    0.4000   -1229.2517  0.7859 
   00564    0.4175   -1229.4332  0.7931 
   00565    0.3925   -1207.7348  0.7738 
   00566    0.3925   -1229.3573  0.7829 
   00567    0.4100   -1223.4909  0.7787 
   00568    0.3825   -1239.0895  0.7862 
   00569    0.3850   -1242.6873  0.7919 
   00570    0.3900   -1243.1151  0.7913 
   00571    0.3375   -1272.5979  0.7987 
   00572    0.4150   -1278.8889  0.8016 
   00573    0.3925   -1256.9633  0.7919 
   00574    0.4300   -1247.2561  0.7710 
   00575    0.3900   -1276.5587  0.7933 
   00576    0.4150   -1255.8240  0.7979 
   00577    0.3500   -1254.5244  0.7999 
   00578    0.4225   -1267.7628  0.8004 
   00579    0.4350   -1258.8856  0.8129 
   00580    0.3650   -1268.8187  0.8097 
   00581    0.3925   -1264.5926  0.8065 
   00582    0.3925   -1272.1773  0.7936 
   00583    0.3500   -1277.1179  0.7960 
   00584    0.4275   -1269.2681  0.8020 
   00585    0.4050   -1242.9384  0.8035 
   00586    0.4050   -1246.2295  0.8006 
   00587    0.3950   -1247.3281  0.8022 
   00588    0.4250   -1295.9891  0.8267 
   00589    0.4250   -1295.2774  0.8196 
   00590    0.3775   -1278.6474  0.8058 
   00591    0.3850   -1256.1003  0.7917 
   00592    0.4225   -1267.4868  0.7977 
   00593    0.4325   -1255.8893  0.7881 
   00594    0.4150   -1235.6420  0.7756 
   00595    0.4600   -1256.2265  0.7876 
   00596    0.4025   -1257.1151  0.7840 
   00597    0.3425   -1250.0199  0.7832 
   00598    0.3900   -1249.0619  0.7800 
   00599    0.3700   -1241.3440  0.7724 
   00600    0.3800   -1230.4810  0.7725 
   00601    0.3875   -1230.7416  0.7658 
   00602    0.4350   -1221.8631  0.7556 
   00603    0.3575   -1232.7337  0.7651 
   00604    0.4175   -1218.3738  0.7596 
   00605    0.3825   -1238.0259  0.7678 
   00606    0.3850   -1231.0732  0.7710 
   00607    0.3675   -1242.2125  0.7741 
   00608    0.3850   -1226.2318  0.7579 
   00609    0.4175   -1233.2130  0.7328 
   00610    0.3950   -1241.6623  0.7350 
   00611    0.4525   -1234.0401  0.7417 
   00612    0.4300   -1245.3654  0.7450 
   00613    0.4500   -1218.5215  0.7411 
   00614    0.4100   -1214.1942  0.7373 
   00615    0.3925   -1208.6235  0.7285 
   00616    0.4175   -1204.7683  0.7336 
   00617    0.4250   -1200.9060  0.7212 
   00618    0.3800   -1204.8514  0.7114 
   00619    0.4500   -1198.2994  0.6873 
   00620    0.4150   -1196.4968  0.7012 
   00621    0.4150   -1204.7681  0.7091 
   00622    0.3475   -1220.9548  0.7087 
   00623    0.4100   -1231.6425  0.7045 
   00624    0.4100   -1217.9315  0.6893 
   00625    0.4075   -1210.5892  0.6967 
   00626    0.3650   -1199.1496  0.6953 
   00627    0.3975   -1197.7430  0.6894 
   00628    0.4375   -1187.8661  0.6975 
   00629    0.4450   -1165.8001  0.6971 
   00630    0.3850   -1203.7905  0.6900 
   00631    0.4000   -1204.3216  0.6838 
   00632    0.4100   -1231.4587  0.7083 
   00633    0.4350   -1233.1578  0.7013 
   00634    0.4000   -1242.4336  0.7199 
   00635    0.4075   -1229.0662  0.7195 
   00636    0.4000   -1225.9156  0.7302 
   00637    0.4075   -1226.8081  0.7299 
   00638    0.3925   -1214.9487  0.7127 
   00639    0.3800   -1213.5300  0.7236 
   00640    0.4250   -1191.3874  0.7261 
   00641    0.3400   -1227.9645  0.7277 
   00642    0.3825   -1233.5468  0.7383 
   00643    0.4100   -1231.2574  0.7414 
   00644    0.3950   -1220.0043  0.7426 
   00645    0.3825   -1205.9777  0.7345 
   00646    0.4300   -1194.8139  0.7412 
   00647    0.4175   -1220.8243  0.7404 
   00648    0.4025   -1202.0731  0.7236 
   00649    0.3825   -1193.6137  0.7475 
   00650    0.3875   -1213.3397  0.7427 
   00651    0.4575   -1232.9702  0.7352 
   00652    0.3450   -1227.1116  0.7249 
   00653    0.3850   -1215.3295  0.7094 
   00654    0.4225   -1233.4850  0.7179 
   00655    0.4075   -1219.6910  0.7266 
   00656    0.3850   -1242.3447  0.7376 
   00657    0.3975   -1232.6415  0.7363 
   00658    0.4025   -1219.7502  0.7574 
   00659    0.4100   -1244.0209  0.7635 
   00660    0.4025   -1270.9837  0.7779 
   00661    0.3600   -1229.6325  0.7650 
   00662    0.3925   -1237.2276  0.7571 
   00663    0.4050   -1234.9155  0.7741 
   00664    0.3975   -1235.5106  0.7589 
   00665    0.3625   -1237.2154  0.7473 
   00666    0.4100   -1261.4686  0.7661 
   00667    0.3650   -1283.2222  0.7863 
   00668    0.3750   -1278.6071  0.7871 
   00669    0.4025   -1272.2552  0.7891 
   00670    0.4500   -1237.7831  0.7763 
   00671    0.3925   -1239.8590  0.7762 
   00672    0.4300   -1245.8281  0.7824 
   00673    0.3850   -1267.3692  0.7960 
   00674    0.4125   -1294.4885  0.8026 
   00675    0.3825   -1271.4439  0.7901 
   00676    0.3775   -1278.4546  0.7864 
   00677    0.3700   -1292.4283  0.7982 
   00678    0.3900   -1275.1665  0.8017 
   00679    0.3650   -1265.6964  0.8066 
   00680    0.3775   -1253.0014  0.7960 
   00681    0.4275   -1265.9579  0.8035 
   00682    0.4125   -1264.4928  0.8014 
   00683    0.3125   -1265.0045  0.8192 
   00684    0.3600   -1270.6870  0.8178 
   00685    0.4200   -1260.7657  0.8124 
   00686    0.3725   -1224.1424  0.7999 
   00687    0.3925   -1239.5263  0.7939 
   00688    0.3975   -1247.5278  0.7838 
   00689    0.3700   -1222.0395  0.7768 
   00690    0.4050   -1220.1482  0.7745 
   00691    0.4200   -1221.1461  0.7759 
   00692    0.3850   -1245.2843  0.7845 
   00693    0.4200   -1207.9701  0.7730 
   00694    0.3575   -1242.9494  0.7909 
   00695    0.4150   -1239.7476  0.7808 
   00696    0.4400   -1232.4644  0.7752 
   00697    0.4075   -1212.3055  0.7621 
   00698    0.4000   -1205.3346  0.7581 
   00699    0.4175   -1232.8242  0.7701 
   00700    0.4325   -1246.2718  0.7765 
   00701    0.4225   -1262.8652  0.7907 
   00702    0.3775   -1249.1518  0.7854 
   00703    0.4200   -1274.3946  0.7800 
   00704    0.3725   -1274.2750  0.7738 
   00705    0.3500   -1259.8930  0.7652 
   00706    0.3975   -1253.6989  0.7746 
   00707    0.4050   -1255.6555  0.7950 
   00708    0.3825   -1256.5444  0.7754 
   00709    0.4175   -1245.3812  0.7842 
   00710    0.3875   -1273.9993  0.7874 
   00711    0.4125   -1253.5829  0.7860 
   00712    0.3750   -1262.5558  0.7839 
   00713    0.3775   -1255.7695  0.7866 
   00714    0.3800   -1278.8408  0.7932 
   00715    0.3975   -1256.1073  0.7840 
   00716    0.3925   -1261.4226  0.7770 
   00717    0.4050   -1238.4727  0.7672 
   00718    0.3800   -1228.0036  0.7607 
   00719    0.4050   -1242.3496  0.7665 
   00720    0.3475   -1224.4817  0.7563 
   00721    0.4075   -1220.1552  0.7656 
   00722    0.3800   -1233.4235  0.7790 
   00723    0.4450   -1214.0632  0.7701 
   00724    0.4050   -1216.4779  0.7770 
   00725    0.4025   -1214.3363  0.7782 
   00726    0.3775   -1240.0851  0.7893 
   00727    0.3875   -1256.9930  0.7816 
   00728    0.4350   -1266.6538  0.7939 
   00729    0.3900   -1267.0763  0.7934 
   00730    0.4075   -1289.6034  0.7903 
   00731    0.3800   -1278.7517  0.7980 
   00732    0.3375   -1259.3650  0.7983 
   00733    0.4250   -1247.9168  0.7981 
   00734    0.3750   -1245.3855  0.8034 
   00735    0.3900   -1219.2267  0.7906 
   00736    0.3850   -1206.3344  0.7815 
   00737    0.4225   -1228.4638  0.7888 
   00738    0.4100   -1216.5817  0.7839 
   00739    0.3675   -1224.0296  0.7848 
   00740    0.3825   -1235.4472  0.7958 
   00741    0.4475   -1249.1507  0.7977 
   00742    0.3625   -1259.8377  0.8009 
   00743    0.4500   -1230.7025  0.7962 
   00744    0.3925   -1251.1316  0.7962 
   00745    0.4100   -1231.7408  0.7907 
   00746    0.4225   -1226.5196  0.7973 
   00747    0.3850   -1205.5507  0.7800 
   00748    0.4100   -1208.8187  0.7701 
   00749    0.4200   -1200.0618  0.7639 
   00750    0.3850   -1200.4080  0.7774 
   00751    0.3750   -1206.2136  0.7840 
   00752    0.3700   -1242.7530  0.7815 
   00753    0.4175   -1259.7381  0.7857 
   00754    0.3950   -1239.3219  0.7917 
   00755    0.4125   -1229.5921  0.7927 
   00756    0.3975   -1242.5042  0.7975 
   00757    0.4100   -1245.1219  0.7827 
   00758    0.4250   -1254.5654  0.7846 
   00759    0.4050   -1273.8502  0.8039 
   00760    0.4200   -1279.1670  0.8110 
   00761    0.3700   -1254.6564  0.7973 
   00762    0.4000   -1261.8408  0.7984 
   00763    0.4225   -1280.4043  0.7989 
   00764    0.4000   -1278.4994  0.7927 
   00765    0.3900   -1274.2452  0.7980 
   00766    0.4250   -1259.9946  0.7948 
   00767    0.4050   -1248.8008  0.7940 
   00768    0.4075   -1205.4427  0.7658 
   00769    0.3675   -1225.1141  0.7763 
   00770    0.3800   -1222.4232  0.7755 
   00771    0.4225   -1222.5601  0.7868 
   00772    0.4150   -1221.4694  0.7778 
   00773    0.4000   -1241.9443  0.7853 
   00774    0.4000   -1230.7011  0.7840 
   00775    0.3625   -1205.5140  0.7850 
   00776    0.3975   -1228.7551  0.7855 
   00777    0.4000   -1231.6816  0.7928 
   00778    0.3975   -1219.6321  0.7955 
   00779    0.3900   -1256.1333  0.8070 
   00780    0.4525   -1261.9694  0.8114 
   00781    0.3950   -1279.9647  0.8120 
   00782    0.4525   -1256.2731  0.8113 
   00783    0.4025   -1236.1366  0.7933 
   00784    0.4050   -1242.8734  0.8007 
   00785    0.4275   -1244.0993  0.8007 
   00786    0.3975   -1228.8323  0.7902 
   00787    0.4625   -1256.1131  0.8072 
   00788    0.4150   -1263.3430  0.8049 
   00789    0.3750   -1270.6423  0.8105 
   00790    0.4125   -1244.6730  0.8009 
   00791    0.4225   -1259.7608  0.8049 
   00792    0.4100   -1257.9966  0.7978 
   00793    0.3975   -1274.6049  0.8096 
   00794    0.4100   -1266.9182  0.8106 
   00795    0.4200   -1283.6258  0.8175 
   00796    0.3875   -1264.4031  0.8086 
   00797    0.4050   -1263.5238  0.7942 
   00798    0.4025   -1260.0692  0.8001 
   00799    0.4125   -1249.1214  0.7993 
   00800    0.4150   -1240.7205  0.7886 
   00801    0.4025   -1229.9478  0.7904 
   00802    0.3875   -1233.9449  0.7742 
   00803    0.4200   -1235.7889  0.7805 
   00804    0.4100   -1256.9325  0.7775 
   00805    0.3475   -1245.6434  0.7733 
   00806    0.4075   -1242.3007  0.7768 
   00807    0.4100   -1252.1012  0.7630 
   00808    0.4150   -1246.6409  0.7612 
   00809    0.4000   -1262.2871  0.7660 
   00810    0.3800   -1242.6152  0.7668 
   00811    0.4075   -1245.0792  0.7623 
   00812    0.3700   -1250.3703  0.7565 
   00813    0.4200   -1232.8494  0.7642 
   00814    0.3625   -1218.6032  0.7668 
   00815    0.4050   -1228.5600  0.7685 
   00816    0.4450   -1235.7224  0.7685 
   00817    0.3500   -1218.8281  0.7683 
   00818    0.4025   -1201.5864  0.7537 
   00819    0.4175   -1253.2157  0.7694 
   00820    0.3650   -1260.8502  0.7827 
   00821    0.3825   -1282.3875  0.7921 
   00822    0.3800   -1266.5288  0.7856 
   00823    0.3900   -1246.9827  0.7633 
   00824    0.4025   -1251.4441  0.7664 
   00825    0.3750   -1264.7707  0.7825 
   00826    0.3775   -1252.0488  0.7830 
   00827    0.4325   -1261.1873  0.7782 
   00828    0.4025   -1249.7722  0.7830 
   00829    0.4275   -1280.9415  0.8022 
   00830    0.4275   -1294.8027  0.7990 
   00831    0.4025   -1286.7355  0.8001 
   00832    0.4025   -1314.8315  0.8138 
   00833    0.3475   -1314.6636  0.8198 
   00834    0.3925   -1295.4505  0.8057 
   00835    0.3825   -1287.0119  0.8026 
   00836    0.4000   -1281.1833  0.8083 
   00837    0.3675   -1272.5938  0.8097 
   00838    0.3875   -1270.0067  0.8021 
   00839    0.3925   -1283.2105  0.8040 
   00840    0.3975   -1267.3762  0.7909 
   00841    0.3350   -1260.0547  0.8036 
   00842    0.3750   -1253.2825  0.8075 
   00843    0.3775   -1281.4197  0.8238 
   00844    0.4325   -1272.8636  0.8171 
   00845    0.4125   -1290.0003  0.8190 
   00846    0.4025   -1240.3219  0.8091 
   00847    0.4175   -1262.3072  0.8188 
   00848    0.3850   -1284.2576  0.8285 
   00849    0.3450   -1279.7822  0.8222 
   00850    0.4275   -1296.3009  0.8315 
   00851    0.3575   -1299.5708  0.8353 
   00852    0.4125   -1269.3234  0.8171 
   00853    0.4150   -1294.9512  0.8244 
   00854    0.3950   -1289.9971  0.8287 
   00855    0.3950   -1299.9842  0.8392 
   00856    0.3650   -1304.6655  0.8399 
   00857    0.3950   -1311.3403  0.8433 
   00858    0.4075   -1290.7658  0.8380 
   00859    0.3750   -1305.6456  0.8435 
   00860    0.3625   -1318.1341  0.8491 
   00861    0.3700   -1292.0529  0.8359 
   00862    0.3500   -1311.3422  0.8407 
   00863    0.4250   -1308.6625  0.8383 
   00864    0.3925   -1296.6091  0.8360 
   00865    0.3850   -1283.6271  0.8270 
   00866    0.4050   -1275.3597  0.8263 
   00867    0.3875   -1256.4734  0.8241 
   00868    0.3725   -1263.2079  0.8157 
   00869    0.3900   -1273.0977  0.8120 
   00870    0.3825   -1292.7978  0.8182 
   00871    0.3800   -1289.7092  0.8162 
   00872    0.4200   -1235.4674  0.8023 
   00873    0.4100   -1272.8832  0.8009 
   00874    0.3850   -1277.4297  0.7871 
   00875    0.3725   -1244.8625  0.7929 
   00876    0.3525   -1250.5160  0.7911 
   00877    0.3825   -1226.2452  0.7846 
   00878    0.4050   -1246.6020  0.7921 
   00879    0.3900   -1256.0690  0.7855 
   00880    0.3625   -1260.7818  0.7894 
   00881    0.3850   -1255.2649  0.7764 
   00882    0.3950   -1187.4416  0.7440 
   00883    0.4625   -1209.4429  0.7442 
   00884    0.3750   -1172.9115  0.7273 
   00885    0.4000   -1225.2300  0.7548 
   00886    0.4550   -1208.2829  0.7325 
   00887    0.4050   -1214.8649  0.7357 
   00888    0.3675   -1223.7677  0.7498 
   00889    0.4325   -1252.5235  0.7575 
   00890    0.4125   -1223.0842  0.7361 
   00891    0.4750   -1186.6953  0.7344 
   00892    0.3750   -1217.8317  0.7486 
   00893    0.3875   -1253.2180  0.7719 
   00894    0.4100   -1223.0163  0.7696 
   00895    0.4375   -1247.7160  0.7749 
   00896    0.4125   -1235.6040  0.7613 
   00897    0.4475   -1261.6025  0.7721 
   00898    0.4100   -1293.8139  0.7825 
   00899    0.3900   -1282.1085  0.7780 
   00900    0.3875   -1287.2680  0.7769 
   00901    0.4100   -1253.5050  0.7734 
   00902    0.4200   -1247.2923  0.7605 
   00903    0.3575   -1227.5419  0.7611 
   00904    0.3675   -1248.4944  0.7668 
   00905    0.3550   -1226.7225  0.7690 
   00906    0.4025   -1251.9133  0.7714 
   00907    0.4500   -1249.4227  0.7864 
   00908    0.4325   -1235.7449  0.7781 
   00909    0.4100   -1224.9799  0.7759 
   00910    0.3475   -1241.3438  0.7810 
   00911    0.4500   -1232.5367  0.7737 
   00912    0.4625   -1203.0882  0.7546 
   00913    0.4100   -1213.0119  0.7618 
   00914    0.4250   -1244.4008  0.7892 
   00915    0.3750   -1259.2210  0.7914 
   00916    0.3850   -1252.4271  0.7777 
   00917    0.4450   -1236.6974  0.7747 
   00918    0.4400   -1242.6105  0.7649 
   00919    0.4200   -1224.2601  0.7547 
   00920    0.3775   -1247.5867  0.7542 
   00921    0.4100   -1219.9194  0.7458 
   00922    0.4450   -1238.8757  0.7672 
   00923    0.4200   -1222.3849  0.7556 
   00924    0.3625   -1234.6669  0.7619 
   00925    0.4325   -1272.4029  0.7765 
   00926    0.3950   -1259.5207  0.7745 
   00927    0.3675   -1255.3288  0.7745 
   00928    0.3700   -1233.2876  0.7560 
   00929    0.3850   -1230.7293  0.7586 
   00930    0.3775   -1213.1411  0.7467 
   00931    0.3900   -1202.3021  0.7470 
   00932    0.3625   -1206.4376  0.7371 
   00933    0.3800   -1266.2149  0.7499 
   00934    0.3975   -1254.5390  0.7571 
   00935    0.4275   -1237.9842  0.7444 
   00936    0.3900   -1250.6177  0.7457 
   00937    0.3800   -1241.5793  0.7536 
   00938    0.3825   -1236.2108  0.7611 
   00939    0.4400   -1208.2418  0.7437 
   00940    0.4450   -1226.7832  0.7444 
   00941    0.4225   -1206.6296  0.7387 
   00942    0.4350   -1241.1266  0.7532 
   00943    0.4025   -1226.5854  0.7548 
   00944    0.3950   -1241.6413  0.7577 
   00945    0.4325   -1234.6646  0.7575 
   00946    0.4075   -1251.4476  0.7683 
   00947    0.4075   -1244.5354  0.7815 
   00948    0.4000   -1238.7329  0.7902 
   00949    0.3700   -1247.5641  0.8047 
   00950    0.3950   -1254.7405  0.8041 
   00951    0.3800   -1227.5145  0.7963 
   00952    0.4175   -1236.8764  0.7960 
   00953    0.4025   -1225.4841  0.7964 
   00954    0.4050   -1234.2518  0.7901 
   00955    0.3875   -1239.6907  0.7851 
   00956    0.4025   -1222.8220  0.7815 
   00957    0.3675   -1222.0490  0.7812 
   00958    0.3800   -1234.2551  0.7812 
   00959    0.4025   -1231.9681  0.7787 
   00960    0.3550   -1214.7599  0.7758 
   00961    0.4775   -1232.7822  0.7841 
   00962    0.4250   -1233.9192  0.7861 
   00963    0.4050   -1247.2930  0.7936 
   00964    0.4075   -1255.3826  0.7957 
   00965    0.4050   -1223.5132  0.7835 
   00966    0.4225   -1226.6130  0.7978 
   00967    0.3550   -1246.4860  0.8092 
   00968    0.4025   -1258.6094  0.8102 
   00969    0.4175   -1280.0658  0.8157 
   00970    0.4025   -1278.8969  0.8191 
   00971    0.4275   -1304.4043  0.8270 
   00972    0.3925   -1292.3197  0.8123 
   00973    0.3850   -1256.0527  0.7864 
   00974    0.3725   -1226.3771  0.7741 
   00975    0.4150   -1227.8213  0.7592 
   00976    0.4375   -1240.8601  0.7581 
   00977    0.3975   -1255.0337  0.7709 
   00978    0.4075   -1259.0614  0.7621 
   00979    0.4075   -1247.4223  0.7734 
   00980    0.4125   -1258.0056  0.7716 
   00981    0.3600   -1261.7522  0.7781 
   00982    0.3975   -1259.9590  0.7878 
   00983    0.3600   -1259.6090  0.7880 
   00984    0.3875   -1235.5213  0.7792 
   00985    0.4175   -1234.1140  0.7743 
   00986    0.4025   -1229.2762  0.7872 
   00987    0.4150   -1237.4983  0.7811 
   00988    0.4300   -1269.7873  0.7935 
   00989    0.3800   -1266.0343  0.7863 
   00990    0.4000   -1247.6904  0.7904 
   00991    0.4275   -1267.9499  0.7925 
   00992    0.4075   -1268.1590  0.7954 
   00993    0.3975   -1276.9922  0.7976 
   00994    0.3875   -1266.3340  0.7930 
   00995    0.3950   -1260.6639  0.7970 
   00996    0.4200   -1257.1760  0.7889 
   00997    0.3675   -1247.2579  0.7930 
   00998    0.4175   -1254.9629  0.8043 
   00999    0.3800   -1262.2946  0.8105 
   01000    0.3300   -1277.0376  0.8203 
