#=====================================================
# File created:        Mon-03-Nov-2025-at-01-43-57AM
# Size of lattice:     20x20
# Number of MC steps:  1000
# Reduced temperature: 1.400
# Run time (s):        8.102932
#=====================================================
# MC step:  Ratio:     Energy:   Order:
#=====================================================
   00000    0.5000    -358.6038  0.2526 
   00001    0.7700    -548.7918  0.2679 
   00002    0.6875    -652.6956  0.2862 
   00003    0.6950    -695.4314  0.2609 
   00004    0.6725    -729.5328  0.2984 
   00005    0.6500    -769.8816  0.3101 
   00006    0.6200    -774.9156  0.3118 
   00007    0.5875    -756.6196  0.3489 
   00008    0.5900    -706.6192  0.3350 
   00009    0.6525    -769.2559  0.3271 
   00010    0.5800    -734.0658  0.3109 
   00011    0.6425    -741.9056  0.3190 
   00012    0.5900    -786.1314  0.3235 
   00013    0.5550    -738.5911  0.3120 
   00014    0.6225    -737.4941  0.3173 
   00015    0.5875    -751.5034  0.2832 
   00016    0.5975    -754.7698  0.2990 
   00017    0.6175    -731.8041  0.2530 
   00018    0.6275    -720.1705  0.2751 
   00019    0.6125    -797.0414  0.2716 
   00020    0.6325    -755.9580  0.2575 
   00021    0.6375    -735.1522  0.2963 
   00022    0.5825    -733.5747  0.2782 
   00023    0.6300    -763.4099  0.3088 
   00024    0.6175    -786.2481  0.3168 
   00025    0.6125    -779.9008  0.3183 
   00026    0.6225    -752.8575  0.2927 
   00027    0.6350    -771.0336  0.2714 
   00028    0.6000    -766.9294  0.2727 
   00029    0.5650    -806.2184  0.2849 
   00030    0.5875    -788.5117  0.2989 
   00031    0.5850    -812.5853  0.3185 
   00032    0.6275    -822.3190  0.2914 
   00033    0.5475    -837.6294  0.3120 
   00034    0.6225    -803.2097  0.3096 
   00035    0.5975    -820.3021  0.3130 
   00036    0.5700    -774.9918  0.3049 
   00037    0.6050    -762.4122  0.3166 
   00038    0.6375    -744.4204  0.2940 
   00039    0.6450    -759.1710  0.3080 
   00040    0.6300    -718.5619  0.3129 
   00041    0.6175    -724.3968  0.2948 
   00042    0.6175    -789.8471  0.3236 
   00043    0.6125    -731.4692  0.3131 
   00044    0.5800    -781.6893  0.3386 
   00045    0.6075    -751.4529  0.3353 
   00046    0.6150    -762.1860  0.3314 
   00047    0.6325    -772.8979  0.3306 
   00048    0.6450    -724.2728  0.3011 
   00049    0.6100    -737.7086  0.3237 
   00050    0.6325    -711.9626  0.2936 
   00051    0.6275    -684.2920  0.2904 
   00052    0.6200    -694.2210  0.2905 
   00053    0.6000    -722.4242  0.3259 
   00054    0.6100    -721.5947  0.3064 
   00055    0.6500    -745.1824  0.3109 
   00056    0.6075    -761.3954  0.2580 
   00057    0.6150    -785.4705  0.2871 
   00058    0.5850    -784.6267  0.2777 
   00059    0.6325    -755.6690  0.3325 
   00060    0.6475    -775.6773  0.3570 
   00061    0.6200    -754.8848  0.3385 
   00062    0.6025    -703.3171  0.3704 
   00063    0.5675    -752.6392  0.3637 
   00064    0.6450    -750.8484  0.3280 
   00065    0.6275    -749.4782  0.2890 
   00066    0.6100    -738.8465  0.2576 
   00067    0.6025    -756.9850  0.2723 
   00068    0.6375    -767.2903  0.2662 
   00069    0.6250    -746.2383  0.2844 
   00070    0.6200    -727.9813  0.2798 
   00071    0.5775    -738.1856  0.2752 
   00072    0.6625    -713.6134  0.2864 
   00073    0.6225    -732.1550  0.2885 
   00074    0.6775    -708.4322  0.2697 
   00075    0.6550    -676.6282  0.2836 
   00076    0.6800    -707.6325  0.2909 
   00077    0.6300    -709.8052  0.2542 
   00078    0.6325    -682.6272  0.2780 
   00079    0.6150    -703.7497  0.3028 
   00080    0.5800    -730.2151  0.3402 
   00081    0.6150    -721.3228  0.3440 
   00082    0.6525    -811.4138  0.3354 
   00083    0.6325    -796.1503  0.3232 
   00084    0.6300    -801.6188  0.3149 
   00085    0.6300    -774.0668  0.2948 
   00086    0.6375    -665.5868  0.2646 
   00087    0.6400    -714.2946  0.2668 
   00088    0.6225    -720.5417  0.2760 
   00089    0.6250    -727.6727  0.2741 
   00090    0.6175    -754.5149  0.3231 
   00091    0.6350    -760.8949  0.2948 
   00092    0.5625    -733.4768  0.3259 
   00093    0.5950    -724.5313  0.3182 
   00094    0.6425    -735.0545  0.3267 
   00095    0.6150    -706.8207  0.3078 
   00096    0.6525    -733.2063  0.3166 
   00097    0.6150    -741.5067  0.3197 
   00098    0.6300    -730.4852  0.3026 
   00099    0.6200    -730.6607  0.2897 
   00100    0.6200    -705.1964  0.2854 
   00101    0.5975    -708.8528  0.2637 
   00102    0.6300    -703.6075  0.3067 
   00103    0.6425    -692.6550  0.2806 
   00104    0.6475    -708.4236  0.2645 
   00105    0.6100    -722.4718  0.3025 
   00106    0.6700    -737.0344  0.2841 
   00107    0.6050    -768.6882  0.2997 
   00108    0.5625    -755.0872  0.3052 
   00109    0.6475    -750.1020  0.3021 
   00110    0.6325    -761.9655  0.2945 
   00111    0.6400    -749.9181  0.2779 
   00112    0.6150    -678.1309  0.2866 
   00113    0.6550    -705.5157  0.2722 
   00114    0.6275    -741.1839  0.2933 
   00115    0.6075    -717.7042  0.2665 
   00116    0.6325    -756.4480  0.2894 
   00117    0.6475    -736.1918  0.3170 
   00118    0.6125    -691.7335  0.3181 
   00119    0.6700    -722.6976  0.3117 
   00120    0.5825    -744.2723  0.3309 
   00121    0.5500    -769.8389  0.3218 
   00122    0.6175    -762.1116  0.2940 
   00123    0.6200    -783.5478  0.3168 
   00124    0.5825    -775.0091  0.3195 
   00125    0.6025    -747.5475  0.3084 
   00126    0.6425    -756.2081  0.3208 
   00127    0.5700    -807.2322  0.2904 
   00128    0.5900    -762.7122  0.2864 
   00129    0.5900    -776.9258  0.3017 
   00130    0.6125    -795.0800  0.2779 
   00131    0.5525    -799.3029  0.2955 
   00132    0.6225    -807.9727  0.3455 
   00133    0.6025    -806.9550  0.3582 
   00134    0.5925    -805.1487  0.3392 
   00135    0.5975    -831.2568  0.3358 
   00136    0.6000    -794.9147  0.3551 
   00137    0.6000    -752.2317  0.3516 
   00138    0.5850    -788.3182  0.3782 
   00139    0.6325    -778.1930  0.3741 
   00140    0.6325    -757.9193  0.3876 
   00141    0.6350    -781.4201  0.4024 
   00142    0.6500    -792.4127  0.3736 
   00143    0.6300    -761.7850  0.3789 
   00144    0.6300    -764.1602  0.3511 
   00145    0.6175    -720.3443  0.3342 
   00146    0.6000    -705.5874  0.2803 
   00147    0.6625    -713.9665  0.2865 
   00148    0.5825    -778.7608  0.2634 
   00149    0.5825    -755.3225  0.2727 
   00150    0.6475    -725.0956  0.3024 
   00151    0.6300    -703.1290  0.2914 
   00152    0.6300    -733.0323  0.2828 
   00153    0.6575    -710.3142  0.2805 
   00154    0.6475    -761.8438  0.2759 
   00155    0.6125    -768.6609  0.2875 
   00156    0.6300    -756.1538  0.3050 
   00157    0.5800    -736.0042  0.3199 
   00158    0.6700    -712.5626  0.3398 
   00159    0.5975    -735.4895  0.3396 
   00160    0.5875    -753.7957  0.3685 
   00161    0.6100    -764.8214  0.4062 
   00162    0.6275    -773.0583  0.3833 
   00163    0.6225    -736.1497  0.3690 
   00164    0.6400    -715.5851  0.3472 
   00165    0.6275    -772.6224  0.3764 
   00166    0.5825    -766.6134  0.3306 
   00167    0.6425    -727.9516  0.3119 
   00168    0.6575    -756.5970  0.2884 
   00169    0.5850    -768.4536  0.3028 
   00170    0.5900    -767.8162  0.2798 
   00171    0.5850    -757.9032  0.2863 
   00172    0.5950    -768.7512  0.2730 
   00173    0.5975    -791.3001  0.2847 
   00174    0.6075    -831.7104  0.3046 
   00175    0.5625    -833.1128  0.2765 
   00176    0.5500    -770.8671  0.3320 
   00177    0.6250    -799.0089  0.3820 
   00178    0.6200    -761.1504  0.3886 
   00179    0.6000    -765.8016  0.3735 
   00180    0.5875    -775.6545  0.3373 
   00181    0.6625    -750.6092  0.3369 
   00182    0.6275    -765.1146  0.3515 
   00183    0.5975    -772.8886  0.3647 
   00184    0.6225    -777.3233  0.3275 
   00185    0.6225    -757.6095  0.3342 
   00186    0.6300    -741.9039  0.3070 
   00187    0.6475    -731.2202  0.3180 
   00188    0.6700    -742.6092  0.3372 
   00189    0.6125    -760.2679  0.3675 
   00190    0.6225    -741.1572  0.3310 
   00191    0.6175    -770.1024  0.3242 
   00192    0.6275    -784.4348  0.3061 
   00193    0.5950    -752.0605  0.3182 
   00194    0.6150    -767.9113  0.2969 
   00195    0.6025    -769.8179  0.2816 
   00196    0.5875    -720.7073  0.2859 
   00197    0.6350    -725.0825  0.2945 
   00198    0.6075    -709.8977  0.2872 
   00199    0.6075    -742.9863  0.3407 
   00200    0.6275    -732.1485  0.3536 
   00201    0.5975    -724.7245  0.3725 
   00202    0.6675    -701.2882  0.3599 
   00203    0.6325    -730.2933  0.4192 
   00204    0.5875    -798.7263  0.4506 
   00205    0.5650    -793.8294  0.4313 
   00206    0.6000    -817.7279  0.4344 
   00207    0.5700    -805.6217  0.4201 
   00208    0.5975    -799.6388  0.4166 
   00209    0.6250    -787.5474  0.4670 
   00210    0.6400    -800.9912  0.4632 
   00211    0.5825    -778.1593  0.4237 
   00212    0.5950    -754.4929  0.3855 
   00213    0.6275    -770.7654  0.3621 
   00214    0.6250    -794.6435  0.3722 
   00215    0.5775    -799.7001  0.3204 
   00216    0.5950    -791.8978  0.3322 
   00217    0.5675    -733.5397  0.3465 
   00218    0.5925    -716.3184  0.2687 
   00219    0.6225    -720.5872  0.2641 
   00220    0.5925    -778.7728  0.2990 
   00221    0.6625    -781.1756  0.2971 
   00222    0.6275    -779.1233  0.3032 
   00223    0.6000    -735.5481  0.3090 
   00224    0.5850    -748.3256  0.3007 
   00225    0.6150    -735.4449  0.2956 
   00226    0.6175    -775.9408  0.3489 
   00227    0.6675    -768.7880  0.3273 
   00228    0.6000    -796.9884  0.3538 
   00229    0.6000    -779.7748  0.3171 
   00230    0.5950    -816.8525  0.3427 
   00231    0.5600    -889.6139  0.3563 
   00232    0.5150    -830.0229  0.3514 
   00233    0.5925    -790.6119  0.3452 
   00234    0.5950    -792.0441  0.3560 
   00235    0.6075    -756.7812  0.3413 
   00236    0.5925    -759.4065  0.3913 
   00237    0.6300    -733.9239  0.3803 
   00238    0.5825    -792.3088  0.3930 
   00239    0.6000    -816.1330  0.3940 
   00240    0.6250    -776.2399  0.4140 
   00241    0.6125    -739.5583  0.4003 
   00242    0.6575    -690.6118  0.4043 
   00243    0.6650    -716.9881  0.3827 
   00244    0.6300    -698.4224  0.3822 
   00245    0.6175    -771.0331  0.3742 
   00246    0.6475    -772.2603  0.3966 
   00247    0.5600    -788.6620  0.3659 
   00248    0.5675    -757.4018  0.3348 
   00249    0.6300    -792.0216  0.3451 
   00250    0.6300    -759.9813  0.2875 
   00251    0.6400    -773.8558  0.3178 
   00252    0.5975    -771.7357  0.3294 
   00253    0.6275    -714.9551  0.3316 
   00254    0.5950    -728.9110  0.3475 
   00255    0.6575    -764.5274  0.3270 
   00256    0.6200    -759.2458  0.3214 
   00257    0.5900    -749.4226  0.3258 
   00258    0.6275    -764.1404  0.3005 
   00259    0.6400    -705.9097  0.2800 
   00260    0.6500    -735.7919  0.2896 
   00261    0.6025    -801.0764  0.3276 
   00262    0.5575    -766.9250  0.3270 
   00263    0.6500    -727.6925  0.3538 
   00264    0.6275    -718.9180  0.3578 
   00265    0.6175    -707.0846  0.2849 
   00266    0.6325    -741.3975  0.3233 
   00267    0.6125    -741.6142  0.3409 
   00268    0.6275    -749.2288  0.3537 
   00269    0.6075    -736.0050  0.3394 
   00270    0.6325    -739.0571  0.3412 
   00271    0.6300    -720.1021  0.3241 
   00272    0.6600    -708.9042  0.3098 
   00273    0.6525    -734.7500  0.2807 
   00274    0.6075    -797.1533  0.2977 
   00275    0.6250    -787.9498  0.2770 
   00276    0.5950    -782.8398  0.3032 
   00277    0.5850    -797.1198  0.2731 
   00278    0.5925    -731.1102  0.2521 
   00279    0.6125    -718.9111  0.2769 
   00280    0.6525    -753.6221  0.3135 
   00281    0.6025    -768.1075  0.3068 
   00282    0.6300    -761.3452  0.2734 
   00283    0.5975    -797.0642  0.2722 
   00284    0.5625    -786.4697  0.3154 
   00285    0.6100    -822.2525  0.2952 
   00286    0.6600    -757.0300  0.3194 
   00287    0.5850    -741.5951  0.2830 
   00288    0.5900    -802.1296  0.2936 
   00289    0.6025    -791.2293  0.2898 
   00290    0.6275    -798.6243  0.3086 
   00291    0.6050    -772.2314  0.3025 
   00292    0.5850    -766.9721  0.2947 
   00293    0.5900    -751.7384  0.2810 
   00294    0.6500    -714.6201  0.2837 
   00295    0.6350    -739.1847  0.2756 
   00296    0.6250    -727.9677  0.2979 
   00297    0.5725    -760.8462  0.3026 
   00298    0.6350    -737.3014  0.3292 
   00299    0.6225    -729.7208  0.3192 
   00300    0.6250    -725.6132  0.3106 
   00301    0.6075    -714.4128  0.3153 
   00302    0.6075    -740.0303  0.3374 
   00303    0.5850    -740.9851  0.3608 
   00304    0.5950    -805.6938  0.3512 
   00305    0.6200    -767.3703  0.3566 
   00306    0.5925    -764.4004  0.3346 
   00307    0.6500    -805.5882  0.3451 
   00308    0.5550    -795.5431  0.3662 
   00309    0.6275    -782.7527  0.3564 
   00310    0.5950    -808.6237  0.3494 
   00311    0.6400    -799.9784  0.3719 
   00312    0.6225    -771.4349  0.3443 
   00313    0.6450    -772.7126  0.3561 
   00314    0.5900    -752.1833  0.3548 
   00315    0.6150    -788.9612  0.3557 
   00316    0.6100    -810.2460  0.3198 
   00317    0.5925    -774.2246  0.3369 
   00318    0.6025    -804.9297  0.3522 
   00319    0.5825    -786.7368  0.3964 
   00320    0.6125    -832.0681  0.3949 
   00321    0.5425    -822.8283  0.3875 
   00322    0.5950    -787.2529  0.4071 
   00323    0.5750    -774.2536  0.4204 
   00324    0.6300    -795.1545  0.4243 
   00325    0.5750    -756.1733  0.4180 
   00326    0.5675    -743.4880  0.4007 
   00327    0.5975    -790.6501  0.3597 
   00328    0.5975    -722.8296  0.3309 
   00329    0.6675    -703.9269  0.2943 
   00330    0.7100    -744.8888  0.2741 
   00331    0.6100    -748.5945  0.3020 
   00332    0.6325    -736.9774  0.3225 
   00333    0.6650    -712.5829  0.2948 
   00334    0.6100    -717.5328  0.3290 
   00335    0.6225    -786.2742  0.3112 
   00336    0.6475    -808.5567  0.3132 
   00337    0.5850    -830.7010  0.2839 
   00338    0.5950    -814.6613  0.3403 
   00339    0.5650    -815.9259  0.3471 
   00340    0.5950    -792.7812  0.3082 
   00341    0.5675    -763.0603  0.2725 
   00342    0.6050    -749.5481  0.2676 
   00343    0.5600    -766.0851  0.2882 
   00344    0.6050    -748.6259  0.3073 
   00345    0.6550    -721.1544  0.3014 
   00346    0.6300    -743.6122  0.2852 
   00347    0.6000    -723.0872  0.3119 
   00348    0.6275    -717.1912  0.2895 
   00349    0.6350    -714.0098  0.3425 
   00350    0.6200    -729.1056  0.3156 
   00351    0.6175    -753.6725  0.3489 
   00352    0.6175    -680.3533  0.3622 
   00353    0.6125    -710.9547  0.3671 
   00354    0.6175    -725.6020  0.3437 
   00355    0.6250    -694.0276  0.3472 
   00356    0.6325    -728.1206  0.3191 
   00357    0.6625    -788.5526  0.3218 
   00358    0.6075    -783.6042  0.2842 
   00359    0.5975    -771.9477  0.2935 
   00360    0.6150    -747.1879  0.2948 
   00361    0.6125    -743.0180  0.2943 
   00362    0.6050    -751.5822  0.3008 
   00363    0.5800    -760.8055  0.2824 
   00364    0.6875    -722.4233  0.2666 
   00365    0.6275    -760.3862  0.3598 
   00366    0.5650    -747.7160  0.3514 
   00367    0.6100    -768.4752  0.3336 
   00368    0.6125    -756.7108  0.3429 
   00369    0.6375    -796.0827  0.3085 
   00370    0.5975    -749.6700  0.3584 
   00371    0.6225    -739.1871  0.3218 
   00372    0.6150    -709.8204  0.3649 
   00373    0.6500    -709.9822  0.2998 
   00374    0.6700    -724.6467  0.2909 
   00375    0.6100    -723.9900  0.2692 
   00376    0.6075    -719.4373  0.2874 
   00377    0.6025    -685.1815  0.2794 
   00378    0.6400    -716.7694  0.2931 
   00379    0.6500    -737.4116  0.2908 
   00380    0.6100    -725.6143  0.3005 
   00381    0.5725    -738.0101  0.3101 
   00382    0.6400    -744.1461  0.3158 
   00383    0.6250    -732.8851  0.3344 
   00384    0.6050    -726.6424  0.3330 
   00385    0.6350    -749.2724  0.3005 
   00386    0.6175    -751.8028  0.3207 
   00387    0.6500    -741.4413  0.3124 
   00388    0.6075    -745.0272  0.2574 
   00389    0.6175    -682.6886  0.2605 
   00390    0.6200    -718.6768  0.2666 
   00391    0.6225    -740.7481  0.2697 
   00392    0.6050    -737.2823  0.2843 
   00393    0.6125    -754.8834  0.2706 
   00394    0.5975    -776.8295  0.2806 
   00395    0.6350    -781.5377  0.2909 
   00396    0.6200    -734.7738  0.3069 
   00397    0.6700    -722.6738  0.3042 
   00398    0.6400    -775.3607  0.3266 
   00399    0.6275    -754.8266  0.3250 
   00400    0.6075    -761.0265  0.3224 
   00401    0.6150    -766.6335  0.3155 
   00402    0.6125    -764.7100  0.3669 
   00403    0.6150    -772.3414  0.3444 
   00404    0.6200    -790.7770  0.3184 
   00405    0.6175    -737.3193  0.2997 
   00406    0.6300    -753.7606  0.2564 
   00407    0.5725    -749.7999  0.2878 
   00408    0.6400    -812.7621  0.2882 
   00409    0.5500    -808.4621  0.2871 
   00410    0.6100    -796.0083  0.2969 
   00411    0.5950    -721.9616  0.3145 
   00412    0.6325    -802.7316  0.2800 
   00413    0.6200    -780.5148  0.2573 
   00414    0.5975    -770.1995  0.2686 
   00415    0.6150    -737.5141  0.2905 
   00416    0.6375    -728.4210  0.3232 
   00417    0.6025    -755.7180  0.3353 
   00418    0.6225    -758.3951  0.3189 
   00419    0.6075    -728.3298  0.3189 
   00420    0.6175    -768.4190  0.3287 
   00421    0.5850    -747.9955  0.3261 
   00422    0.6125    -722.0279  0.2832 
   00423    0.6400    -728.8075  0.2650 
   00424    0.6125    -766.2772  0.2744 
   00425    0.5625    -779.1232  0.3083 
   00426    0.6125    -768.5761  0.3278 
   00427    0.5700    -751.3740  0.3257 
   00428    0.6225    -749.1700  0.3223 
   00429    0.6025    -775.2402  0.3147 
   00430    0.6050    -800.0044  0.3028 
   00431    0.5650    -822.2792  0.3377 
   00432    0.5800    -791.6830  0.3225 
   00433    0.6375    -739.5502  0.2757 
   00434    0.6475    -787.8095  0.2861 
   00435    0.5850    -807.7466  0.2927 
   00436    0.5750    -782.7500  0.3129 
   00437    0.5775    -732.5302  0.2900 
   00438    0.6175    -737.8584  0.2900 
   00439    0.6625    -705.3421  0.3069 
   00440    0.6300    -741.9829  0.3471 
   00441    0.6450    -744.2339  0.3236 
   00442    0.6350    -722.5725  0.3079 
   00443    0.6100    -774.0610  0.3469 
   00444    0.6100    -780.5756  0.3831 
   00445    0.5750    -800.6499  0.3846 
   00446    0.5650    -782.3330  0.3933 
   00447    0.6025    -781.5538  0.4101 
   00448    0.5675    -775.8502  0.3712 
   00449    0.5850    -774.2802  0.3382 
   00450    0.6350    -802.0772  0.3306 
   00451    0.5925    -751.7013  0.2975 
   00452    0.5700    -817.5458  0.3459 
   00453    0.5875    -796.0010  0.3278 
   00454    0.5825    -813.5802  0.2991 
   00455    0.6100    -788.6962  0.3019 
   00456    0.5850    -805.2659  0.2938 
   00457    0.5775    -803.2401  0.2832 
   00458    0.6100    -794.7037  0.2774 
   00459    0.6450    -788.2878  0.2852 
   00460    0.6025    -785.1227  0.2997 
   00461    0.5875    -759.6676  0.3191 
   00462    0.6300    -786.1997  0.3394 
   00463    0.5900    -787.7705  0.3575 
   00464    0.6200    -809.0906  0.3333 
   00465    0.6300    -770.5161  0.3115 
   00466    0.6275    -763.8091  0.2822 
   00467    0.5675    -743.0266  0.3300 
   00468    0.6100    -757.6718  0.3148 
   00469    0.5875    -727.5533  0.3208 
   00470    0.5875    -736.2449  0.3318 
   00471    0.6175    -711.4606  0.3267 
   00472    0.6550    -769.3062  0.3317 
   00473    0.6475    -804.7624  0.3151 
   00474    0.5950    -729.6325  0.2987 
   00475    0.6575    -709.6372  0.2838 
   00476    0.6425    -688.0678  0.2797 
   00477    0.6225    -704.2388  0.3306 
   00478    0.6375    -712.2309  0.3404 
   00479    0.6600    -769.8540  0.3514 
   00480    0.5750    -772.8693  0.3216 
   00481    0.5825    -781.3368  0.3206 
   00482    0.6275    -797.3339  0.3004 
   00483    0.6025    -774.2610  0.2839 
   00484    0.6275    -753.2591  0.3062 
   00485    0.6150    -778.8335  0.3323 
   00486    0.6350    -792.5162  0.3150 
   00487    0.5975    -756.2911  0.3212 
   00488    0.6225    -761.5650  0.3145 
   00489    0.6225    -754.2866  0.2795 
   00490    0.5575    -802.5895  0.3176 
   00491    0.6000    -751.7936  0.3171 
   00492    0.5650    -764.4383  0.2830 
   00493    0.5800    -783.3491  0.2685 
   00494    0.5500    -752.7542  0.2843 
   00495    0.6000    -789.4178  0.2954 
   00496    0.6175    -777.8594  0.2771 
   00497    0.6475    -796.9988  0.2736 
   00498    0.6050    -778.9721  0.2716 
   00499    0.5950    -744.5270  0.2893 
   00500    0.5250    -785.2885  0.3232 
   00501    0.6125    -755.4797  0.2905 
   00502    0.6275    -773.6080  0.3039 
   00503    0.5950    -773.3815  0.3068 
   00504    0.6600    -762.3345  0.2952 
   00505    0.5875    -756.4159  0.2806 
   00506    0.6300    -804.8884  0.3034 
   00507    0.5850    -809.7175  0.2736 
   00508    0.5975    -804.6552  0.2857 
   00509    0.6475    -782.8557  0.3129 
   00510    0.6025    -751.5550  0.3166 
   00511    0.6550    -732.9120  0.3594 
   00512    0.6800    -699.9310  0.3336 
   00513    0.6700    -671.8470  0.3145 
   00514    0.5900    -684.8373  0.3213 
   00515    0.6500    -702.9489  0.3485 
   00516    0.6650    -690.4323  0.3475 
   00517    0.6700    -711.2706  0.3629 
   00518    0.6225    -695.1502  0.3637 
   00519    0.6375    -739.1125  0.3486 
   00520    0.5825    -753.8589  0.2921 
   00521    0.6600    -728.4120  0.3304 
   00522    0.6450    -746.1512  0.3171 
   00523    0.6350    -794.9805  0.3380 
   00524    0.6050    -780.5285  0.3254 
   00525    0.5850    -706.6275  0.3113 
   00526    0.5775    -780.1414  0.3031 
   00527    0.6225    -761.7097  0.2801 
   00528    0.6450    -721.9249  0.2765 
   00529    0.6050    -694.4850  0.2747 
   00530    0.6225    -686.4546  0.3249 
   00531    0.6375    -701.9198  0.3487 
   00532    0.6675    -690.5696  0.3281 
   00533    0.6275    -699.3086  0.2976 
   00534    0.6225    -708.6861  0.2754 
   00535    0.6600    -728.7780  0.3185 
   00536    0.5975    -806.7612  0.3368 
   00537    0.5650    -766.1250  0.3521 
   00538    0.6475    -737.0270  0.3476 
   00539    0.6075    -755.9120  0.3686 
   00540    0.5850    -757.0185  0.3642 
   00541    0.6375    -748.4844  0.3420 
   00542    0.6450    -771.7228  0.3168 
   00543    0.6575    -774.6963  0.3169 
   00544    0.5975    -730.3020  0.3274 
   00545    0.6250    -711.6029  0.3042 
   00546    0.6700    -728.2308  0.3054 
   00547    0.6400    -737.0871  0.2792 
   00548    0.6325    -758.7928  0.2943 
   00549    0.6350    -712.8019  0.2974 
   00550    0.6275    -742.9915  0.3045 
   00551    0.6400    -786.5679  0.2988 
   00552    0.5825    -802.0650  0.2716 
   00553    0.5550    -791.5232  0.2896 
   00554    0.5975    -764.3689  0.2819 
   00555    0.6250    -774.5292  0.2931 
   00556    0.6350    -778.8036  0.3119 
   00557    0.6125    -775.6681  0.3168 
   00558    0.6175    -771.0371  0.3372 
   00559    0.6250    -743.7559  0.3143 
   00560    0.6075    -733.0466  0.3273 
   00561    0.6000    -732.4258  0.3026 
   00562    0.6425    -784.7345  0.3322 
   00563    0.6275    -827.1136  0.3312 
   00564    0.5875    -777.9338  0.3234 
   00565    0.5350    -782.9583  0.2916 
   00566    0.6225    -786.0801  0.2908 
   00567    0.5825    -854.8975  0.2878 
   00568    0.5650    -826.5349  0.3145 
   00569    0.6050    -784.2299  0.2663 
   00570    0.6250    -779.0464  0.2858 
   00571    0.6100    -720.3264  0.2734 
   00572    0.6750    -725.5289  0.2645 
   00573    0.6475    -759.4256  0.2621 
   00574    0.5700    -791.9099  0.2826 
   00575    0.5525    -791.4500  0.2887 
   00576    0.6050    -744.4445  0.3116 
   00577    0.6575    -711.7339  0.3369 
   00578    0.6475    -793.0114  0.3362 
   00579    0.5650    -817.4003  0.3061 
   00580    0.5725    -750.9829  0.3204 
   00581    0.6025    -733.0768  0.3249 
   00582    0.6475    -729.4983  0.3469 
   00583    0.5925    -729.6516  0.3459 
   00584    0.6050    -727.3233  0.3456 
   00585    0.6325    -740.3159  0.3495 
   00586    0.6025    -734.3716  0.3082 
   00587    0.6325    -724.5877  0.3267 
   00588    0.5725    -726.5643  0.3278 
   00589    0.6100    -689.8792  0.3272 
   00590    0.6425    -684.1650  0.3543 
   00591    0.6775    -678.9346  0.3621 
   00592    0.6350    -749.8942  0.3521 
   00593    0.6200    -726.5481  0.3294 
   00594    0.6400    -715.4719  0.3244 
   00595    0.6175    -720.4179  0.3057 
   00596    0.6000    -761.0563  0.3018 
   00597    0.6275    -745.0854  0.3151 
   00598    0.5950    -743.6328  0.3399 
   00599    0.5600    -724.4509  0.3484 
   00600    0.6475    -694.7489  0.3021 
   00601    0.6475    -738.4600  0.3286 
   00602    0.5750    -729.1035  0.3173 
   00603    0.6075    -747.9819  0.3301 
   00604    0.6000    -773.9956  0.3429 
   00605    0.6100    -714.6537  0.3469 
   00606    0.6475    -743.7199  0.3614 
   00607    0.6075    -687.7914  0.3451 
   00608    0.6350    -731.3835  0.3396 
   00609    0.6250    -709.3316  0.2892 
   00610    0.6450    -693.5980  0.2710 
   00611    0.6325    -684.0663  0.2665 
   00612    0.6600    -693.1264  0.2816 
   00613    0.6950    -684.4792  0.2782 
   00614    0.5925    -725.3099  0.3121 
   00615    0.5950    -729.2197  0.3498 
   00616    0.6100    -757.1853  0.3405 
   00617    0.5950    -762.2744  0.3528 
   00618    0.6025    -747.0285  0.3749 
   00619    0.6000    -707.6382  0.3540 
   00620    0.6450    -756.5661  0.3765 
   00621    0.5925    -768.8921  0.3603 
   00622    0.5850    -756.5258  0.3794 
   00623    0.6275    -764.9983  0.3590 
   00624    0.6500    -744.0542  0.3217 
   00625    0.6225    -740.5109  0.3357 
   00626    0.6250    -747.1264  0.3113 
   00627    0.6400    -756.3981  0.3184 
   00628    0.5900    -788.1623  0.3377 
   00629    0.5850    -737.8517  0.3294 
   00630    0.5750    -766.1959  0.2876 
   00631    0.6100    -730.8631  0.2717 
   00632    0.5650    -771.8360  0.2716 
   00633    0.6350    -758.3392  0.2817 
   00634    0.6250    -765.1611  0.2938 
   00635    0.6425    -720.8966  0.3056 
   00636    0.6575    -723.7514  0.3459 
   00637    0.5800    -764.1015  0.3344 
   00638    0.6150    -816.3799  0.3311 
   00639    0.6150    -765.9819  0.2969 
   00640    0.6000    -818.8648  0.3458 
   00641    0.5650    -810.0089  0.3502 
   00642    0.6175    -818.5596  0.3414 
   00643    0.6075    -754.4368  0.3201 
   00644    0.5950    -761.0386  0.3554 
   00645    0.6200    -740.0629  0.3602 
   00646    0.6200    -771.7047  0.3704 
   00647    0.6600    -814.3349  0.3886 
   00648    0.6225    -833.7686  0.4233 
   00649    0.5775    -818.7101  0.4108 
   00650    0.5625    -801.4714  0.4211 
   00651    0.6175    -786.2484  0.4082 
   00652    0.5950    -815.1787  0.3522 
   00653    0.6425    -789.7716  0.3114 
   00654    0.5875    -763.3615  0.3367 
   00655    0.6450    -804.6297  0.3636 
   00656    0.6200    -804.2159  0.3659 
   00657    0.6075    -755.5500  0.4175 
   00658    0.6000    -766.2596  0.3943 
   00659    0.5825    -729.6487  0.3827 
   00660    0.6100    -702.9036  0.3627 
   00661    0.6025    -704.1791  0.3108 
   00662    0.6750    -718.9537  0.2756 
   00663    0.6325    -708.7774  0.2652 
   00664    0.5850    -732.1133  0.2953 
   00665    0.5725    -795.0468  0.2882 
   00666    0.6350    -690.9181  0.2818 
   00667    0.6425    -716.0366  0.2776 
   00668    0.6525    -713.8509  0.2784 
   00669    0.6575    -734.5984  0.3172 
   00670    0.5825    -733.0200  0.3505 
   00671    0.6375    -765.6222  0.3287 
   00672    0.6450    -745.5919  0.3018 
   00673    0.5875    -743.9028  0.2819 
   00674    0.6075    -771.9439  0.3022 
   00675    0.6150    -752.3319  0.3203 
   00676    0.6225    -770.9299  0.3208 
   00677    0.5925    -763.9927  0.2892 
   00678    0.6125    -701.6823  0.2961 
   00679    0.6050    -734.7423  0.3324 
   00680    0.6400    -739.2526  0.3237 
   00681    0.6450    -732.5614  0.3013 
   00682    0.6350    -720.9806  0.2876 
   00683    0.6350    -751.6790  0.2955 
   00684    0.6550    -713.7261  0.2635 
   00685    0.5975    -729.7506  0.2876 
   00686    0.6050    -725.0852  0.2755 
   00687    0.5975    -754.1960  0.2634 
   00688    0.6175    -794.2615  0.2943 
   00689    0.6150    -774.1573  0.2821 
   00690    0.6525    -748.3268  0.2775 
   00691    0.6300    -754.5103  0.2841 
   00692    0.5900    -781.3058  0.2648 
   00693    0.5900    -801.1713  0.2738 
   00694    0.6225    -747.1919  0.2929 
   00695    0.5975    -772.1207  0.2943 
   00696    0.5475    -796.4045  0.2556 
   00697    0.6175    -803.1798  0.2921 
   00698    0.5800    -791.5321  0.2747 
   00699    0.6500    -776.9298  0.3329 
   00700    0.5850    -824.2355  0.3765 
   00701    0.5975    -798.4509  0.3970 
   00702    0.5725    -795.9817  0.3826 
   00703    0.6100    -812.4024  0.4069 
   00704    0.5950    -820.3738  0.4024 
   00705    0.6150    -828.3104  0.3519 
   00706    0.5525    -812.6962  0.3417 
   00707    0.5550    -805.3730  0.3362 
   00708    0.6225    -750.2362  0.3081 
   00709    0.6050    -775.4233  0.3269 
   00710    0.5975    -738.1419  0.3318 
   00711    0.6050    -760.8950  0.3598 
   00712    0.6000    -761.0762  0.3453 
   00713    0.6075    -782.5447  0.3339 
   00714    0.6225    -746.6651  0.3420 
   00715    0.6425    -748.9803  0.3143 
   00716    0.5975    -779.4759  0.3289 
   00717    0.6275    -744.7513  0.3052 
   00718    0.6475    -734.3369  0.3213 
   00719    0.6250    -713.6503  0.3341 
   00720    0.6275    -715.0617  0.3290 
   00721    0.6200    -673.9656  0.3158 
   00722    0.6450    -705.7914  0.3045 
   00723    0.5975    -745.1433  0.2908 
   00724    0.6200    -757.3723  0.3077 
   00725    0.6125    -760.1062  0.3342 
   00726    0.6500    -729.3127  0.3449 
   00727    0.6025    -748.5843  0.3335 
   00728    0.6275    -767.8017  0.3314 
   00729    0.5900    -721.4921  0.3522 
   00730    0.5900    -765.5456  0.3605 
   00731    0.5625    -768.8744  0.3325 
   00732    0.6400    -734.2886  0.3136 
   00733    0.6175    -725.8206  0.2950 
   00734    0.6075    -733.9745  0.2809 
   00735    0.6075    -676.3239  0.2737 
   00736    0.6825    -707.1116  0.2625 
   00737    0.6375    -721.7574  0.2791 
   00738    0.6475    -702.2786  0.2865 
   00739    0.6550    -769.8532  0.2925 
   00740    0.6100    -854.5975  0.3164 
   00741    0.5450    -820.9686  0.2990 
   00742    0.5850    -788.4184  0.2923 
   00743    0.5575    -752.9506  0.3148 
   00744    0.5850    -777.9017  0.3233 
   00745    0.5825    -758.1068  0.3024 
   00746    0.6125    -737.3532  0.2892 
   00747    0.6150    -753.1877  0.2942 
   00748    0.5800    -785.9440  0.2914 
   00749    0.6075    -766.7129  0.3150 
   00750    0.5850    -761.1348  0.3336 
   00751    0.6000    -740.2065  0.3726 
   00752    0.6150    -751.3840  0.3632 
   00753    0.6025    -740.2744  0.3464 
   00754    0.6250    -686.5318  0.3360 
   00755    0.6250    -768.9870  0.3308 
   00756    0.6425    -791.7182  0.3285 
   00757    0.6025    -807.0596  0.3631 
   00758    0.5700    -811.4085  0.3724 
   00759    0.5875    -795.0589  0.3937 
   00760    0.5675    -830.3649  0.4136 
   00761    0.5875    -813.6524  0.4168 
   00762    0.6000    -834.2868  0.3853 
   00763    0.6150    -778.7595  0.3647 
   00764    0.5550    -803.3986  0.3243 
   00765    0.6200    -765.4316  0.3481 
   00766    0.6350    -772.1423  0.3450 
   00767    0.5875    -740.6225  0.3822 
   00768    0.6125    -758.5759  0.3677 
   00769    0.6525    -745.7131  0.3255 
   00770    0.5875    -707.2581  0.3040 
   00771    0.6200    -713.2457  0.2777 
   00772    0.6200    -677.9589  0.2799 
   00773    0.6350    -685.8685  0.2775 
   00774    0.6750    -747.2956  0.2973 
   00775    0.5975    -742.9493  0.3428 
   00776    0.6175    -770.3495  0.3413 
   00777    0.6375    -676.3504  0.3377 
   00778    0.6550    -749.5088  0.3498 
   00779    0.6400    -704.2775  0.3416 
   00780    0.6550    -735.1223  0.3615 
   00781    0.6375    -718.7944  0.3465 
   00782    0.6525    -698.6324  0.3586 
   00783    0.6050    -723.1375  0.3399 
   00784    0.6425    -722.2990  0.3231 
   00785    0.5900    -704.7512  0.2946 
   00786    0.5975    -713.7064  0.2975 
   00787    0.6525    -752.6588  0.3259 
   00788    0.5900    -749.7998  0.3097 
   00789    0.5675    -723.4131  0.2921 
   00790    0.6225    -698.9037  0.2735 
   00791    0.6350    -691.2160  0.3009 
   00792    0.6300    -723.1766  0.3098 
   00793    0.6225    -711.0890  0.3306 
   00794    0.5850    -765.5907  0.3581 
   00795    0.6475    -744.5978  0.3870 
   00796    0.6225    -716.3501  0.3977 
   00797    0.6250    -746.4403  0.3524 
   00798    0.6375    -742.6993  0.4038 
   00799    0.6350    -727.0212  0.3584 
   00800    0.6375    -747.6725  0.3504 
   00801    0.6500    -721.5950  0.3331 
   00802    0.6250    -692.5772  0.3444 
   00803    0.5950    -758.5409  0.3441 
   00804    0.5950    -807.5048  0.3337 
   00805    0.5575    -805.8007  0.3474 
   00806    0.6125    -818.7166  0.3442 
   00807    0.5950    -754.4800  0.3024 
   00808    0.6450    -734.9917  0.2692 
   00809    0.6625    -753.6659  0.2587 
   00810    0.6275    -770.5861  0.2679 
   00811    0.6100    -782.9703  0.3039 
   00812    0.6050    -799.3518  0.2990 
   00813    0.6050    -754.7157  0.2830 
   00814    0.6275    -780.2265  0.2670 
   00815    0.5575    -766.2461  0.2808 
   00816    0.5875    -773.3432  0.2724 
   00817    0.6150    -770.8249  0.3052 
   00818    0.5950    -733.1521  0.3078 
   00819    0.5925    -766.8602  0.3029 
   00820    0.6850    -747.9101  0.2532 
   00821    0.6125    -756.9047  0.2776 
   00822    0.6300    -746.7907  0.2782 
   00823    0.6425    -731.9791  0.2952 
   00824    0.6075    -773.9973  0.2917 
   00825    0.6325    -747.7809  0.2725 
   00826    0.6075    -753.8253  0.2618 
   00827    0.6350    -721.7395  0.2800 
   00828    0.6575    -700.4761  0.3164 
   00829    0.6425    -740.2520  0.3308 
   00830    0.6275    -733.0898  0.3079 
   00831    0.6875    -735.8228  0.3287 
   00832    0.6125    -725.3015  0.3142 
   00833    0.6250    -693.6258  0.2829 
   00834    0.6275    -742.5919  0.2848 
   00835    0.5975    -755.9622  0.2781 
   00836    0.6175    -773.4614  0.2615 
   00837    0.6325    -743.0253  0.2984 
   00838    0.6575    -725.6865  0.2947 
   00839    0.6325    -730.0205  0.3066 
   00840    0.5900    -759.1908  0.3513 
   00841    0.6175    -742.5795  0.3453 
   00842    0.6225    -783.8388  0.3659 
   00843    0.6025    -768.0243  0.3600 
   00844    0.5825    -769.2915  0.4102 
   00845    0.5775    -785.2395  0.3835 
   00846    0.6475    -767.9156  0.4137 
   00847    0.5850    -782.1382  0.4047 
   00848    0.6125    -784.9886  0.3798 
   00849    0.6150    -749.7310  0.3834 
   00850    0.5675    -757.2060  0.3556 
   00851    0.6250    -769.6727  0.3319 
   00852    0.6125    -778.5435  0.3465 
   00853    0.5375    -744.2817  0.3382 
   00854    0.6275    -746.8547  0.3112 
   00855    0.6325    -771.2199  0.3421 
   00856    0.6150    -743.4271  0.3274 
   00857    0.6400    -715.5707  0.3272 
   00858    0.6125    -727.9084  0.3786 
   00859    0.6475    -766.8414  0.3905 
   00860    0.6575    -729.9364  0.3744 
   00861    0.6200    -715.5401  0.3913 
   00862    0.5875    -729.8788  0.3689 
   00863    0.6400    -747.8934  0.3505 
   00864    0.6950    -744.3504  0.3189 
   00865    0.6025    -723.1229  0.3529 
   00866    0.6375    -709.7215  0.3603 
   00867    0.6450    -738.5291  0.3212 
   00868    0.6350    -710.7321  0.3299 
   00869    0.6375    -731.4958  0.3488 
   00870    0.6175    -734.0426  0.3555 
   00871    0.6625    -713.5725  0.3652 
   00872    0.6375    -740.6654  0.3894 
   00873    0.5425    -729.9998  0.3637 
   00874    0.6250    -745.1301  0.3446 
   00875    0.6250    -734.5734  0.3781 
   00876    0.5900    -775.4168  0.3939 
   00877    0.6075    -735.6330  0.3659 
   00878    0.6350    -753.8058  0.3411 
   00879    0.6125    -731.0979  0.3237 
   00880    0.5825    -751.8109  0.3212 
   00881    0.5975    -668.1413  0.2952 
   00882    0.6500    -707.2391  0.2778 
   00883    0.6175    -710.0601  0.2731 
   00884    0.6200    -746.2744  0.2737 
   00885    0.6200    -735.0294  0.2785 
   00886    0.6350    -750.9208  0.3081 
   00887    0.6600    -729.9480  0.3398 
   00888    0.6200    -746.6670  0.3316 
   00889    0.6050    -781.6011  0.3094 
   00890    0.6075    -796.9454  0.2789 
   00891    0.6100    -751.8704  0.3126 
   00892    0.6700    -771.2864  0.3088 
   00893    0.6000    -781.4744  0.2948 
   00894    0.6125    -801.5259  0.2630 
   00895    0.6450    -789.2923  0.3219 
   00896    0.5750    -778.4380  0.3790 
   00897    0.6100    -838.5842  0.3875 
   00898    0.5950    -862.7774  0.3875 
   00899    0.6175    -841.8525  0.3818 
   00900    0.5900    -867.8482  0.4038 
   00901    0.5825    -750.9063  0.3719 
   00902    0.6375    -756.6421  0.3963 
   00903    0.6175    -758.9080  0.3762 
   00904    0.6425    -763.0611  0.3453 
   00905    0.6200    -750.6065  0.3412 
   00906    0.6175    -695.3170  0.3391 
   00907    0.6050    -747.2898  0.3381 
   00908    0.5900    -766.9038  0.3381 
   00909    0.6325    -754.2395  0.2922 
   00910    0.5950    -744.3434  0.2652 
   00911    0.6275    -747.6844  0.2686 
   00912    0.6350    -732.6965  0.2645 
   00913    0.6475    -739.4334  0.3133 
   00914    0.6125    -721.4184  0.3285 
   00915    0.6250    -724.4880  0.3254 
   00916    0.6375    -733.2021  0.3220 
   00917    0.6150    -732.6070  0.3524 
   00918    0.6125    -707.4135  0.3700 
   00919    0.6300    -744.8826  0.3328 
   00920    0.6025    -721.5762  0.3209 
   00921    0.6525    -725.4190  0.3243 
   00922    0.6375    -727.8064  0.3294 
   00923    0.6625    -689.7992  0.3454 
   00924    0.6600    -664.5391  0.3533 
   00925    0.6875    -691.3970  0.3467 
   00926    0.6450    -736.3551  0.2931 
   00927    0.6225    -763.9464  0.3318 
   00928    0.6200    -795.0927  0.3457 
   00929    0.6475    -764.0553  0.2947 
   00930    0.5925    -720.3761  0.2726 
   00931    0.6100    -731.7883  0.3030 
   00932    0.6450    -745.2050  0.3120 
   00933    0.6100    -763.8465  0.2772 
   00934    0.6750    -734.6042  0.3117 
   00935    0.6125    -706.9612  0.2990 
   00936    0.6550    -714.1372  0.2914 
   00937    0.6100    -741.5984  0.2663 
   00938    0.6675    -737.4795  0.2835 
   00939    0.6325    -747.5924  0.3000 
   00940    0.6100    -750.4790  0.3533 
   00941    0.6350    -740.7111  0.3225 
   00942    0.6300    -733.7378  0.2725 
   00943    0.6250    -739.0394  0.2635 
   00944    0.6025    -757.5096  0.2741 
   00945    0.6075    -783.9243  0.2701 
   00946    0.5875    -747.7538  0.2838 
   00947    0.6650    -720.2135  0.3235 
   00948    0.6475    -741.2654  0.2885 
   00949    0.6325    -777.0298  0.2795 
   00950    0.5775    -728.3454  0.2650 
   00951    0.6425    -724.4004  0.3051 
   00952    0.6375    -787.2899  0.2590 
   00953    0.5625    -779.1567  0.2805 
   00954    0.5900    -784.3972  0.2569 
   00955    0.5800    -784.6024  0.3016 
   00956    0.5900    -771.2346  0.3130 
   00957    0.5950    -737.9892  0.3122 
   00958    0.6175    -738.2195  0.3253 
   00959    0.6525    -687.1900  0.2987 
   00960    0.6350    -647.5483  0.3011 
   00961    0.6800    -653.4803  0.3529 
   00962    0.6350    -656.7383  0.3670 
   00963    0.6900    -693.2928  0.3733 
   00964    0.6325    -727.8211  0.4034 
   00965    0.6400    -743.5291  0.3741 
   00966    0.5850    -749.9951  0.3537 
   00967    0.6000    -745.1371  0.3393 
   00968    0.6650    -742.2256  0.3405 
   00969    0.5925    -774.2157  0.3074 
   00970    0.5900    -759.5857  0.2752 
   00971    0.6125    -708.6703  0.2603 
   00972    0.6275    -726.6697  0.2731 
   00973    0.6625    -688.4571  0.3007 
   00974    0.6775    -655.9342  0.2546 
   00975    0.6500    -727.1622  0.3061 
   00976    0.6350    -740.7619  0.3239 
   00977    0.6525    -748.9903  0.3037 
   00978    0.6050    -747.1263  0.2925 
   00979    0.6250    -765.0441  0.2785 
   00980    0.6150    -739.0934  0.2753 
   00981    0.6375    -722.7621  0.2970 
   00982    0.6125    -752.7037  0.3257 
   00983    0.6325    -702.3890  0.3140 
   00984    0.6200    -776.8722  0.3461 
   00985    0.6300    -726.5589  0.3022 
   00986    0.6550    -768.0602  0.3142 
   00987    0.6100    -758.5022  0.2884 
   00988    0.6550    -754.8467  0.3275 
   00989    0.6550    -727.8547  0.3705 
   00990    0.5975    -729.0999  0.3633 
   00991    0.5925    -749.3582  0.3945 
   00992    0.5850    -797.5433  0.3759 
   00993    0.5900    -743.1189  0.3710 
   00994    0.6050    -795.1666  0.3379 
   00995    0.6275    -745.9846  0.3436 
   00996    0.5725    -698.0170  0.3548 
   00997    0.6200    -707.6079  0.3784 
   00998    0.5875    -765.3349  0.3936 
   00999    0.6150    -755.8272  0.3968 
   01000    0.6225    -719.9438  0.3901 
