#=====================================================
# File created:        Wed-05-Nov-2025-at-03-27-52AM
# Size of lattice:     20x20
# Number of MC steps:  1000
# Reduced temperature: 0.150
# Run time (s):        1.468032
#=====================================================
# MC step:  Ratio:     Energy:   Order:
#=====================================================
   00000    0.5000    -410.0377  0.2627 
   00001    0.5025    -440.2102  0.3446 
   00002    0.4550    -460.3838  0.3475 
   00003    0.4950    -475.9483  0.3521 
   00004    0.4700    -487.0132  0.3489 
   00005    0.5000    -501.6623  0.3531 
   00006    0.5275    -514.2585  0.3528 
   00007    0.4650    -536.4968  0.3552 
   00008    0.5125    -550.9559  0.3558 
   00009    0.5075    -560.2483  0.3538 
   00010    0.5325    -571.3553  0.3558 
   00011    0.4675    -586.4997  0.3644 
   00012    0.4775    -594.3276  0.3614 
   00013    0.4725    -602.3636  0.3617 
   00014    0.4975    -616.7539  0.3692 
   00015    0.5000    -626.5551  0.3699 
   00016    0.4975    -643.6939  0.3743 
   00017    0.4950    -649.9261  0.3774 
   00018    0.4725    -662.8289  0.3791 
   00019    0.4875    -668.3183  0.3746 
   00020    0.4500    -678.8740  0.3732 
   00021    0.4800    -690.0640  0.3792 
   00022    0.4900    -700.6404  0.3785 
   00023    0.5500    -706.1682  0.3789 
   00024    0.4950    -723.8159  0.3812 
   00025    0.5250    -741.5592  0.3908 
   00026    0.4625    -756.4936  0.3908 
   00027    0.5150    -778.0388  0.3939 
   00028    0.5150    -783.0919  0.3985 
   00029    0.5875    -789.0651  0.4020 
   00030    0.5075    -797.6238  0.3996 
   00031    0.4750    -815.7233  0.3963 
   00032    0.5350    -825.4548  0.3965 
   00033    0.5075    -840.3407  0.4047 
   00034    0.5550    -858.7852  0.4031 
   00035    0.5050    -863.0610  0.4069 
   00036    0.4900    -877.1228  0.4079 
   00037    0.5050    -876.6550  0.4079 
   00038    0.5300    -881.1410  0.4077 
   00039    0.4975    -889.4538  0.4075 
   00040    0.4975    -895.8916  0.4076 
   00041    0.4975    -910.2460  0.4074 
   00042    0.4825    -917.6004  0.4118 
   00043    0.5200    -925.0626  0.4137 
   00044    0.4675    -935.1701  0.4134 
   00045    0.4750    -942.7490  0.4157 
   00046    0.4800    -945.0494  0.4166 
   00047    0.5375    -950.7816  0.4201 
   00048    0.5275    -953.6604  0.4254 
   00049    0.4925    -964.5676  0.4266 
   00050    0.4775    -977.1656  0.4261 
   00051    0.4950    -985.0744  0.4200 
   00052    0.4875    -994.3692  0.4174 
   00053    0.5250   -1003.9894  0.4186 
   00054    0.5550   -1009.0222  0.4221 
   00055    0.4950   -1012.8116  0.4189 
   00056    0.4875   -1020.6289  0.4157 
   00057    0.4800   -1029.0341  0.4196 
   00058    0.4850   -1035.6214  0.4242 
   00059    0.5050   -1042.0132  0.4292 
   00060    0.5375   -1049.8197  0.4318 
   00061    0.5075   -1054.2975  0.4341 
   00062    0.4875   -1063.1200  0.4344 
   00063    0.5350   -1070.6330  0.4377 
   00064    0.5150   -1073.1133  0.4388 
   00065    0.5425   -1073.2453  0.4348 
   00066    0.5250   -1085.1011  0.4397 
   00067    0.5025   -1089.5339  0.4391 
   00068    0.5000   -1099.5245  0.4426 
   00069    0.4300   -1100.7028  0.4434 
   00070    0.4525   -1106.2439  0.4511 
   00071    0.4550   -1109.0078  0.4541 
   00072    0.5200   -1115.4763  0.4555 
   00073    0.4975   -1118.6273  0.4521 
   00074    0.5025   -1125.9482  0.4512 
   00075    0.4925   -1126.2324  0.4538 
   00076    0.5025   -1134.4884  0.4553 
   00077    0.4525   -1138.5180  0.4569 
   00078    0.5275   -1147.6875  0.4659 
   00079    0.5000   -1155.2233  0.4699 
   00080    0.5100   -1156.4663  0.4684 
   00081    0.4575   -1159.0327  0.4688 
   00082    0.4800   -1163.1354  0.4674 
   00083    0.5400   -1164.4536  0.4678 
   00084    0.5175   -1166.6479  0.4741 
   00085    0.5100   -1168.6675  0.4720 
   00086    0.4450   -1168.4434  0.4704 
   00087    0.4725   -1171.9059  0.4656 
   00088    0.5050   -1173.8974  0.4641 
   00089    0.4700   -1176.2245  0.4686 
   00090    0.4775   -1178.8439  0.4704 
   00091    0.4875   -1182.5992  0.4746 
   00092    0.4825   -1186.6389  0.4752 
   00093    0.4800   -1186.1430  0.4790 
   00094    0.5575   -1187.1424  0.4771 
   00095    0.5025   -1189.9484  0.4759 
   00096    0.5150   -1194.0954  0.4720 
   00097    0.4900   -1199.4799  0.4718 
   00098    0.5175   -1204.0678  0.4725 
   00099    0.4275   -1205.1252  0.4756 
   00100    0.5450   -1208.4036  0.4783 
   00101    0.4650   -1211.1412  0.4745 
   00102    0.5000   -1217.7005  0.4748 
   00103    0.5100   -1219.8677  0.4716 
   00104    0.5100   -1222.2276  0.4716 
   00105    0.5050   -1225.1379  0.4703 
   00106    0.5200   -1231.3394  0.4708 
   00107    0.5000   -1232.2585  0.4691 
   00108    0.4300   -1236.4453  0.4712 
   00109    0.5075   -1244.2719  0.4733 
   00110    0.5000   -1250.7076  0.4713 
   00111    0.5125   -1253.3918  0.4728 
   00112    0.5575   -1255.1361  0.4721 
   00113    0.5100   -1256.1130  0.4715 
   00114    0.4700   -1257.9672  0.4706 
   00115    0.4750   -1257.0494  0.4718 
   00116    0.4925   -1257.7531  0.4755 
   00117    0.5000   -1259.9297  0.4735 
   00118    0.5000   -1263.5417  0.4789 
   00119    0.4400   -1261.3610  0.4757 
   00120    0.5175   -1261.9076  0.4772 
   00121    0.4925   -1265.4813  0.4775 
   00122    0.4850   -1265.9275  0.4756 
   00123    0.5075   -1266.5157  0.4729 
   00124    0.4750   -1269.4666  0.4749 
   00125    0.5125   -1272.6804  0.4761 
   00126    0.4550   -1275.2151  0.4793 
   00127    0.4375   -1274.6587  0.4782 
   00128    0.4800   -1273.6612  0.4787 
   00129    0.5350   -1274.9672  0.4728 
   00130    0.5200   -1276.4396  0.4736 
   00131    0.4675   -1281.6154  0.4718 
   00132    0.4700   -1282.0117  0.4732 
   00133    0.5500   -1280.9704  0.4731 
   00134    0.4825   -1283.0799  0.4747 
   00135    0.5200   -1283.0643  0.4769 
   00136    0.4775   -1285.7872  0.4785 
   00137    0.4500   -1285.7670  0.4791 
   00138    0.5200   -1290.3175  0.4825 
   00139    0.5075   -1292.2644  0.4822 
   00140    0.5125   -1291.2915  0.4826 
   00141    0.4975   -1293.5498  0.4859 
   00142    0.5200   -1296.5822  0.4859 
   00143    0.4975   -1295.3254  0.4884 
   00144    0.4500   -1296.5319  0.4824 
   00145    0.4800   -1299.5322  0.4832 
   00146    0.5075   -1299.5341  0.4807 
   00147    0.4975   -1300.3629  0.4835 
   00148    0.4550   -1302.2534  0.4818 
   00149    0.4800   -1305.2557  0.4835 
   00150    0.5125   -1306.3623  0.4829 
   00151    0.4850   -1306.2477  0.4812 
   00152    0.5025   -1309.8390  0.4804 
   00153    0.4950   -1310.7967  0.4832 
   00154    0.5350   -1307.9345  0.4834 
   00155    0.5150   -1307.1543  0.4834 
   00156    0.5200   -1307.2791  0.4826 
   00157    0.5175   -1308.0889  0.4842 
   00158    0.4475   -1310.4613  0.4885 
   00159    0.4975   -1310.6600  0.4876 
   00160    0.4800   -1311.7951  0.4886 
   00161    0.4500   -1313.6890  0.4877 
   00162    0.5300   -1312.5745  0.4913 
   00163    0.4375   -1313.2636  0.4928 
   00164    0.5150   -1314.6544  0.4910 
   00165    0.4800   -1313.5770  0.4890 
   00166    0.4900   -1313.3337  0.4887 
   00167    0.5075   -1315.7678  0.4914 
   00168    0.4850   -1315.7580  0.4950 
   00169    0.5025   -1320.2398  0.4965 
   00170    0.5200   -1322.7816  0.4958 
   00171    0.4600   -1322.0013  0.4963 
   00172    0.5400   -1329.3373  0.5029 
   00173    0.4725   -1329.5628  0.5041 
   00174    0.5150   -1332.3500  0.5022 
   00175    0.4725   -1331.0635  0.5013 
   00176    0.4600   -1331.1587  0.5036 
   00177    0.5200   -1330.9843  0.5051 
   00178    0.5125   -1330.8703  0.5069 
   00179    0.4650   -1334.5190  0.5060 
   00180    0.5100   -1331.2446  0.5078 
   00181    0.4900   -1330.8305  0.5041 
   00182    0.4600   -1332.5059  0.5052 
   00183    0.5100   -1331.2242  0.5076 
   00184    0.4875   -1332.1967  0.5072 
   00185    0.5200   -1332.6069  0.5074 
   00186    0.5075   -1332.8697  0.5083 
   00187    0.5025   -1335.2592  0.5116 
   00188    0.5300   -1336.6500  0.5138 
   00189    0.5025   -1335.3052  0.5113 
   00190    0.4625   -1333.9250  0.5118 
   00191    0.4725   -1333.3001  0.5140 
   00192    0.4775   -1331.0555  0.5151 
   00193    0.4800   -1330.2456  0.5196 
   00194    0.5075   -1335.9231  0.5203 
   00195    0.4875   -1331.4415  0.5232 
   00196    0.4975   -1333.3590  0.5235 
   00197    0.4725   -1332.6342  0.5214 
   00198    0.5025   -1336.5561  0.5204 
   00199    0.4825   -1334.2036  0.5193 
   00200    0.4525   -1335.1366  0.5204 
   00201    0.4825   -1338.2032  0.5255 
   00202    0.5350   -1337.0576  0.5278 
   00203    0.4450   -1337.7545  0.5277 
   00204    0.4850   -1337.7774  0.5280 
   00205    0.4950   -1339.6294  0.5280 
   00206    0.4875   -1341.2448  0.5270 
   00207    0.4850   -1344.0711  0.5278 
   00208    0.4650   -1343.1907  0.5259 
   00209    0.5000   -1343.4481  0.5275 
   00210    0.4825   -1343.4640  0.5276 
   00211    0.4625   -1343.8652  0.5290 
   00212    0.4700   -1347.5644  0.5328 
   00213    0.4600   -1349.7298  0.5363 
   00214    0.5150   -1351.2477  0.5358 
   00215    0.4775   -1350.3176  0.5368 
   00216    0.4450   -1354.5233  0.5363 
   00217    0.5400   -1355.1819  0.5379 
   00218    0.4250   -1358.6399  0.5402 
   00219    0.4525   -1361.1340  0.5401 
   00220    0.4550   -1360.5493  0.5403 
   00221    0.4975   -1361.9846  0.5386 
   00222    0.4850   -1359.5028  0.5362 
   00223    0.4725   -1361.2510  0.5368 
   00224    0.5125   -1358.2288  0.5396 
   00225    0.4375   -1360.1319  0.5393 
   00226    0.4950   -1363.6048  0.5402 
   00227    0.4825   -1363.2403  0.5413 
   00228    0.4950   -1361.4637  0.5415 
   00229    0.4900   -1363.2638  0.5386 
   00230    0.5025   -1362.2168  0.5377 
   00231    0.4550   -1362.8985  0.5352 
   00232    0.5025   -1364.8544  0.5373 
   00233    0.4700   -1364.6010  0.5382 
   00234    0.4700   -1366.7861  0.5382 
   00235    0.5200   -1368.8444  0.5376 
   00236    0.4800   -1368.1576  0.5373 
   00237    0.4850   -1365.5630  0.5393 
   00238    0.5000   -1367.5367  0.5384 
   00239    0.4575   -1369.5630  0.5399 
   00240    0.4875   -1370.9151  0.5414 
   00241    0.4800   -1372.4018  0.5416 
   00242    0.4975   -1370.3018  0.5455 
   00243    0.4775   -1370.6869  0.5467 
   00244    0.4900   -1371.8285  0.5469 
   00245    0.4675   -1373.0792  0.5463 
   00246    0.4550   -1370.5416  0.5452 
   00247    0.4700   -1371.5508  0.5448 
   00248    0.4800   -1373.1915  0.5434 
   00249    0.4575   -1370.8665  0.5444 
   00250    0.5150   -1370.7925  0.5432 
   00251    0.4650   -1371.4721  0.5408 
   00252    0.5025   -1370.4781  0.5408 
   00253    0.4975   -1366.8715  0.5402 
   00254    0.4725   -1366.7648  0.5416 
   00255    0.4925   -1367.5843  0.5416 
   00256    0.5050   -1367.9258  0.5461 
   00257    0.4925   -1365.3355  0.5444 
   00258    0.4700   -1366.2387  0.5427 
   00259    0.4675   -1370.0058  0.5431 
   00260    0.4575   -1373.6533  0.5438 
   00261    0.4850   -1373.4660  0.5448 
   00262    0.4700   -1373.7522  0.5418 
   00263    0.4875   -1374.0196  0.5418 
   00264    0.4800   -1374.5896  0.5422 
   00265    0.4875   -1377.7285  0.5439 
   00266    0.4825   -1380.3058  0.5436 
   00267    0.4950   -1379.1955  0.5422 
   00268    0.4850   -1378.3773  0.5395 
   00269    0.4625   -1378.6074  0.5375 
   00270    0.5250   -1379.7231  0.5361 
   00271    0.4825   -1380.3661  0.5393 
   00272    0.4825   -1379.4499  0.5384 
   00273    0.5150   -1382.3600  0.5389 
   00274    0.5100   -1380.6011  0.5410 
   00275    0.5025   -1379.7147  0.5443 
   00276    0.5100   -1382.3701  0.5398 
   00277    0.4925   -1380.1749  0.5395 
   00278    0.4900   -1382.0950  0.5426 
   00279    0.5300   -1378.6711  0.5370 
   00280    0.5025   -1381.8674  0.5336 
   00281    0.5225   -1381.9022  0.5356 
   00282    0.4700   -1380.6181  0.5346 
   00283    0.5450   -1379.1389  0.5372 
   00284    0.4525   -1380.1739  0.5415 
   00285    0.4650   -1381.0296  0.5388 
   00286    0.4725   -1381.6902  0.5423 
   00287    0.4875   -1383.3833  0.5442 
   00288    0.4950   -1385.3119  0.5411 
   00289    0.4450   -1389.8525  0.5445 
   00290    0.5000   -1391.5696  0.5445 
   00291    0.4825   -1391.7133  0.5409 
   00292    0.5350   -1394.1376  0.5421 
   00293    0.5075   -1393.5205  0.5414 
   00294    0.5250   -1393.4947  0.5415 
   00295    0.5300   -1391.9048  0.5378 
   00296    0.4850   -1390.8978  0.5412 
   00297    0.4825   -1393.5670  0.5410 
   00298    0.4925   -1393.4723  0.5402 
   00299    0.5225   -1393.8171  0.5411 
   00300    0.5050   -1396.7590  0.5450 
   00301    0.5275   -1399.1685  0.5423 
   00302    0.4650   -1399.6986  0.5427 
   00303    0.5100   -1399.1141  0.5462 
   00304    0.4700   -1398.5463  0.5447 
   00305    0.4475   -1399.7100  0.5455 
   00306    0.5125   -1399.4064  0.5464 
   00307    0.5025   -1396.6188  0.5410 
   00308    0.4800   -1395.6355  0.5399 
   00309    0.4775   -1394.3502  0.5384 
   00310    0.4875   -1393.4581  0.5381 
   00311    0.5100   -1396.5217  0.5391 
   00312    0.4775   -1394.5649  0.5427 
   00313    0.5075   -1394.4170  0.5434 
   00314    0.4725   -1394.7384  0.5461 
   00315    0.4650   -1393.6247  0.5488 
   00316    0.4650   -1391.8945  0.5497 
   00317    0.4875   -1394.1780  0.5532 
   00318    0.4750   -1394.5163  0.5549 
   00319    0.4900   -1397.6580  0.5581 
   00320    0.4400   -1396.3046  0.5592 
   00321    0.4700   -1398.5419  0.5571 
   00322    0.4975   -1401.3868  0.5594 
   00323    0.4775   -1403.2683  0.5626 
   00324    0.4575   -1404.5486  0.5633 
   00325    0.4725   -1408.1927  0.5628 
   00326    0.4825   -1408.3819  0.5623 
   00327    0.4525   -1407.8332  0.5634 
   00328    0.5150   -1407.6259  0.5639 
   00329    0.4875   -1410.2533  0.5620 
   00330    0.5050   -1407.8676  0.5609 
   00331    0.4600   -1408.9734  0.5592 
   00332    0.4800   -1409.2873  0.5588 
   00333    0.4450   -1410.5251  0.5555 
   00334    0.5150   -1409.6371  0.5573 
   00335    0.4550   -1408.7422  0.5567 
   00336    0.4975   -1407.3307  0.5546 
   00337    0.5075   -1409.4173  0.5566 
   00338    0.4950   -1409.7477  0.5585 
   00339    0.4775   -1410.8165  0.5571 
   00340    0.5000   -1409.9978  0.5578 
   00341    0.4950   -1411.3225  0.5600 
   00342    0.4625   -1407.9069  0.5613 
   00343    0.5025   -1408.4340  0.5652 
   00344    0.4725   -1408.6575  0.5657 
   00345    0.4700   -1407.4413  0.5651 
   00346    0.4750   -1409.5621  0.5671 
   00347    0.5050   -1407.8424  0.5674 
   00348    0.4800   -1408.7434  0.5681 
   00349    0.4600   -1406.8777  0.5696 
   00350    0.4950   -1408.0745  0.5710 
   00351    0.5300   -1407.1799  0.5706 
   00352    0.4625   -1410.2909  0.5727 
   00353    0.4800   -1408.2053  0.5728 
   00354    0.5275   -1413.2178  0.5757 
   00355    0.4300   -1411.2133  0.5758 
   00356    0.4950   -1409.8234  0.5727 
   00357    0.4825   -1412.8486  0.5744 
   00358    0.4525   -1409.9876  0.5725 
   00359    0.4725   -1408.7883  0.5704 
   00360    0.4950   -1409.2808  0.5703 
   00361    0.4500   -1409.7726  0.5697 
   00362    0.4325   -1409.2638  0.5672 
   00363    0.4925   -1410.9043  0.5700 
   00364    0.4950   -1407.7760  0.5707 
   00365    0.4575   -1411.4265  0.5736 
   00366    0.5150   -1410.5044  0.5716 
   00367    0.4725   -1413.2019  0.5735 
   00368    0.5225   -1413.4983  0.5744 
   00369    0.4475   -1415.6585  0.5748 
   00370    0.4575   -1420.5202  0.5759 
   00371    0.5100   -1422.1634  0.5766 
   00372    0.4850   -1421.5055  0.5768 
   00373    0.4800   -1420.6949  0.5771 
   00374    0.4625   -1420.1850  0.5771 
   00375    0.4925   -1423.4382  0.5750 
   00376    0.4550   -1422.8239  0.5778 
   00377    0.5100   -1422.7460  0.5781 
   00378    0.5225   -1422.7925  0.5793 
   00379    0.4600   -1424.5405  0.5790 
   00380    0.4675   -1422.2781  0.5777 
   00381    0.4900   -1424.0292  0.5787 
   00382    0.4850   -1423.1111  0.5795 
   00383    0.4975   -1424.4905  0.5816 
   00384    0.4675   -1425.2388  0.5806 
   00385    0.4850   -1427.0602  0.5790 
   00386    0.4925   -1426.5819  0.5838 
   00387    0.4825   -1424.9221  0.5832 
   00388    0.4725   -1423.4376  0.5829 
   00389    0.4750   -1426.0270  0.5846 
   00390    0.4700   -1425.5036  0.5863 
   00391    0.4400   -1425.3588  0.5902 
   00392    0.4575   -1424.0961  0.5922 
   00393    0.4925   -1424.3040  0.5908 
   00394    0.4875   -1425.0761  0.5882 
   00395    0.4975   -1427.1946  0.5865 
   00396    0.4450   -1428.7540  0.5838 
   00397    0.5050   -1429.5133  0.5842 
   00398    0.4925   -1427.4819  0.5856 
   00399    0.5125   -1428.6550  0.5844 
   00400    0.4925   -1427.1801  0.5817 
   00401    0.4525   -1429.1281  0.5825 
   00402    0.5100   -1426.8256  0.5836 
   00403    0.4750   -1428.6796  0.5848 
   00404    0.4775   -1427.8924  0.5840 
   00405    0.4700   -1426.6294  0.5857 
   00406    0.5050   -1425.6097  0.5870 
   00407    0.4425   -1427.3494  0.5826 
   00408    0.4475   -1426.9597  0.5826 
   00409    0.5025   -1427.0090  0.5851 
   00410    0.4925   -1427.3896  0.5835 
   00411    0.4675   -1429.8716  0.5810 
   00412    0.4550   -1430.8125  0.5824 
   00413    0.5250   -1432.7792  0.5792 
   00414    0.4875   -1432.9366  0.5820 
   00415    0.4550   -1433.9617  0.5843 
   00416    0.4750   -1438.6361  0.5872 
   00417    0.4975   -1439.0377  0.5869 
   00418    0.4600   -1438.6816  0.5860 
   00419    0.5175   -1439.0474  0.5863 
   00420    0.5175   -1440.5456  0.5897 
   00421    0.5150   -1438.7327  0.5867 
   00422    0.4225   -1442.0047  0.5872 
   00423    0.4525   -1439.6852  0.5877 
   00424    0.4850   -1441.1654  0.5896 
   00425    0.4775   -1440.3826  0.5899 
   00426    0.4525   -1442.1692  0.5866 
   00427    0.5025   -1441.8221  0.5854 
   00428    0.4875   -1444.6650  0.5833 
   00429    0.4925   -1440.2754  0.5810 
   00430    0.5050   -1440.0235  0.5811 
   00431    0.5100   -1438.6170  0.5847 
   00432    0.5050   -1438.3614  0.5861 
   00433    0.4675   -1439.2002  0.5897 
   00434    0.4850   -1440.6916  0.5911 
   00435    0.5100   -1440.5412  0.5904 
   00436    0.5025   -1437.2439  0.5887 
   00437    0.5000   -1435.7602  0.5879 
   00438    0.5525   -1436.8203  0.5886 
   00439    0.4775   -1437.1700  0.5885 
   00440    0.4850   -1438.9753  0.5862 
   00441    0.4650   -1438.6354  0.5851 
   00442    0.4750   -1439.2650  0.5878 
   00443    0.4525   -1437.0245  0.5860 
   00444    0.4750   -1437.5124  0.5841 
   00445    0.5150   -1437.8545  0.5853 
   00446    0.5375   -1435.1527  0.5842 
   00447    0.5275   -1436.1117  0.5858 
   00448    0.5175   -1435.9058  0.5846 
   00449    0.5150   -1436.5753  0.5803 
   00450    0.4350   -1435.5050  0.5791 
   00451    0.4700   -1437.6187  0.5810 
   00452    0.4700   -1437.5510  0.5816 
   00453    0.4625   -1436.2107  0.5819 
   00454    0.4450   -1438.0277  0.5789 
   00455    0.4950   -1439.1494  0.5811 
   00456    0.5175   -1438.8277  0.5813 
   00457    0.5125   -1440.7528  0.5784 
   00458    0.4825   -1443.0175  0.5800 
   00459    0.4825   -1441.8117  0.5830 
   00460    0.5175   -1443.0388  0.5833 
   00461    0.5050   -1440.8918  0.5804 
   00462    0.5325   -1439.2773  0.5825 
   00463    0.4700   -1440.4305  0.5846 
   00464    0.4975   -1440.9137  0.5875 
   00465    0.4625   -1440.6342  0.5869 
   00466    0.4475   -1441.9508  0.5863 
   00467    0.5250   -1441.6811  0.5853 
   00468    0.4850   -1443.0276  0.5891 
   00469    0.5550   -1444.3262  0.5870 
   00470    0.5100   -1444.2206  0.5875 
   00471    0.5050   -1440.8326  0.5862 
   00472    0.4650   -1440.6591  0.5867 
   00473    0.4600   -1439.3822  0.5883 
   00474    0.5100   -1439.1190  0.5852 
   00475    0.4775   -1435.8721  0.5825 
   00476    0.4850   -1435.6056  0.5792 
   00477    0.4600   -1436.4429  0.5789 
   00478    0.4275   -1436.5228  0.5795 
   00479    0.4800   -1436.5739  0.5753 
   00480    0.4875   -1439.2278  0.5765 
   00481    0.4700   -1440.0140  0.5781 
   00482    0.4525   -1442.0094  0.5742 
   00483    0.4625   -1441.0521  0.5751 
   00484    0.4475   -1440.8686  0.5753 
   00485    0.4525   -1442.6280  0.5759 
   00486    0.4750   -1444.8867  0.5760 
   00487    0.4800   -1446.8987  0.5768 
   00488    0.5300   -1445.1804  0.5752 
   00489    0.4875   -1445.0989  0.5745 
   00490    0.4550   -1446.0872  0.5771 
   00491    0.5075   -1444.5292  0.5771 
   00492    0.4825   -1444.1746  0.5782 
   00493    0.4975   -1444.7403  0.5793 
   00494    0.5050   -1448.1153  0.5776 
   00495    0.4775   -1447.1124  0.5774 
   00496    0.4750   -1447.7734  0.5765 
   00497    0.5275   -1444.3994  0.5787 
   00498    0.4725   -1445.4043  0.5792 
   00499    0.4225   -1444.4557  0.5782 
   00500    0.4925   -1444.5380  0.5792 
   00501    0.4600   -1444.4133  0.5788 
   00502    0.5050   -1445.1509  0.5842 
   00503    0.4975   -1445.1303  0.5828 
   00504    0.4975   -1447.7283  0.5813 
   00505    0.4425   -1448.9344  0.5785 
   00506    0.4675   -1449.9178  0.5809 
   00507    0.4775   -1450.4271  0.5826 
   00508    0.4525   -1450.2491  0.5836 
   00509    0.4975   -1448.3874  0.5833 
   00510    0.5000   -1446.0928  0.5801 
   00511    0.4300   -1443.4287  0.5785 
   00512    0.4775   -1443.3596  0.5812 
   00513    0.4600   -1445.9060  0.5830 
   00514    0.5200   -1443.4545  0.5801 
   00515    0.4950   -1439.3519  0.5798 
   00516    0.4875   -1440.1074  0.5801 
   00517    0.4900   -1435.9279  0.5821 
   00518    0.5000   -1440.5833  0.5831 
   00519    0.4425   -1442.6261  0.5820 
   00520    0.5300   -1448.2928  0.5821 
   00521    0.4500   -1447.7655  0.5796 
   00522    0.4325   -1445.5635  0.5784 
   00523    0.4500   -1445.7097  0.5780 
   00524    0.4950   -1444.7052  0.5780 
   00525    0.4775   -1443.2784  0.5792 
   00526    0.4825   -1445.7549  0.5788 
   00527    0.4650   -1444.9565  0.5769 
   00528    0.4425   -1446.3389  0.5795 
   00529    0.4525   -1447.0457  0.5796 
   00530    0.4825   -1448.8212  0.5806 
   00531    0.5125   -1448.3384  0.5775 
   00532    0.4300   -1450.0292  0.5751 
   00533    0.4875   -1452.9643  0.5769 
   00534    0.4575   -1451.0440  0.5804 
   00535    0.5350   -1455.1588  0.5823 
   00536    0.4575   -1455.7476  0.5809 
   00537    0.5000   -1456.4944  0.5811 
   00538    0.4425   -1454.2421  0.5771 
   00539    0.4750   -1454.3074  0.5772 
   00540    0.4800   -1454.4869  0.5750 
   00541    0.4900   -1455.4393  0.5778 
   00542    0.5100   -1454.4149  0.5761 
   00543    0.4700   -1452.5317  0.5737 
   00544    0.5175   -1451.4950  0.5740 
   00545    0.4575   -1451.8290  0.5752 
   00546    0.4625   -1452.8123  0.5769 
   00547    0.4975   -1452.0896  0.5755 
   00548    0.5075   -1450.7273  0.5739 
   00549    0.5000   -1453.5764  0.5725 
   00550    0.4575   -1454.1978  0.5705 
   00551    0.4725   -1454.5841  0.5718 
   00552    0.5175   -1454.8277  0.5719 
   00553    0.4525   -1453.1331  0.5683 
   00554    0.4925   -1453.2685  0.5668 
   00555    0.4700   -1453.0147  0.5685 
   00556    0.4950   -1452.5069  0.5629 
   00557    0.5000   -1451.8949  0.5608 
   00558    0.4900   -1450.0621  0.5612 
   00559    0.4675   -1450.3838  0.5600 
   00560    0.4825   -1450.2873  0.5585 
   00561    0.4800   -1450.1141  0.5581 
   00562    0.4950   -1449.9879  0.5532 
   00563    0.4975   -1451.4404  0.5550 
   00564    0.4850   -1451.3824  0.5539 
   00565    0.5125   -1450.9820  0.5524 
   00566    0.4725   -1449.9235  0.5539 
   00567    0.5175   -1450.4747  0.5519 
   00568    0.5150   -1452.6605  0.5505 
   00569    0.4850   -1453.5788  0.5512 
   00570    0.4475   -1452.4783  0.5510 
   00571    0.5400   -1451.2284  0.5519 
   00572    0.4900   -1450.2253  0.5537 
   00573    0.4925   -1451.4096  0.5523 
   00574    0.4725   -1451.9222  0.5543 
   00575    0.5125   -1451.1680  0.5549 
   00576    0.4750   -1449.6960  0.5570 
   00577    0.5175   -1447.9632  0.5605 
   00578    0.4875   -1446.2944  0.5607 
   00579    0.4750   -1445.8422  0.5615 
   00580    0.4775   -1444.2725  0.5635 
   00581    0.4725   -1446.4396  0.5621 
   00582    0.4925   -1446.0051  0.5605 
   00583    0.4525   -1444.4205  0.5617 
   00584    0.5150   -1442.0842  0.5610 
   00585    0.5000   -1441.5041  0.5588 
   00586    0.4675   -1442.4582  0.5603 
   00587    0.4650   -1440.4188  0.5573 
   00588    0.4000   -1441.5171  0.5571 
   00589    0.4750   -1439.8984  0.5567 
   00590    0.5025   -1441.8272  0.5570 
   00591    0.4400   -1442.1012  0.5604 
   00592    0.4725   -1444.9549  0.5608 
   00593    0.5200   -1443.5976  0.5643 
   00594    0.4625   -1445.6185  0.5656 
   00595    0.4575   -1444.6034  0.5669 
   00596    0.5000   -1443.5914  0.5635 
   00597    0.5550   -1446.9720  0.5638 
   00598    0.4600   -1449.6474  0.5640 
   00599    0.4850   -1448.6112  0.5650 
   00600    0.4750   -1448.8293  0.5639 
   00601    0.4700   -1450.5671  0.5643 
   00602    0.4800   -1449.0600  0.5622 
   00603    0.4775   -1450.1310  0.5621 
   00604    0.4700   -1449.2826  0.5595 
   00605    0.4725   -1451.0117  0.5623 
   00606    0.4950   -1450.8024  0.5659 
   00607    0.5125   -1449.3196  0.5623 
   00608    0.4950   -1450.5976  0.5643 
   00609    0.4900   -1449.8649  0.5634 
   00610    0.4825   -1449.1994  0.5665 
   00611    0.4625   -1449.6456  0.5687 
   00612    0.4700   -1449.2130  0.5673 
   00613    0.4550   -1449.3681  0.5682 
   00614    0.4825   -1446.0531  0.5676 
   00615    0.5000   -1447.7296  0.5675 
   00616    0.5175   -1444.1938  0.5678 
   00617    0.4975   -1445.3563  0.5673 
   00618    0.4700   -1443.9881  0.5676 
   00619    0.5250   -1446.6314  0.5690 
   00620    0.4750   -1445.4939  0.5689 
   00621    0.4550   -1447.1129  0.5695 
   00622    0.4650   -1448.9585  0.5697 
   00623    0.4525   -1448.1570  0.5729 
   00624    0.4750   -1448.5055  0.5701 
   00625    0.5050   -1451.3278  0.5702 
   00626    0.4725   -1450.9056  0.5686 
   00627    0.4325   -1453.1275  0.5661 
   00628    0.5000   -1454.9528  0.5662 
   00629    0.4525   -1453.5547  0.5668 
   00630    0.5350   -1456.4165  0.5689 
   00631    0.4825   -1457.1662  0.5695 
   00632    0.4525   -1454.3344  0.5687 
   00633    0.4925   -1453.9513  0.5683 
   00634    0.4525   -1453.2944  0.5679 
   00635    0.4850   -1452.3654  0.5664 
   00636    0.4400   -1453.7202  0.5671 
   00637    0.4575   -1455.0123  0.5684 
   00638    0.4750   -1455.7227  0.5713 
   00639    0.4650   -1457.1342  0.5693 
   00640    0.4800   -1456.6381  0.5693 
   00641    0.4725   -1457.0560  0.5701 
   00642    0.5000   -1456.5930  0.5701 
   00643    0.4800   -1456.9976  0.5687 
   00644    0.4450   -1456.7994  0.5685 
   00645    0.4900   -1454.8311  0.5677 
   00646    0.4825   -1455.4086  0.5677 
   00647    0.5075   -1455.6033  0.5696 
   00648    0.4575   -1457.2342  0.5701 
   00649    0.4725   -1456.0497  0.5697 
   00650    0.4450   -1457.3169  0.5734 
   00651    0.5000   -1455.1597  0.5715 
   00652    0.4500   -1454.6864  0.5718 
   00653    0.4525   -1452.3439  0.5730 
   00654    0.4825   -1454.2547  0.5747 
   00655    0.5350   -1454.8861  0.5793 
   00656    0.5100   -1455.5607  0.5802 
   00657    0.5025   -1454.9065  0.5809 
   00658    0.5325   -1452.0705  0.5780 
   00659    0.4375   -1452.8849  0.5801 
   00660    0.4850   -1452.4427  0.5783 
   00661    0.4875   -1453.0727  0.5783 
   00662    0.5350   -1452.5961  0.5779 
   00663    0.4725   -1452.4348  0.5792 
   00664    0.4650   -1452.7776  0.5799 
   00665    0.5000   -1453.1692  0.5765 
   00666    0.4675   -1451.8826  0.5740 
   00667    0.4700   -1452.9794  0.5731 
   00668    0.5025   -1451.8753  0.5769 
   00669    0.4925   -1451.0586  0.5754 
   00670    0.4775   -1453.7812  0.5718 
   00671    0.4500   -1450.6481  0.5737 
   00672    0.4550   -1448.6145  0.5729 
   00673    0.5250   -1451.2295  0.5726 
   00674    0.5000   -1452.9113  0.5723 
   00675    0.4700   -1453.2122  0.5715 
   00676    0.4775   -1454.1625  0.5703 
   00677    0.4725   -1453.7053  0.5708 
   00678    0.5075   -1449.8851  0.5681 
   00679    0.4900   -1450.7311  0.5675 
   00680    0.4950   -1447.8590  0.5685 
   00681    0.4625   -1447.0694  0.5639 
   00682    0.5100   -1447.1575  0.5617 
   00683    0.4500   -1447.1380  0.5633 
   00684    0.5000   -1446.6906  0.5651 
   00685    0.5050   -1447.1471  0.5666 
   00686    0.4575   -1447.1778  0.5680 
   00687    0.5000   -1448.9087  0.5719 
   00688    0.4975   -1449.7601  0.5754 
   00689    0.5375   -1449.3665  0.5762 
   00690    0.5300   -1449.6040  0.5770 
   00691    0.4675   -1448.1167  0.5781 
   00692    0.4400   -1448.1384  0.5787 
   00693    0.5225   -1449.7899  0.5783 
   00694    0.4875   -1451.0138  0.5785 
   00695    0.5000   -1450.5812  0.5806 
   00696    0.4550   -1450.9504  0.5836 
   00697    0.5075   -1454.0975  0.5887 
   00698    0.4950   -1454.5019  0.5872 
   00699    0.4325   -1457.2300  0.5900 
   00700    0.4700   -1456.5709  0.5888 
   00701    0.5075   -1455.6861  0.5892 
   00702    0.4775   -1454.2222  0.5900 
   00703    0.4775   -1453.9107  0.5954 
   00704    0.5225   -1453.2155  0.5963 
   00705    0.4850   -1453.4600  0.5978 
   00706    0.4800   -1451.8918  0.5997 
   00707    0.4650   -1451.7950  0.5985 
   00708    0.4450   -1453.0492  0.5967 
   00709    0.4700   -1451.5967  0.5968 
   00710    0.4725   -1450.4487  0.5982 
   00711    0.4600   -1451.8639  0.6002 
   00712    0.4825   -1449.2880  0.5991 
   00713    0.4775   -1447.8695  0.5981 
   00714    0.4625   -1448.0608  0.5948 
   00715    0.4525   -1448.2202  0.5977 
   00716    0.4650   -1447.5535  0.5965 
   00717    0.4950   -1447.4094  0.5949 
   00718    0.4700   -1450.5088  0.5958 
   00719    0.5075   -1451.5760  0.5952 
   00720    0.5000   -1451.1607  0.5937 
   00721    0.4650   -1452.4090  0.5922 
   00722    0.4625   -1453.2453  0.5920 
   00723    0.5150   -1452.2274  0.5901 
   00724    0.4450   -1452.7442  0.5908 
   00725    0.4500   -1452.1675  0.5928 
   00726    0.4675   -1453.6246  0.5918 
   00727    0.4775   -1453.6526  0.5925 
   00728    0.5100   -1451.3048  0.5903 
   00729    0.4675   -1452.7863  0.5907 
   00730    0.5000   -1452.7694  0.5865 
   00731    0.4400   -1451.6329  0.5850 
   00732    0.4650   -1451.2394  0.5850 
   00733    0.4225   -1454.0211  0.5867 
   00734    0.4700   -1452.7782  0.5894 
   00735    0.4550   -1453.9354  0.5880 
   00736    0.5025   -1451.1797  0.5877 
   00737    0.5000   -1452.9605  0.5906 
   00738    0.4850   -1451.8274  0.5863 
   00739    0.4700   -1450.6782  0.5852 
   00740    0.4800   -1450.3296  0.5872 
   00741    0.5075   -1450.7080  0.5888 
   00742    0.4600   -1448.6216  0.5848 
   00743    0.5050   -1447.1370  0.5848 
   00744    0.4850   -1449.4731  0.5855 
   00745    0.4450   -1448.7684  0.5873 
   00746    0.4900   -1449.9922  0.5897 
   00747    0.4850   -1449.8264  0.5935 
   00748    0.4450   -1449.3750  0.5946 
   00749    0.4250   -1449.1569  0.5926 
   00750    0.4450   -1451.9814  0.5929 
   00751    0.4600   -1451.7614  0.5929 
   00752    0.4750   -1452.5053  0.5898 
   00753    0.4925   -1453.2047  0.5880 
   00754    0.4650   -1453.5966  0.5853 
   00755    0.4625   -1452.7835  0.5864 
   00756    0.4850   -1452.4042  0.5864 
   00757    0.4650   -1452.8810  0.5875 
   00758    0.5225   -1452.0506  0.5875 
   00759    0.4850   -1450.7566  0.5866 
   00760    0.5050   -1453.3577  0.5843 
   00761    0.4725   -1453.4670  0.5857 
   00762    0.4650   -1452.4426  0.5868 
   00763    0.4575   -1452.9155  0.5865 
   00764    0.4625   -1454.6437  0.5860 
   00765    0.3925   -1455.8291  0.5874 
   00766    0.4925   -1456.4001  0.5881 
   00767    0.4725   -1456.2169  0.5897 
   00768    0.4675   -1456.4879  0.5874 
   00769    0.4750   -1455.1767  0.5878 
   00770    0.4750   -1452.5831  0.5874 
   00771    0.4950   -1453.8791  0.5900 
   00772    0.4575   -1454.9224  0.5923 
   00773    0.4600   -1456.1818  0.5941 
   00774    0.5025   -1456.7868  0.5905 
   00775    0.4550   -1455.7880  0.5894 
   00776    0.4525   -1456.2996  0.5926 
   00777    0.4925   -1457.6006  0.5946 
   00778    0.4825   -1457.8719  0.5940 
   00779    0.4850   -1457.2443  0.5930 
   00780    0.4675   -1458.5777  0.5945 
   00781    0.4900   -1458.0831  0.5937 
   00782    0.4500   -1456.6198  0.5946 
   00783    0.4700   -1454.9450  0.5950 
   00784    0.4575   -1455.9048  0.5980 
   00785    0.4725   -1456.2227  0.5997 
   00786    0.5025   -1453.4409  0.5989 
   00787    0.4675   -1453.6518  0.5987 
   00788    0.4825   -1456.0514  0.6005 
   00789    0.5100   -1457.7839  0.5984 
   00790    0.4525   -1458.1217  0.5989 
   00791    0.4775   -1457.5150  0.5984 
   00792    0.4675   -1457.3103  0.5965 
   00793    0.4425   -1457.3536  0.5966 
   00794    0.4525   -1455.3808  0.5944 
   00795    0.4750   -1457.2754  0.5952 
   00796    0.5050   -1455.6345  0.5943 
   00797    0.5175   -1454.8346  0.5934 
   00798    0.4500   -1452.4945  0.5919 
   00799    0.4625   -1450.4104  0.5936 
   00800    0.4825   -1451.8068  0.5963 
   00801    0.4750   -1452.0807  0.5940 
   00802    0.5175   -1454.2736  0.5912 
   00803    0.4175   -1452.5318  0.5917 
   00804    0.4925   -1453.2742  0.5903 
   00805    0.5025   -1452.4388  0.5898 
   00806    0.5075   -1454.9583  0.5893 
   00807    0.5100   -1454.6277  0.5875 
   00808    0.5175   -1453.5501  0.5857 
   00809    0.4850   -1452.1174  0.5870 
   00810    0.4625   -1453.5974  0.5862 
   00811    0.4675   -1451.5578  0.5882 
   00812    0.4775   -1450.9747  0.5865 
   00813    0.4475   -1451.0302  0.5864 
   00814    0.4750   -1453.0145  0.5875 
   00815    0.4600   -1453.6734  0.5883 
   00816    0.4925   -1452.9002  0.5869 
   00817    0.4950   -1454.1569  0.5864 
   00818    0.5100   -1456.1240  0.5822 
   00819    0.4725   -1456.0817  0.5846 
   00820    0.4800   -1453.1095  0.5830 
   00821    0.5225   -1454.3004  0.5828 
   00822    0.4775   -1454.4487  0.5863 
   00823    0.4350   -1454.6874  0.5855 
   00824    0.5025   -1455.9029  0.5919 
   00825    0.4925   -1456.5188  0.5913 
   00826    0.5075   -1455.3688  0.5903 
   00827    0.4825   -1455.1375  0.5922 
   00828    0.4475   -1453.5768  0.5908 
   00829    0.5050   -1456.3302  0.5919 
   00830    0.4750   -1458.1527  0.5917 
   00831    0.4750   -1461.9844  0.5918 
   00832    0.5050   -1460.5214  0.5916 
   00833    0.4500   -1461.3161  0.5908 
   00834    0.4750   -1461.7658  0.5925 
   00835    0.4650   -1459.2278  0.5911 
   00836    0.5175   -1459.2822  0.5936 
   00837    0.4875   -1457.3438  0.5955 
   00838    0.4475   -1458.3729  0.5961 
   00839    0.5075   -1459.4139  0.5973 
   00840    0.5200   -1458.4941  0.5974 
   00841    0.4975   -1457.1322  0.5968 
   00842    0.5050   -1458.0129  0.6012 
   00843    0.4500   -1459.1121  0.5985 
   00844    0.5000   -1457.3683  0.6006 
   00845    0.4650   -1459.0571  0.6006 
   00846    0.4825   -1459.2798  0.6013 
   00847    0.4950   -1457.3392  0.6033 
   00848    0.5400   -1456.5653  0.6063 
   00849    0.4650   -1455.5353  0.6033 
   00850    0.4750   -1455.6570  0.6030 
   00851    0.4875   -1452.8630  0.6028 
   00852    0.4950   -1452.1616  0.6048 
   00853    0.4925   -1452.7325  0.6053 
   00854    0.4825   -1453.2168  0.6088 
   00855    0.4500   -1453.4386  0.6095 
   00856    0.4950   -1455.9486  0.6104 
   00857    0.4525   -1455.1963  0.6119 
   00858    0.4600   -1457.8246  0.6133 
   00859    0.4800   -1458.4329  0.6108 
   00860    0.4800   -1458.0175  0.6110 
   00861    0.5075   -1458.8140  0.6123 
   00862    0.4525   -1459.9231  0.6138 
   00863    0.5100   -1460.5779  0.6123 
   00864    0.4525   -1461.1275  0.6127 
   00865    0.4850   -1459.2444  0.6125 
   00866    0.4825   -1459.6360  0.6133 
   00867    0.5125   -1458.9706  0.6100 
   00868    0.4900   -1455.6962  0.6085 
   00869    0.4850   -1456.2674  0.6099 
   00870    0.4925   -1453.8212  0.6111 
   00871    0.4250   -1455.3160  0.6109 
   00872    0.4750   -1454.5664  0.6128 
   00873    0.4500   -1454.0343  0.6139 
   00874    0.5425   -1452.0116  0.6132 
   00875    0.5050   -1454.3405  0.6144 
   00876    0.4600   -1452.1436  0.6125 
   00877    0.4475   -1451.8041  0.6134 
   00878    0.4300   -1452.8509  0.6083 
   00879    0.4475   -1451.8570  0.6082 
   00880    0.4950   -1452.3585  0.6096 
   00881    0.4800   -1450.9262  0.6090 
   00882    0.4600   -1449.3533  0.6107 
   00883    0.4775   -1451.1764  0.6105 
   00884    0.4675   -1451.4259  0.6122 
   00885    0.4725   -1453.4586  0.6131 
   00886    0.4900   -1451.5638  0.6104 
   00887    0.4850   -1451.7668  0.6113 
   00888    0.5150   -1454.4934  0.6111 
   00889    0.4475   -1452.5648  0.6107 
   00890    0.4800   -1455.5768  0.6119 
   00891    0.4600   -1456.5641  0.6146 
   00892    0.4675   -1456.4816  0.6130 
   00893    0.4775   -1456.6527  0.6110 
   00894    0.4875   -1455.3126  0.6113 
   00895    0.4875   -1455.3558  0.6103 
   00896    0.4675   -1456.6966  0.6100 
   00897    0.4825   -1457.9152  0.6114 
   00898    0.5050   -1458.7158  0.6104 
   00899    0.4725   -1461.0936  0.6109 
   00900    0.4650   -1460.9470  0.6100 
   00901    0.4350   -1459.1721  0.6102 
   00902    0.5300   -1460.2667  0.6088 
   00903    0.4675   -1458.9533  0.6098 
   00904    0.4800   -1457.6632  0.6120 
   00905    0.4825   -1457.7818  0.6109 
   00906    0.5150   -1455.2138  0.6101 
   00907    0.4850   -1453.9753  0.6075 
   00908    0.4775   -1455.7027  0.6074 
   00909    0.4500   -1454.2761  0.6079 
   00910    0.4700   -1455.2687  0.6076 
   00911    0.4525   -1456.8683  0.6102 
   00912    0.4825   -1458.8039  0.6101 
   00913    0.4900   -1457.7696  0.6106 
   00914    0.4500   -1458.3062  0.6129 
   00915    0.4650   -1457.4314  0.6120 
   00916    0.5050   -1456.6297  0.6096 
   00917    0.4950   -1457.3823  0.6097 
   00918    0.4850   -1457.9793  0.6093 
   00919    0.4825   -1460.3323  0.6115 
   00920    0.4750   -1459.7469  0.6129 
   00921    0.5000   -1461.2561  0.6112 
   00922    0.4600   -1458.7742  0.6114 
   00923    0.5000   -1458.5104  0.6120 
   00924    0.4725   -1458.4054  0.6117 
   00925    0.4675   -1457.4956  0.6091 
   00926    0.4925   -1457.1338  0.6103 
   00927    0.4825   -1460.9761  0.6078 
   00928    0.4975   -1462.7425  0.6075 
   00929    0.4825   -1462.1246  0.6083 
   00930    0.4975   -1462.5569  0.6110 
   00931    0.4775   -1461.7441  0.6124 
   00932    0.4700   -1462.4513  0.6134 
   00933    0.4725   -1463.0189  0.6152 
   00934    0.4550   -1464.6103  0.6147 
   00935    0.4400   -1463.3835  0.6154 
   00936    0.4375   -1464.2709  0.6159 
   00937    0.4875   -1465.3769  0.6150 
   00938    0.4975   -1465.1503  0.6147 
   00939    0.4425   -1463.8969  0.6146 
   00940    0.5025   -1463.2176  0.6137 
   00941    0.4450   -1462.3466  0.6147 
   00942    0.4650   -1465.5496  0.6138 
   00943    0.5025   -1465.2491  0.6115 
   00944    0.4925   -1463.2005  0.6118 
   00945    0.4825   -1462.8153  0.6135 
   00946    0.4525   -1465.4704  0.6130 
   00947    0.5225   -1465.7858  0.6127 
   00948    0.5325   -1464.5290  0.6105 
   00949    0.4725   -1465.4459  0.6120 
   00950    0.4525   -1466.9069  0.6113 
   00951    0.4600   -1465.7661  0.6073 
   00952    0.4900   -1468.9542  0.6076 
   00953    0.4825   -1468.5047  0.6084 
   00954    0.4975   -1471.4189  0.6090 
   00955    0.5100   -1471.8324  0.6084 
   00956    0.4800   -1470.8104  0.6072 
   00957    0.5000   -1472.2157  0.6080 
   00958    0.4925   -1471.4289  0.6077 
   00959    0.4750   -1473.6275  0.6125 
   00960    0.5000   -1475.7210  0.6144 
   00961    0.4750   -1477.5604  0.6157 
   00962    0.4900   -1478.9850  0.6172 
   00963    0.5050   -1481.3529  0.6225 
   00964    0.4325   -1479.1731  0.6202 
   00965    0.5225   -1478.4033  0.6180 
   00966    0.5000   -1479.7235  0.6177 
   00967    0.4700   -1479.8079  0.6180 
   00968    0.4575   -1479.5614  0.6176 
   00969    0.5000   -1480.8211  0.6179 
   00970    0.4975   -1479.5547  0.6162 
   00971    0.4550   -1478.5862  0.6175 
   00972    0.4800   -1478.9353  0.6158 
   00973    0.4850   -1482.4064  0.6174 
   00974    0.4875   -1482.3754  0.6170 
   00975    0.4550   -1482.3199  0.6169 
   00976    0.4975   -1482.7786  0.6189 
   00977    0.4700   -1485.6837  0.6192 
   00978    0.4925   -1484.1560  0.6205 
   00979    0.4900   -1484.4878  0.6203 
   00980    0.4750   -1482.6313  0.6209 
   00981    0.4650   -1482.3619  0.6201 
   00982    0.4725   -1483.3407  0.6211 
   00983    0.4675   -1483.6631  0.6239 
   00984    0.5050   -1483.6812  0.6242 
   00985    0.5075   -1481.6058  0.6232 
   00986    0.4500   -1479.4799  0.6226 
   00987    0.4900   -1480.1725  0.6233 
   00988    0.4925   -1479.8676  0.6223 
   00989    0.4950   -1479.0394  0.6222 
   00990    0.5100   -1479.2042  0.6243 
   00991    0.5175   -1480.0318  0.6275 
   00992    0.4475   -1481.2352  0.6283 
   00993    0.4875   -1481.4115  0.6266 
   00994    0.4425   -1479.4179  0.6293 
   00995    0.5075   -1480.0429  0.6275 
   00996    0.4700   -1481.9564  0.6285 
   00997    0.4425   -1481.7640  0.6298 
   00998    0.4825   -1483.8659  0.6289 
   00999    0.4550   -1484.7976  0.6306 
   01000    0.4725   -1484.8067  0.6331 
