#=====================================================
# File created:        Wed-05-Nov-2025-at-03-27-55AM
# Size of lattice:     20x20
# Number of MC steps:  1000
# Reduced temperature: 0.250
# Run time (s):        1.499155
#=====================================================
# MC step:  Ratio:     Energy:   Order:
#=====================================================
   00000    0.5000    -424.8420  0.2793 
   00001    0.4725    -445.9179  0.3588 
   00002    0.4300    -465.5105  0.3654 
   00003    0.4625    -493.0263  0.3634 
   00004    0.4400    -510.9233  0.3609 
   00005    0.4750    -529.6152  0.3632 
   00006    0.4975    -555.7143  0.3695 
   00007    0.4800    -558.0656  0.3669 
   00008    0.4825    -571.0652  0.3717 
   00009    0.4725    -589.2457  0.3856 
   00010    0.4875    -620.7526  0.3915 
   00011    0.4350    -635.0979  0.3928 
   00012    0.5075    -658.2861  0.4022 
   00013    0.4500    -672.8846  0.4036 
   00014    0.4550    -691.4167  0.4022 
   00015    0.5025    -722.4226  0.4102 
   00016    0.4725    -730.9710  0.4146 
   00017    0.4875    -743.2235  0.4175 
   00018    0.4950    -765.1742  0.4180 
   00019    0.4700    -772.6018  0.4171 
   00020    0.4675    -791.4990  0.4239 
   00021    0.4900    -795.9195  0.4232 
   00022    0.4300    -809.7733  0.4314 
   00023    0.4625    -817.1568  0.4343 
   00024    0.4450    -821.6365  0.4371 
   00025    0.4825    -828.2732  0.4446 
   00026    0.4500    -837.0478  0.4495 
   00027    0.5000    -860.7469  0.4488 
   00028    0.5025    -874.4710  0.4493 
   00029    0.4875    -885.1631  0.4565 
   00030    0.4750    -895.6518  0.4585 
   00031    0.4550    -911.4302  0.4588 
   00032    0.5150    -924.4416  0.4591 
   00033    0.5325    -924.3294  0.4655 
   00034    0.4725    -947.9258  0.4624 
   00035    0.4825    -948.5411  0.4576 
   00036    0.5025    -953.2991  0.4575 
   00037    0.4925    -960.3648  0.4589 
   00038    0.4975    -970.5919  0.4535 
   00039    0.4600    -982.1463  0.4523 
   00040    0.4675    -984.2551  0.4468 
   00041    0.4925    -993.1847  0.4494 
   00042    0.4275    -997.1792  0.4532 
   00043    0.5025    -998.1049  0.4580 
   00044    0.4825   -1001.7837  0.4594 
   00045    0.4825   -1015.9424  0.4602 
   00046    0.4725   -1024.0022  0.4640 
   00047    0.4825   -1029.9345  0.4708 
   00048    0.4775   -1035.6476  0.4693 
   00049    0.4775   -1042.7903  0.4678 
   00050    0.4675   -1048.2140  0.4696 
   00051    0.4850   -1051.5187  0.4737 
   00052    0.4625   -1057.3964  0.4756 
   00053    0.4775   -1056.8882  0.4786 
   00054    0.5075   -1059.5937  0.4813 
   00055    0.5275   -1072.0367  0.4831 
   00056    0.5150   -1078.2038  0.4833 
   00057    0.4625   -1088.0061  0.4908 
   00058    0.4900   -1094.0917  0.4908 
   00059    0.5175   -1098.6143  0.4942 
   00060    0.4700   -1099.4874  0.4936 
   00061    0.5200   -1103.9403  0.4924 
   00062    0.5425   -1107.2278  0.4909 
   00063    0.4775   -1113.7422  0.4959 
   00064    0.4275   -1114.1046  0.4987 
   00065    0.4500   -1117.0807  0.5009 
   00066    0.4300   -1120.3624  0.5022 
   00067    0.4250   -1130.5682  0.4992 
   00068    0.5125   -1128.3999  0.5041 
   00069    0.4950   -1144.0467  0.5046 
   00070    0.4175   -1147.9098  0.5040 
   00071    0.4975   -1146.2578  0.5026 
   00072    0.4725   -1148.8498  0.5021 
   00073    0.4800   -1159.5852  0.5021 
   00074    0.4475   -1159.1041  0.5002 
   00075    0.4950   -1162.7687  0.5003 
   00076    0.4825   -1167.8039  0.4995 
   00077    0.4450   -1174.5060  0.5039 
   00078    0.4625   -1177.0896  0.5075 
   00079    0.4375   -1181.9940  0.5088 
   00080    0.4400   -1183.4652  0.5135 
   00081    0.5200   -1189.5433  0.5182 
   00082    0.4925   -1189.2761  0.5236 
   00083    0.5025   -1194.0700  0.5173 
   00084    0.4550   -1197.4382  0.5169 
   00085    0.4700   -1197.4901  0.5156 
   00086    0.4250   -1207.3285  0.5195 
   00087    0.4725   -1207.5073  0.5209 
   00088    0.4875   -1204.7033  0.5243 
   00089    0.4325   -1205.4476  0.5220 
   00090    0.4625   -1203.7082  0.5218 
   00091    0.4775   -1208.9054  0.5200 
   00092    0.4500   -1212.1439  0.5208 
   00093    0.4825   -1220.1574  0.5295 
   00094    0.4450   -1221.3129  0.5317 
   00095    0.4650   -1223.2990  0.5310 
   00096    0.4900   -1226.8573  0.5301 
   00097    0.4925   -1222.3182  0.5297 
   00098    0.4575   -1221.9212  0.5311 
   00099    0.4025   -1225.5486  0.5321 
   00100    0.4325   -1228.9648  0.5329 
   00101    0.5150   -1228.0627  0.5326 
   00102    0.4700   -1236.3289  0.5320 
   00103    0.4775   -1237.2727  0.5363 
   00104    0.4575   -1240.8014  0.5378 
   00105    0.4625   -1246.0349  0.5403 
   00106    0.4700   -1244.0853  0.5447 
   00107    0.4900   -1248.6269  0.5428 
   00108    0.5050   -1255.9141  0.5516 
   00109    0.4875   -1256.2693  0.5553 
   00110    0.4825   -1261.2911  0.5548 
   00111    0.4900   -1262.9837  0.5574 
   00112    0.4675   -1266.6609  0.5611 
   00113    0.4725   -1266.0893  0.5644 
   00114    0.4600   -1268.1240  0.5646 
   00115    0.4300   -1269.8775  0.5683 
   00116    0.4700   -1274.9090  0.5687 
   00117    0.4775   -1275.6020  0.5700 
   00118    0.4600   -1276.8126  0.5698 
   00119    0.4750   -1285.3773  0.5765 
   00120    0.4525   -1288.4879  0.5765 
   00121    0.4825   -1288.9877  0.5749 
   00122    0.4700   -1288.4649  0.5721 
   00123    0.4325   -1289.8041  0.5678 
   00124    0.4825   -1292.4489  0.5689 
   00125    0.5225   -1294.3040  0.5735 
   00126    0.4325   -1291.8864  0.5731 
   00127    0.5250   -1293.5618  0.5781 
   00128    0.4950   -1296.6536  0.5844 
   00129    0.4700   -1300.9108  0.5840 
   00130    0.4400   -1299.0957  0.5893 
   00131    0.4425   -1303.9948  0.5871 
   00132    0.4325   -1309.7925  0.5859 
   00133    0.4150   -1308.5920  0.5867 
   00134    0.4925   -1309.9659  0.5909 
   00135    0.4850   -1307.7420  0.5913 
   00136    0.4850   -1309.1414  0.5919 
   00137    0.4750   -1313.5016  0.5906 
   00138    0.4850   -1312.9712  0.5925 
   00139    0.5025   -1314.9814  0.5921 
   00140    0.4375   -1309.8685  0.5890 
   00141    0.4500   -1310.4230  0.5854 
   00142    0.4550   -1309.9839  0.5852 
   00143    0.4700   -1310.5198  0.5835 
   00144    0.5050   -1307.8106  0.5919 
   00145    0.4950   -1308.3878  0.5940 
   00146    0.4625   -1307.9661  0.5942 
   00147    0.5200   -1314.9997  0.6049 
   00148    0.4625   -1311.6396  0.6040 
   00149    0.4675   -1312.8292  0.6027 
   00150    0.4850   -1313.6507  0.6027 
   00151    0.5075   -1315.0911  0.6073 
   00152    0.4625   -1316.3566  0.6103 
   00153    0.4625   -1314.8151  0.6132 
   00154    0.4725   -1313.7419  0.6115 
   00155    0.4750   -1311.4170  0.6138 
   00156    0.4525   -1315.5477  0.6164 
   00157    0.4325   -1319.3714  0.6184 
   00158    0.4400   -1322.5662  0.6185 
   00159    0.4325   -1326.5986  0.6197 
   00160    0.4800   -1323.8246  0.6195 
   00161    0.4425   -1327.3773  0.6262 
   00162    0.4575   -1326.5890  0.6275 
   00163    0.4500   -1328.0963  0.6265 
   00164    0.4950   -1333.8421  0.6281 
   00165    0.4850   -1336.8283  0.6252 
   00166    0.4525   -1335.5051  0.6262 
   00167    0.4700   -1334.2323  0.6254 
   00168    0.4875   -1334.8437  0.6268 
   00169    0.4725   -1329.0254  0.6267 
   00170    0.4875   -1324.6063  0.6202 
   00171    0.4900   -1326.0776  0.6180 
   00172    0.4650   -1326.4241  0.6151 
   00173    0.4750   -1327.0197  0.6114 
   00174    0.4725   -1329.3890  0.6100 
   00175    0.4025   -1325.1487  0.6104 
   00176    0.4650   -1325.5158  0.6095 
   00177    0.4550   -1326.4625  0.6092 
   00178    0.4575   -1324.1260  0.6113 
   00179    0.4825   -1324.5012  0.6120 
   00180    0.4700   -1324.4637  0.6094 
   00181    0.4975   -1328.0453  0.6137 
   00182    0.4275   -1326.7238  0.6117 
   00183    0.4475   -1325.1399  0.6124 
   00184    0.4400   -1331.4915  0.6210 
   00185    0.4750   -1328.9814  0.6160 
   00186    0.4225   -1331.8381  0.6161 
   00187    0.4650   -1334.1037  0.6189 
   00188    0.4475   -1330.2849  0.6185 
   00189    0.5000   -1328.5960  0.6205 
   00190    0.4900   -1331.4241  0.6265 
   00191    0.4475   -1336.8698  0.6280 
   00192    0.4525   -1337.0307  0.6297 
   00193    0.4425   -1338.1181  0.6300 
   00194    0.4600   -1339.1360  0.6294 
   00195    0.4250   -1339.1669  0.6318 
   00196    0.4500   -1342.1947  0.6332 
   00197    0.4800   -1339.6197  0.6361 
   00198    0.4175   -1343.8365  0.6369 
   00199    0.4500   -1344.1236  0.6373 
   00200    0.4325   -1344.5523  0.6414 
   00201    0.4600   -1343.0126  0.6407 
   00202    0.4325   -1342.8717  0.6444 
   00203    0.5150   -1346.5802  0.6453 
   00204    0.5125   -1349.4859  0.6441 
   00205    0.5150   -1345.4093  0.6416 
   00206    0.4000   -1341.5926  0.6389 
   00207    0.4200   -1340.4947  0.6411 
   00208    0.4125   -1340.7947  0.6457 
   00209    0.4625   -1341.4782  0.6502 
   00210    0.4450   -1345.7020  0.6528 
   00211    0.4525   -1341.6587  0.6546 
   00212    0.4700   -1342.7222  0.6558 
   00213    0.4875   -1344.0751  0.6563 
   00214    0.4600   -1349.5395  0.6588 
   00215    0.4350   -1347.1973  0.6559 
   00216    0.4500   -1350.9221  0.6575 
   00217    0.4675   -1352.7256  0.6604 
   00218    0.4850   -1351.0837  0.6601 
   00219    0.5150   -1349.5891  0.6630 
   00220    0.4850   -1348.9465  0.6567 
   00221    0.4275   -1353.1025  0.6582 
   00222    0.4900   -1353.6214  0.6558 
   00223    0.5000   -1354.0391  0.6564 
   00224    0.4500   -1353.5912  0.6592 
   00225    0.4500   -1355.5601  0.6613 
   00226    0.4625   -1351.2788  0.6624 
   00227    0.4750   -1348.9778  0.6634 
   00228    0.4925   -1349.3033  0.6638 
   00229    0.4525   -1350.1837  0.6649 
   00230    0.4300   -1352.3700  0.6649 
   00231    0.4500   -1351.4269  0.6682 
   00232    0.4375   -1355.6549  0.6699 
   00233    0.4725   -1358.2310  0.6684 
   00234    0.4550   -1355.7559  0.6697 
   00235    0.4400   -1356.0821  0.6715 
   00236    0.4875   -1355.2777  0.6717 
   00237    0.4825   -1355.9481  0.6677 
   00238    0.4450   -1356.0682  0.6679 
   00239    0.4700   -1355.1592  0.6668 
   00240    0.4025   -1357.0947  0.6676 
   00241    0.4850   -1354.5551  0.6659 
   00242    0.4200   -1358.7384  0.6673 
   00243    0.4750   -1360.1344  0.6683 
   00244    0.4600   -1359.9984  0.6708 
   00245    0.4425   -1365.1737  0.6713 
   00246    0.4525   -1364.1345  0.6707 
   00247    0.5050   -1363.7175  0.6687 
   00248    0.4625   -1363.8094  0.6704 
   00249    0.4525   -1365.8856  0.6747 
   00250    0.4625   -1370.6549  0.6739 
   00251    0.4375   -1370.2955  0.6737 
   00252    0.4625   -1370.9193  0.6756 
   00253    0.4650   -1369.5549  0.6795 
   00254    0.4800   -1366.3783  0.6786 
   00255    0.4300   -1368.0251  0.6816 
   00256    0.5025   -1370.5488  0.6817 
   00257    0.5300   -1369.8657  0.6819 
   00258    0.4600   -1371.1050  0.6821 
   00259    0.4300   -1375.0459  0.6818 
   00260    0.5000   -1375.9627  0.6787 
   00261    0.4275   -1374.4859  0.6767 
   00262    0.4700   -1373.2302  0.6797 
   00263    0.4325   -1377.4107  0.6795 
   00264    0.4525   -1377.4685  0.6786 
   00265    0.4800   -1377.3205  0.6794 
   00266    0.4600   -1375.9182  0.6840 
   00267    0.4500   -1377.2488  0.6854 
   00268    0.4875   -1377.1939  0.6823 
   00269    0.4700   -1380.2656  0.6835 
   00270    0.4450   -1380.7513  0.6869 
   00271    0.4575   -1383.0238  0.6878 
   00272    0.4475   -1381.4354  0.6915 
   00273    0.4600   -1379.2429  0.6927 
   00274    0.4225   -1383.3663  0.6960 
   00275    0.4300   -1382.3865  0.6960 
   00276    0.4475   -1381.9232  0.6963 
   00277    0.4500   -1384.5016  0.6983 
   00278    0.5075   -1387.1916  0.6996 
   00279    0.4975   -1382.2878  0.7033 
   00280    0.4350   -1379.7783  0.7039 
   00281    0.4375   -1378.2790  0.7045 
   00282    0.5025   -1375.2579  0.7029 
   00283    0.5075   -1378.9031  0.7087 
   00284    0.4825   -1378.3855  0.7065 
   00285    0.4800   -1374.2344  0.7079 
   00286    0.4750   -1373.5037  0.7068 
   00287    0.4650   -1373.8241  0.7086 
   00288    0.4375   -1372.1610  0.7076 
   00289    0.4375   -1368.1034  0.7098 
   00290    0.4675   -1366.3508  0.7047 
   00291    0.4175   -1366.7075  0.7046 
   00292    0.4900   -1366.8970  0.7045 
   00293    0.4850   -1371.8750  0.7025 
   00294    0.4550   -1375.1021  0.7029 
   00295    0.4525   -1375.5508  0.7071 
   00296    0.5150   -1377.6340  0.7079 
   00297    0.5000   -1372.4279  0.7085 
   00298    0.4275   -1373.4015  0.7090 
   00299    0.4825   -1374.4502  0.7113 
   00300    0.4800   -1376.9091  0.7130 
   00301    0.4675   -1380.1997  0.7167 
   00302    0.4825   -1380.9254  0.7164 
   00303    0.4550   -1381.8509  0.7195 
   00304    0.4700   -1383.9217  0.7267 
   00305    0.4600   -1390.3113  0.7277 
   00306    0.4250   -1393.1335  0.7290 
   00307    0.4675   -1393.3405  0.7285 
   00308    0.4775   -1390.9925  0.7289 
   00309    0.4775   -1389.8992  0.7314 
   00310    0.4850   -1390.8644  0.7298 
   00311    0.4450   -1390.6281  0.7313 
   00312    0.4375   -1390.2875  0.7322 
   00313    0.4275   -1391.8998  0.7330 
   00314    0.4550   -1392.3963  0.7339 
   00315    0.4800   -1393.0862  0.7341 
   00316    0.4650   -1389.8835  0.7311 
   00317    0.4650   -1391.8340  0.7318 
   00318    0.4725   -1391.9954  0.7299 
   00319    0.4350   -1395.3971  0.7341 
   00320    0.4500   -1392.4130  0.7347 
   00321    0.5150   -1393.5177  0.7393 
   00322    0.4125   -1393.7875  0.7380 
   00323    0.4550   -1388.0415  0.7379 
   00324    0.4375   -1388.6304  0.7377 
   00325    0.4425   -1387.9521  0.7383 
   00326    0.4375   -1387.0761  0.7373 
   00327    0.4275   -1387.1677  0.7347 
   00328    0.4200   -1384.1453  0.7322 
   00329    0.4700   -1385.1785  0.7317 
   00330    0.4225   -1385.0273  0.7317 
   00331    0.4300   -1384.2859  0.7290 
   00332    0.4575   -1381.9813  0.7335 
   00333    0.5000   -1380.3097  0.7335 
   00334    0.4375   -1390.1028  0.7380 
   00335    0.4475   -1389.9952  0.7431 
   00336    0.4325   -1391.4912  0.7422 
   00337    0.4925   -1392.8595  0.7420 
   00338    0.4850   -1394.0583  0.7414 
   00339    0.4500   -1393.2466  0.7386 
   00340    0.4225   -1396.1930  0.7403 
   00341    0.4350   -1398.0195  0.7404 
   00342    0.4550   -1399.3331  0.7477 
   00343    0.4725   -1396.7761  0.7457 
   00344    0.4650   -1401.9036  0.7481 
   00345    0.4675   -1399.6710  0.7479 
   00346    0.4675   -1400.0832  0.7484 
   00347    0.4700   -1401.9361  0.7506 
   00348    0.4375   -1400.1448  0.7502 
   00349    0.4550   -1402.2240  0.7516 
   00350    0.4700   -1401.7577  0.7503 
   00351    0.4525   -1399.2292  0.7519 
   00352    0.4750   -1402.5581  0.7556 
   00353    0.4975   -1400.9643  0.7521 
   00354    0.5050   -1397.1232  0.7467 
   00355    0.4525   -1398.7083  0.7426 
   00356    0.4400   -1396.7536  0.7409 
   00357    0.4525   -1399.2036  0.7439 
   00358    0.4450   -1398.4857  0.7452 
   00359    0.4350   -1397.8144  0.7467 
   00360    0.4475   -1400.9060  0.7489 
   00361    0.4500   -1398.8155  0.7472 
   00362    0.4500   -1395.5863  0.7478 
   00363    0.4575   -1392.7867  0.7463 
   00364    0.4375   -1394.3667  0.7460 
   00365    0.4550   -1397.7770  0.7483 
   00366    0.4825   -1399.0747  0.7489 
   00367    0.4850   -1397.7101  0.7500 
   00368    0.4450   -1398.1428  0.7497 
   00369    0.4425   -1395.6780  0.7474 
   00370    0.4850   -1392.3895  0.7481 
   00371    0.4325   -1394.9110  0.7479 
   00372    0.4500   -1397.3825  0.7462 
   00373    0.5075   -1393.7874  0.7485 
   00374    0.4800   -1395.7020  0.7496 
   00375    0.4850   -1396.4539  0.7519 
   00376    0.4375   -1402.1413  0.7567 
   00377    0.4600   -1402.0141  0.7579 
   00378    0.4575   -1407.3971  0.7604 
   00379    0.4725   -1404.9994  0.7635 
   00380    0.4850   -1406.6605  0.7633 
   00381    0.4450   -1410.0279  0.7637 
   00382    0.4775   -1407.6557  0.7612 
   00383    0.4525   -1410.0319  0.7590 
   00384    0.4175   -1411.5687  0.7633 
   00385    0.4575   -1417.1148  0.7703 
   00386    0.4700   -1421.2781  0.7747 
   00387    0.4575   -1419.2097  0.7735 
   00388    0.4675   -1416.7505  0.7726 
   00389    0.4625   -1417.1569  0.7726 
   00390    0.4475   -1422.7551  0.7755 
   00391    0.4300   -1421.5779  0.7748 
   00392    0.4700   -1424.7038  0.7736 
   00393    0.4825   -1425.9604  0.7756 
   00394    0.4125   -1428.2484  0.7786 
   00395    0.4825   -1429.1237  0.7807 
   00396    0.4975   -1424.7048  0.7802 
   00397    0.4575   -1423.7098  0.7807 
   00398    0.4300   -1421.5542  0.7818 
   00399    0.4300   -1423.5118  0.7850 
   00400    0.4650   -1418.0052  0.7843 
   00401    0.4200   -1419.1130  0.7839 
   00402    0.4575   -1417.8401  0.7855 
   00403    0.4325   -1421.3445  0.7900 
   00404    0.4000   -1421.0829  0.7924 
   00405    0.4400   -1420.8701  0.7933 
   00406    0.4875   -1427.1092  0.7942 
   00407    0.4625   -1427.4137  0.7925 
   00408    0.4500   -1423.3547  0.7893 
   00409    0.4625   -1421.7637  0.7916 
   00410    0.4550   -1425.0072  0.7954 
   00411    0.4825   -1425.4527  0.7952 
   00412    0.4800   -1424.1586  0.7942 
   00413    0.4400   -1423.6556  0.7952 
   00414    0.4225   -1423.5319  0.7965 
   00415    0.4550   -1430.4946  0.8016 
   00416    0.4775   -1433.8945  0.7998 
   00417    0.4525   -1428.2656  0.8008 
   00418    0.4425   -1429.7610  0.7982 
   00419    0.4725   -1426.3600  0.7976 
   00420    0.4300   -1427.7834  0.7964 
   00421    0.4775   -1425.8098  0.7957 
   00422    0.5000   -1424.1636  0.7982 
   00423    0.4675   -1423.4859  0.8002 
   00424    0.4325   -1422.7952  0.8005 
   00425    0.4250   -1424.7062  0.8068 
   00426    0.4250   -1424.1046  0.8069 
   00427    0.4275   -1423.4070  0.8097 
   00428    0.4650   -1424.1178  0.8097 
   00429    0.4225   -1423.2415  0.8119 
   00430    0.4875   -1424.5559  0.8110 
   00431    0.4700   -1426.1100  0.8127 
   00432    0.4425   -1424.5524  0.8149 
   00433    0.4750   -1425.5247  0.8158 
   00434    0.4400   -1428.5308  0.8166 
   00435    0.4925   -1425.5488  0.8167 
   00436    0.4600   -1425.1770  0.8118 
   00437    0.4600   -1427.1714  0.8130 
   00438    0.5100   -1428.4336  0.8126 
   00439    0.4925   -1427.8382  0.8136 
   00440    0.4625   -1426.5150  0.8132 
   00441    0.4875   -1425.7094  0.8142 
   00442    0.4250   -1424.4207  0.8149 
   00443    0.4750   -1425.4624  0.8164 
   00444    0.4975   -1427.6050  0.8158 
   00445    0.4900   -1426.0650  0.8148 
   00446    0.4900   -1430.3029  0.8142 
   00447    0.4375   -1430.9832  0.8119 
   00448    0.4325   -1432.2282  0.8110 
   00449    0.4525   -1429.5173  0.8119 
   00450    0.4150   -1430.2775  0.8104 
   00451    0.4500   -1428.6404  0.8102 
   00452    0.4550   -1425.6480  0.8124 
   00453    0.4675   -1423.5812  0.8093 
   00454    0.4675   -1424.6999  0.8109 
   00455    0.4525   -1428.8463  0.8149 
   00456    0.4550   -1430.3913  0.8138 
   00457    0.4650   -1434.2124  0.8162 
   00458    0.4800   -1435.8520  0.8161 
   00459    0.4750   -1436.4200  0.8188 
   00460    0.5075   -1439.5258  0.8183 
   00461    0.4425   -1442.0218  0.8149 
   00462    0.4525   -1442.5844  0.8165 
   00463    0.4750   -1445.9431  0.8172 
   00464    0.4925   -1447.1131  0.8209 
   00465    0.4850   -1446.1720  0.8195 
   00466    0.4475   -1444.0791  0.8175 
   00467    0.4475   -1447.7472  0.8160 
   00468    0.4725   -1450.0845  0.8174 
   00469    0.4575   -1447.2808  0.8153 
   00470    0.4450   -1444.7633  0.8155 
   00471    0.4675   -1445.2901  0.8141 
   00472    0.4225   -1449.8946  0.8148 
   00473    0.4650   -1448.8961  0.8166 
   00474    0.4225   -1449.8480  0.8191 
   00475    0.4450   -1450.1406  0.8232 
   00476    0.4775   -1450.2504  0.8254 
   00477    0.4350   -1447.3637  0.8252 
   00478    0.4400   -1446.9361  0.8264 
   00479    0.4525   -1445.7681  0.8248 
   00480    0.4450   -1445.7762  0.8199 
   00481    0.4775   -1442.7618  0.8146 
   00482    0.5025   -1439.4932  0.8154 
   00483    0.4825   -1438.1831  0.8153 
   00484    0.5000   -1439.4211  0.8159 
   00485    0.4150   -1443.1296  0.8174 
   00486    0.4375   -1436.0799  0.8147 
   00487    0.4300   -1438.9530  0.8160 
   00488    0.4475   -1441.0132  0.8162 
   00489    0.4375   -1437.6939  0.8144 
   00490    0.4350   -1436.5665  0.8148 
   00491    0.4750   -1436.3808  0.8168 
   00492    0.4375   -1443.0374  0.8200 
   00493    0.4425   -1442.8783  0.8203 
   00494    0.4475   -1443.5912  0.8222 
   00495    0.4650   -1444.3627  0.8208 
   00496    0.4275   -1443.1181  0.8228 
   00497    0.4175   -1444.1398  0.8249 
   00498    0.4575   -1448.3053  0.8286 
   00499    0.4350   -1450.0272  0.8323 
   00500    0.4350   -1451.9700  0.8309 
   00501    0.4850   -1450.2494  0.8260 
   00502    0.4575   -1447.8511  0.8244 
   00503    0.4775   -1447.7651  0.8257 
   00504    0.4525   -1450.3798  0.8275 
   00505    0.4550   -1452.0260  0.8268 
   00506    0.4375   -1451.2590  0.8271 
   00507    0.4275   -1449.4627  0.8270 
   00508    0.5100   -1456.3846  0.8275 
   00509    0.4700   -1458.5526  0.8260 
   00510    0.4825   -1459.9486  0.8283 
   00511    0.5175   -1462.4611  0.8267 
   00512    0.4350   -1461.4992  0.8266 
   00513    0.4475   -1458.1851  0.8248 
   00514    0.4725   -1458.3607  0.8250 
   00515    0.4350   -1457.3542  0.8247 
   00516    0.4375   -1459.4518  0.8250 
   00517    0.4675   -1463.5448  0.8307 
   00518    0.4550   -1465.2864  0.8322 
   00519    0.4425   -1469.3715  0.8324 
   00520    0.4475   -1467.5402  0.8304 
   00521    0.4575   -1460.4066  0.8307 
   00522    0.4350   -1458.7597  0.8311 
   00523    0.5200   -1457.9742  0.8325 
   00524    0.4700   -1453.5011  0.8289 
   00525    0.4900   -1452.9634  0.8281 
   00526    0.4700   -1451.4304  0.8275 
   00527    0.4250   -1449.4842  0.8274 
   00528    0.4750   -1446.6159  0.8265 
   00529    0.4450   -1443.2327  0.8270 
   00530    0.4500   -1446.2057  0.8310 
   00531    0.4425   -1448.5350  0.8338 
   00532    0.4500   -1451.7909  0.8380 
   00533    0.4475   -1452.5717  0.8361 
   00534    0.4975   -1454.0032  0.8355 
   00535    0.4425   -1451.9588  0.8366 
   00536    0.4550   -1451.7434  0.8353 
   00537    0.4575   -1448.3885  0.8322 
   00538    0.4775   -1452.6636  0.8354 
   00539    0.4700   -1449.3060  0.8340 
   00540    0.4475   -1448.7780  0.8337 
   00541    0.4900   -1451.6234  0.8343 
   00542    0.4900   -1449.7162  0.8322 
   00543    0.4925   -1449.5183  0.8312 
   00544    0.4125   -1453.8161  0.8309 
   00545    0.4375   -1451.1861  0.8318 
   00546    0.4175   -1453.8718  0.8323 
   00547    0.4525   -1451.1948  0.8314 
   00548    0.4450   -1452.4697  0.8344 
   00549    0.4275   -1452.9296  0.8358 
   00550    0.4325   -1454.1049  0.8392 
   00551    0.4250   -1449.3439  0.8405 
   00552    0.4875   -1448.6411  0.8455 
   00553    0.5075   -1449.3643  0.8455 
   00554    0.4500   -1446.8128  0.8452 
   00555    0.4975   -1446.4534  0.8473 
   00556    0.4475   -1447.4665  0.8468 
   00557    0.4450   -1450.5448  0.8469 
   00558    0.4825   -1449.7582  0.8460 
   00559    0.4350   -1450.9617  0.8508 
   00560    0.4050   -1453.5698  0.8539 
   00561    0.4875   -1456.2495  0.8542 
   00562    0.4650   -1456.4805  0.8552 
   00563    0.4725   -1461.2565  0.8555 
   00564    0.4725   -1462.7249  0.8544 
   00565    0.4325   -1465.6074  0.8544 
   00566    0.4675   -1463.4188  0.8521 
   00567    0.4650   -1461.9402  0.8525 
   00568    0.4025   -1459.5535  0.8526 
   00569    0.4625   -1456.9867  0.8518 
   00570    0.4825   -1460.7192  0.8531 
   00571    0.4350   -1459.8143  0.8532 
   00572    0.4600   -1460.5925  0.8528 
   00573    0.4775   -1461.6581  0.8528 
   00574    0.4925   -1459.6829  0.8522 
   00575    0.4450   -1455.6222  0.8523 
   00576    0.4625   -1454.5566  0.8521 
   00577    0.4500   -1456.0025  0.8498 
   00578    0.4850   -1457.8957  0.8489 
   00579    0.4325   -1459.8615  0.8499 
   00580    0.4725   -1463.0497  0.8509 
   00581    0.4250   -1458.4390  0.8489 
   00582    0.4775   -1456.7131  0.8490 
   00583    0.4275   -1452.9591  0.8480 
   00584    0.4600   -1452.5791  0.8475 
   00585    0.4925   -1464.2386  0.8510 
   00586    0.3925   -1465.8898  0.8536 
   00587    0.4850   -1461.9056  0.8527 
   00588    0.4575   -1463.7509  0.8541 
   00589    0.4350   -1462.3533  0.8518 
   00590    0.4400   -1460.8556  0.8506 
   00591    0.3750   -1460.2154  0.8521 
   00592    0.5025   -1463.7796  0.8544 
   00593    0.4650   -1460.1930  0.8533 
   00594    0.4500   -1459.1798  0.8538 
   00595    0.4800   -1460.9021  0.8545 
   00596    0.4500   -1459.4638  0.8541 
   00597    0.4425   -1455.9783  0.8511 
   00598    0.4525   -1459.8491  0.8515 
   00599    0.4475   -1459.9844  0.8521 
   00600    0.4675   -1456.2368  0.8513 
   00601    0.3950   -1457.9670  0.8525 
   00602    0.4625   -1457.1643  0.8534 
   00603    0.4675   -1458.0988  0.8533 
   00604    0.4925   -1461.4359  0.8565 
   00605    0.4525   -1463.2266  0.8572 
   00606    0.4600   -1462.8642  0.8569 
   00607    0.4850   -1463.3730  0.8593 
   00608    0.4725   -1463.0722  0.8606 
   00609    0.4550   -1461.5592  0.8600 
   00610    0.4350   -1462.9638  0.8574 
   00611    0.4775   -1461.9885  0.8553 
   00612    0.4375   -1460.5623  0.8552 
   00613    0.4475   -1456.7595  0.8522 
   00614    0.4125   -1454.3281  0.8527 
   00615    0.4775   -1459.1243  0.8513 
   00616    0.4700   -1458.1601  0.8557 
   00617    0.4125   -1457.8739  0.8547 
   00618    0.4250   -1457.6793  0.8545 
   00619    0.4300   -1458.0309  0.8572 
   00620    0.4300   -1457.3840  0.8606 
   00621    0.4800   -1458.0523  0.8593 
   00622    0.4750   -1457.1441  0.8599 
   00623    0.4525   -1456.4862  0.8592 
   00624    0.4675   -1457.4528  0.8568 
   00625    0.4775   -1455.5905  0.8559 
   00626    0.4500   -1456.1058  0.8589 
   00627    0.4450   -1459.2092  0.8582 
   00628    0.4800   -1460.6988  0.8558 
   00629    0.4475   -1458.4697  0.8553 
   00630    0.4500   -1459.0676  0.8554 
   00631    0.4575   -1455.1110  0.8501 
   00632    0.4475   -1454.9256  0.8491 
   00633    0.5025   -1454.6538  0.8479 
   00634    0.4475   -1454.4608  0.8473 
   00635    0.4200   -1450.1914  0.8455 
   00636    0.4625   -1453.8853  0.8471 
   00637    0.4875   -1455.0598  0.8497 
   00638    0.4525   -1454.0507  0.8470 
   00639    0.4125   -1455.3501  0.8476 
   00640    0.4250   -1454.6396  0.8483 
   00641    0.4350   -1451.2402  0.8504 
   00642    0.4400   -1452.3751  0.8518 
   00643    0.4675   -1455.3186  0.8542 
   00644    0.4575   -1454.3299  0.8510 
   00645    0.4775   -1452.9869  0.8515 
   00646    0.4525   -1454.2338  0.8533 
   00647    0.4650   -1458.0428  0.8576 
   00648    0.4450   -1457.8520  0.8554 
   00649    0.4650   -1454.2468  0.8556 
   00650    0.4375   -1451.6562  0.8541 
   00651    0.4725   -1455.3101  0.8556 
   00652    0.4025   -1452.4981  0.8542 
   00653    0.4050   -1453.5083  0.8522 
   00654    0.4375   -1455.8308  0.8532 
   00655    0.4425   -1456.8475  0.8543 
   00656    0.4375   -1457.8784  0.8556 
   00657    0.4400   -1457.9893  0.8526 
   00658    0.4675   -1459.9252  0.8527 
   00659    0.4650   -1463.7553  0.8488 
   00660    0.4550   -1467.1194  0.8470 
   00661    0.5225   -1464.9157  0.8479 
   00662    0.4550   -1464.2163  0.8465 
   00663    0.4425   -1464.6312  0.8483 
   00664    0.4425   -1461.7553  0.8430 
   00665    0.4500   -1461.1307  0.8430 
   00666    0.4700   -1457.8448  0.8415 
   00667    0.4400   -1456.4857  0.8454 
   00668    0.3975   -1453.3988  0.8450 
   00669    0.4375   -1454.3946  0.8474 
   00670    0.4350   -1456.0192  0.8483 
   00671    0.4400   -1458.5263  0.8494 
   00672    0.4525   -1454.1559  0.8497 
   00673    0.4950   -1453.3420  0.8516 
   00674    0.4700   -1454.8741  0.8517 
   00675    0.5025   -1452.7764  0.8493 
   00676    0.4375   -1452.9378  0.8497 
   00677    0.4300   -1456.9469  0.8504 
   00678    0.4625   -1457.5325  0.8531 
   00679    0.4450   -1460.6964  0.8550 
   00680    0.4350   -1462.3448  0.8569 
   00681    0.4500   -1461.4073  0.8563 
   00682    0.4575   -1462.7266  0.8552 
   00683    0.4625   -1458.5954  0.8532 
   00684    0.4425   -1451.6352  0.8498 
   00685    0.4725   -1453.6237  0.8499 
   00686    0.4650   -1453.8956  0.8484 
   00687    0.4800   -1452.0159  0.8481 
   00688    0.4575   -1448.3632  0.8487 
   00689    0.4800   -1450.2383  0.8461 
   00690    0.4425   -1448.7576  0.8439 
   00691    0.4750   -1451.8496  0.8456 
   00692    0.4625   -1449.9942  0.8445 
   00693    0.4300   -1447.9141  0.8451 
   00694    0.4700   -1446.1651  0.8457 
   00695    0.4275   -1444.5235  0.8463 
   00696    0.4450   -1448.5399  0.8510 
   00697    0.4050   -1446.5891  0.8504 
   00698    0.4600   -1445.3324  0.8515 
   00699    0.4375   -1449.4567  0.8506 
   00700    0.4400   -1450.7668  0.8496 
   00701    0.4600   -1451.6577  0.8502 
   00702    0.4425   -1454.4605  0.8529 
   00703    0.4075   -1455.0285  0.8538 
   00704    0.4550   -1455.9504  0.8525 
   00705    0.4250   -1458.0649  0.8519 
   00706    0.4350   -1458.5184  0.8528 
   00707    0.4650   -1460.2779  0.8547 
   00708    0.4525   -1460.6933  0.8542 
   00709    0.4400   -1463.0011  0.8521 
   00710    0.4325   -1467.2220  0.8539 
   00711    0.4850   -1466.1798  0.8549 
   00712    0.4725   -1467.4090  0.8542 
   00713    0.4650   -1464.4784  0.8554 
   00714    0.4200   -1460.9367  0.8556 
   00715    0.4750   -1461.6654  0.8564 
   00716    0.4550   -1461.1933  0.8558 
   00717    0.4900   -1459.5989  0.8565 
   00718    0.4825   -1462.3979  0.8582 
   00719    0.4225   -1465.6126  0.8585 
   00720    0.4625   -1467.4311  0.8571 
   00721    0.4300   -1466.6758  0.8585 
   00722    0.4975   -1464.3496  0.8582 
   00723    0.4225   -1465.3498  0.8615 
   00724    0.4325   -1465.5570  0.8624 
   00725    0.4425   -1466.5564  0.8630 
   00726    0.4450   -1465.3825  0.8617 
   00727    0.4325   -1464.2665  0.8624 
   00728    0.4875   -1465.6767  0.8623 
   00729    0.4875   -1469.3083  0.8631 
   00730    0.5050   -1470.8583  0.8610 
   00731    0.4325   -1471.8511  0.8593 
   00732    0.4450   -1468.3982  0.8545 
   00733    0.4550   -1466.4997  0.8540 
   00734    0.4750   -1465.5605  0.8519 
   00735    0.4650   -1468.6442  0.8542 
   00736    0.4375   -1469.9517  0.8561 
   00737    0.4425   -1467.5839  0.8568 
   00738    0.4650   -1469.4214  0.8586 
   00739    0.4275   -1472.9282  0.8588 
   00740    0.4450   -1474.1994  0.8600 
   00741    0.4775   -1472.4791  0.8597 
   00742    0.4600   -1473.0072  0.8645 
   00743    0.4750   -1472.0480  0.8606 
   00744    0.4550   -1472.5709  0.8596 
   00745    0.4525   -1473.0899  0.8584 
   00746    0.4425   -1470.2849  0.8580 
   00747    0.4175   -1466.4165  0.8548 
   00748    0.4525   -1471.1837  0.8568 
   00749    0.4500   -1473.0790  0.8582 
   00750    0.4725   -1468.6689  0.8577 
   00751    0.4175   -1470.1741  0.8564 
   00752    0.4575   -1469.0966  0.8590 
   00753    0.4600   -1468.7699  0.8573 
   00754    0.4500   -1466.1047  0.8567 
   00755    0.4600   -1462.8362  0.8547 
   00756    0.4700   -1462.8182  0.8554 
   00757    0.4950   -1462.4673  0.8552 
   00758    0.4475   -1463.6454  0.8527 
   00759    0.4400   -1463.2490  0.8527 
   00760    0.4375   -1461.0034  0.8548 
   00761    0.4800   -1460.9390  0.8537 
   00762    0.4200   -1463.1333  0.8542 
   00763    0.5000   -1463.0020  0.8524 
   00764    0.4550   -1464.8131  0.8530 
   00765    0.4675   -1461.7911  0.8566 
   00766    0.4625   -1460.5058  0.8580 
   00767    0.4750   -1464.9303  0.8612 
   00768    0.4975   -1463.2010  0.8615 
   00769    0.4600   -1464.8667  0.8640 
   00770    0.4575   -1466.6813  0.8618 
   00771    0.4100   -1465.8996  0.8613 
   00772    0.4450   -1462.6517  0.8601 
   00773    0.4575   -1466.5187  0.8618 
   00774    0.4750   -1468.6628  0.8627 
   00775    0.4250   -1465.4735  0.8612 
   00776    0.4750   -1469.5635  0.8641 
   00777    0.4400   -1473.1471  0.8639 
   00778    0.4750   -1472.7512  0.8676 
   00779    0.4925   -1473.6280  0.8662 
   00780    0.4475   -1473.8966  0.8662 
   00781    0.4600   -1473.8034  0.8694 
   00782    0.4675   -1470.9324  0.8661 
   00783    0.4525   -1472.8279  0.8661 
   00784    0.4475   -1473.1754  0.8684 
   00785    0.4975   -1472.4407  0.8678 
   00786    0.4350   -1472.7793  0.8670 
   00787    0.4250   -1474.3249  0.8667 
   00788    0.4225   -1472.2658  0.8666 
   00789    0.4750   -1472.5337  0.8666 
   00790    0.4750   -1470.1773  0.8662 
   00791    0.4425   -1470.1694  0.8673 
   00792    0.4650   -1471.8560  0.8717 
   00793    0.4750   -1472.2020  0.8729 
   00794    0.4250   -1474.5920  0.8720 
   00795    0.4300   -1471.4038  0.8745 
   00796    0.4400   -1471.2856  0.8729 
   00797    0.4650   -1470.5443  0.8740 
   00798    0.4650   -1469.9350  0.8714 
   00799    0.4250   -1466.9255  0.8678 
   00800    0.4650   -1468.5478  0.8686 
   00801    0.4600   -1468.7646  0.8673 
   00802    0.4425   -1468.7935  0.8645 
   00803    0.4825   -1468.5044  0.8643 
   00804    0.4800   -1470.0728  0.8685 
   00805    0.4575   -1467.1707  0.8711 
   00806    0.4450   -1466.8457  0.8706 
   00807    0.4375   -1466.6989  0.8690 
   00808    0.4725   -1463.9296  0.8679 
   00809    0.4600   -1467.1163  0.8693 
   00810    0.4875   -1466.3358  0.8695 
   00811    0.4500   -1462.2154  0.8681 
   00812    0.4675   -1456.4571  0.8683 
   00813    0.4725   -1460.0246  0.8709 
   00814    0.4350   -1460.4450  0.8691 
   00815    0.4325   -1462.4763  0.8678 
   00816    0.4675   -1459.3505  0.8651 
   00817    0.4825   -1459.5270  0.8645 
   00818    0.4300   -1458.8155  0.8664 
   00819    0.4500   -1458.2820  0.8669 
   00820    0.4625   -1459.0024  0.8696 
   00821    0.4675   -1457.2647  0.8691 
   00822    0.4625   -1459.2050  0.8684 
   00823    0.4925   -1458.8096  0.8705 
   00824    0.4675   -1458.8607  0.8692 
   00825    0.4725   -1459.2897  0.8692 
   00826    0.4400   -1461.2369  0.8688 
   00827    0.4500   -1459.3999  0.8683 
   00828    0.4950   -1459.3615  0.8689 
   00829    0.4325   -1457.4237  0.8663 
   00830    0.4675   -1454.2854  0.8642 
   00831    0.4175   -1452.9959  0.8629 
   00832    0.4675   -1455.5197  0.8647 
   00833    0.4300   -1453.3354  0.8622 
   00834    0.4675   -1458.0076  0.8643 
   00835    0.4200   -1457.2386  0.8618 
   00836    0.4975   -1459.3069  0.8577 
   00837    0.4275   -1461.4052  0.8570 
   00838    0.4750   -1465.3956  0.8584 
   00839    0.4725   -1464.9810  0.8589 
   00840    0.4875   -1467.6895  0.8618 
   00841    0.4450   -1468.0636  0.8641 
   00842    0.4525   -1466.1666  0.8631 
   00843    0.4325   -1466.5228  0.8670 
   00844    0.4725   -1467.7385  0.8677 
   00845    0.4875   -1468.3400  0.8695 
   00846    0.4575   -1467.6056  0.8700 
   00847    0.4700   -1472.5532  0.8722 
   00848    0.4450   -1472.8587  0.8726 
   00849    0.4650   -1472.4873  0.8743 
   00850    0.4550   -1469.2261  0.8715 
   00851    0.4600   -1470.9243  0.8726 
   00852    0.4375   -1472.4115  0.8738 
   00853    0.4550   -1477.2811  0.8739 
   00854    0.4750   -1477.9185  0.8743 
   00855    0.4425   -1474.3622  0.8737 
   00856    0.4475   -1475.8347  0.8757 
   00857    0.4550   -1475.4654  0.8754 
   00858    0.4800   -1479.8952  0.8743 
   00859    0.4200   -1481.1208  0.8745 
   00860    0.4350   -1483.3592  0.8729 
   00861    0.4275   -1477.7582  0.8722 
   00862    0.4725   -1477.8835  0.8718 
   00863    0.4800   -1476.1123  0.8701 
   00864    0.4475   -1476.1801  0.8701 
   00865    0.4600   -1477.8816  0.8729 
   00866    0.4675   -1477.4197  0.8714 
   00867    0.4275   -1477.9023  0.8745 
   00868    0.5050   -1473.5340  0.8754 
   00869    0.4600   -1474.9718  0.8738 
   00870    0.5000   -1477.5709  0.8738 
   00871    0.4375   -1475.4677  0.8741 
   00872    0.4250   -1476.1405  0.8744 
   00873    0.4725   -1475.3098  0.8742 
   00874    0.4475   -1475.3346  0.8746 
   00875    0.4525   -1474.2298  0.8736 
   00876    0.4075   -1474.3993  0.8731 
   00877    0.4625   -1477.0153  0.8737 
   00878    0.4375   -1475.0136  0.8716 
   00879    0.4425   -1475.5971  0.8713 
   00880    0.4425   -1475.6964  0.8695 
   00881    0.4600   -1475.6570  0.8693 
   00882    0.4550   -1472.3674  0.8672 
   00883    0.4625   -1469.8584  0.8687 
   00884    0.4375   -1469.5370  0.8700 
   00885    0.4575   -1471.2825  0.8684 
   00886    0.4300   -1468.9850  0.8649 
   00887    0.4550   -1470.8055  0.8647 
   00888    0.4225   -1470.7992  0.8652 
   00889    0.4025   -1470.5076  0.8670 
   00890    0.4775   -1467.7564  0.8721 
   00891    0.4600   -1469.8868  0.8773 
   00892    0.5150   -1470.9744  0.8732 
   00893    0.4375   -1469.6180  0.8739 
   00894    0.4475   -1466.1711  0.8724 
   00895    0.4100   -1465.9178  0.8731 
   00896    0.4625   -1464.9479  0.8713 
   00897    0.4625   -1467.7989  0.8723 
   00898    0.4300   -1468.0785  0.8735 
   00899    0.4575   -1464.3237  0.8727 
   00900    0.4100   -1466.0164  0.8720 
   00901    0.4675   -1466.2398  0.8722 
   00902    0.4725   -1469.1309  0.8719 
   00903    0.4625   -1469.1084  0.8711 
   00904    0.4625   -1465.2788  0.8695 
   00905    0.4325   -1467.4765  0.8706 
   00906    0.4525   -1469.4372  0.8692 
   00907    0.4550   -1469.9678  0.8676 
   00908    0.4300   -1470.6295  0.8676 
   00909    0.4625   -1467.8368  0.8664 
   00910    0.4675   -1468.8442  0.8664 
   00911    0.4800   -1469.0506  0.8688 
   00912    0.4800   -1469.8057  0.8704 
   00913    0.4675   -1470.5083  0.8712 
   00914    0.4650   -1467.7617  0.8698 
   00915    0.4475   -1468.0795  0.8704 
   00916    0.4575   -1473.1267  0.8706 
   00917    0.4425   -1474.0057  0.8692 
   00918    0.4625   -1475.5282  0.8716 
   00919    0.4300   -1475.6659  0.8714 
   00920    0.4200   -1475.8284  0.8694 
   00921    0.4525   -1475.6586  0.8705 
   00922    0.4350   -1478.2644  0.8719 
   00923    0.4800   -1478.8011  0.8726 
   00924    0.4450   -1481.0882  0.8745 
   00925    0.4625   -1483.2384  0.8734 
   00926    0.4475   -1486.7652  0.8729 
   00927    0.3900   -1484.1910  0.8725 
   00928    0.4575   -1485.8537  0.8744 
   00929    0.4425   -1485.0500  0.8733 
   00930    0.4600   -1485.0985  0.8742 
   00931    0.4550   -1485.0726  0.8765 
   00932    0.4525   -1483.4829  0.8757 
   00933    0.4450   -1484.0616  0.8771 
   00934    0.4475   -1484.7076  0.8775 
   00935    0.4225   -1482.8136  0.8762 
   00936    0.4950   -1482.4022  0.8767 
   00937    0.4200   -1480.6057  0.8762 
   00938    0.4750   -1480.9702  0.8768 
   00939    0.4500   -1478.2998  0.8743 
   00940    0.4350   -1478.1629  0.8754 
   00941    0.4575   -1480.7782  0.8776 
   00942    0.4700   -1482.5828  0.8792 
   00943    0.4750   -1481.1759  0.8769 
   00944    0.4725   -1477.8004  0.8747 
   00945    0.4000   -1476.9501  0.8747 
   00946    0.5175   -1476.8505  0.8777 
   00947    0.4650   -1476.3855  0.8766 
   00948    0.4700   -1477.3292  0.8749 
   00949    0.4575   -1474.2633  0.8725 
   00950    0.4600   -1474.2734  0.8733 
   00951    0.4575   -1476.3026  0.8738 
   00952    0.4800   -1476.4870  0.8726 
   00953    0.4300   -1476.4215  0.8730 
   00954    0.4750   -1472.8344  0.8704 
   00955    0.4425   -1472.6685  0.8710 
   00956    0.4075   -1470.9316  0.8704 
   00957    0.4600   -1472.8626  0.8689 
   00958    0.4825   -1470.2558  0.8692 
   00959    0.4550   -1465.7418  0.8684 
   00960    0.4675   -1467.0911  0.8674 
   00961    0.4650   -1469.7667  0.8663 
   00962    0.4825   -1472.6413  0.8663 
   00963    0.4325   -1472.1576  0.8661 
   00964    0.4550   -1470.3701  0.8626 
   00965    0.4425   -1472.1652  0.8639 
   00966    0.5150   -1470.3474  0.8618 
   00967    0.4600   -1473.7130  0.8603 
   00968    0.4875   -1472.5131  0.8606 
   00969    0.4875   -1472.3594  0.8630 
   00970    0.4550   -1466.9405  0.8625 
   00971    0.4500   -1467.5381  0.8621 
   00972    0.4375   -1463.7537  0.8616 
   00973    0.4175   -1461.8097  0.8595 
   00974    0.4525   -1463.5240  0.8612 
   00975    0.4200   -1466.2427  0.8605 
   00976    0.4500   -1464.9395  0.8572 
   00977    0.4350   -1466.0012  0.8586 
   00978    0.4750   -1467.1252  0.8595 
   00979    0.4250   -1462.9910  0.8574 
   00980    0.4525   -1464.1864  0.8578 
   00981    0.4525   -1464.0966  0.8591 
   00982    0.5000   -1464.9731  0.8589 
   00983    0.4150   -1466.1019  0.8636 
   00984    0.4625   -1467.1351  0.8648 
   00985    0.4350   -1469.0551  0.8663 
   00986    0.4225   -1467.7607  0.8673 
   00987    0.4825   -1469.6546  0.8676 
   00988    0.4600   -1469.5636  0.8716 
   00989    0.5025   -1467.6258  0.8731 
   00990    0.4325   -1469.5283  0.8761 
   00991    0.4350   -1466.1593  0.8773 
   00992    0.4625   -1463.3925  0.8745 
   00993    0.4750   -1466.1265  0.8743 
   00994    0.4325   -1464.5644  0.8748 
   00995    0.4425   -1460.2766  0.8744 
   00996    0.4175   -1461.5164  0.8738 
   00997    0.4375   -1458.6808  0.8709 
   00998    0.4350   -1460.3308  0.8701 
   00999    0.4700   -1461.3311  0.8741 
   01000    0.4625   -1463.4575  0.8727 
