#=====================================================
# File created:        Wed-05-Nov-2025-at-03-27-59AM
# Size of lattice:     20x20
# Number of MC steps:  1000
# Reduced temperature: 0.400
# Run time (s):        1.522323
#=====================================================
# MC step:  Ratio:     Energy:   Order:
#=====================================================
   00000    0.5000    -358.7151  0.2740 
   00001    0.4300    -431.8055  0.3932 
   00002    0.4825    -468.0602  0.3993 
   00003    0.4175    -494.4534  0.4061 
   00004    0.4650    -522.0044  0.4148 
   00005    0.4375    -543.4973  0.4208 
   00006    0.4475    -561.2998  0.4120 
   00007    0.4250    -583.6589  0.4162 
   00008    0.4350    -604.4868  0.4105 
   00009    0.4975    -623.0338  0.4227 
   00010    0.4525    -641.9244  0.4337 
   00011    0.4750    -656.3036  0.4393 
   00012    0.4675    -659.5658  0.4297 
   00013    0.4575    -673.2286  0.4343 
   00014    0.4550    -682.1322  0.4370 
   00015    0.4775    -705.5743  0.4430 
   00016    0.4250    -727.8086  0.4491 
   00017    0.4325    -743.1862  0.4499 
   00018    0.4300    -758.9873  0.4532 
   00019    0.4000    -764.2066  0.4569 
   00020    0.4725    -778.1631  0.4566 
   00021    0.4250    -802.4590  0.4637 
   00022    0.4825    -820.4124  0.4619 
   00023    0.4850    -836.2217  0.4574 
   00024    0.4600    -852.0008  0.4685 
   00025    0.4600    -866.7445  0.4711 
   00026    0.4300    -885.6536  0.4700 
   00027    0.4175    -891.7855  0.4722 
   00028    0.4300    -907.7117  0.4738 
   00029    0.4400    -914.4669  0.4780 
   00030    0.4650    -914.0343  0.4756 
   00031    0.4750    -928.9639  0.4741 
   00032    0.4225    -941.0656  0.4720 
   00033    0.4350    -947.3825  0.4703 
   00034    0.4275    -943.9968  0.4677 
   00035    0.4475    -950.7959  0.4751 
   00036    0.4525    -961.4924  0.4639 
   00037    0.4575    -965.0088  0.4584 
   00038    0.4325    -963.0976  0.4678 
   00039    0.3800    -965.0227  0.4708 
   00040    0.4500    -979.7524  0.4713 
   00041    0.4325    -991.4097  0.4752 
   00042    0.4625   -1002.5991  0.4729 
   00043    0.3850   -1008.2402  0.4727 
   00044    0.4625   -1002.2784  0.4764 
   00045    0.4125   -1012.5383  0.4704 
   00046    0.4450   -1029.2901  0.4702 
   00047    0.4200   -1029.2509  0.4706 
   00048    0.3875   -1030.1532  0.4649 
   00049    0.4725   -1034.4796  0.4614 
   00050    0.4375   -1040.9670  0.4611 
   00051    0.4550   -1043.2180  0.4609 
   00052    0.4475   -1046.3992  0.4617 
   00053    0.4375   -1060.0168  0.4627 
   00054    0.4850   -1070.6038  0.4609 
   00055    0.4125   -1074.5608  0.4623 
   00056    0.4175   -1073.2114  0.4661 
   00057    0.4200   -1078.7316  0.4659 
   00058    0.4675   -1082.7493  0.4549 
   00059    0.4200   -1089.2296  0.4492 
   00060    0.4625   -1092.8351  0.4566 
   00061    0.4200   -1099.6164  0.4532 
   00062    0.4800   -1103.2964  0.4535 
   00063    0.4550   -1105.8913  0.4508 
   00064    0.4575   -1110.2843  0.4546 
   00065    0.4050   -1110.0162  0.4527 
   00066    0.4325   -1118.5901  0.4590 
   00067    0.4250   -1125.1870  0.4576 
   00068    0.4825   -1131.2385  0.4598 
   00069    0.4825   -1132.7994  0.4585 
   00070    0.4350   -1142.8381  0.4518 
   00071    0.4150   -1140.2781  0.4609 
   00072    0.4400   -1149.2653  0.4629 
   00073    0.4400   -1153.0221  0.4620 
   00074    0.4050   -1152.1043  0.4580 
   00075    0.4500   -1163.4960  0.4618 
   00076    0.4125   -1163.7879  0.4658 
   00077    0.4350   -1166.9544  0.4688 
   00078    0.4175   -1165.0760  0.4677 
   00079    0.4100   -1169.8861  0.4686 
   00080    0.4700   -1173.5178  0.4700 
   00081    0.4300   -1183.4763  0.4687 
   00082    0.4450   -1189.3150  0.4741 
   00083    0.4525   -1191.2380  0.4714 
   00084    0.4525   -1192.1550  0.4787 
   00085    0.4200   -1194.3845  0.4782 
   00086    0.4575   -1204.2884  0.4831 
   00087    0.4175   -1204.9448  0.4817 
   00088    0.4800   -1214.8933  0.4809 
   00089    0.4500   -1224.0735  0.4799 
   00090    0.4975   -1225.1040  0.4794 
   00091    0.4425   -1224.4855  0.4827 
   00092    0.3850   -1222.5082  0.4849 
   00093    0.4825   -1223.4421  0.4875 
   00094    0.4700   -1229.1549  0.4885 
   00095    0.4200   -1227.6054  0.4880 
   00096    0.4850   -1226.2731  0.4976 
   00097    0.4450   -1230.0572  0.4980 
   00098    0.4225   -1229.6233  0.4974 
   00099    0.4650   -1228.9767  0.4941 
   00100    0.4600   -1230.7326  0.5009 
   00101    0.4275   -1236.3962  0.5007 
   00102    0.4625   -1237.0504  0.5033 
   00103    0.4625   -1236.3402  0.4997 
   00104    0.4200   -1234.8489  0.4975 
   00105    0.4475   -1228.6870  0.4916 
   00106    0.4625   -1246.7941  0.4998 
   00107    0.4300   -1241.4410  0.4981 
   00108    0.4100   -1233.9989  0.4959 
   00109    0.4425   -1235.4289  0.5013 
   00110    0.4025   -1228.8246  0.5006 
   00111    0.3950   -1231.1464  0.5017 
   00112    0.4500   -1227.3611  0.4995 
   00113    0.4600   -1220.9384  0.5005 
   00114    0.4500   -1221.9926  0.5019 
   00115    0.3950   -1228.4491  0.5013 
   00116    0.3850   -1224.6564  0.5010 
   00117    0.4250   -1229.7706  0.5035 
   00118    0.4075   -1234.9213  0.5096 
   00119    0.4650   -1229.8210  0.5107 
   00120    0.4350   -1233.2329  0.5098 
   00121    0.4650   -1232.2042  0.5128 
   00122    0.4825   -1229.5900  0.5204 
   00123    0.4225   -1234.0922  0.5241 
   00124    0.4750   -1236.6811  0.5276 
   00125    0.4425   -1237.8950  0.5281 
   00126    0.4425   -1238.8346  0.5287 
   00127    0.4800   -1241.2711  0.5318 
   00128    0.4475   -1247.0134  0.5362 
   00129    0.4375   -1252.0516  0.5386 
   00130    0.4425   -1250.3099  0.5428 
   00131    0.4475   -1250.9776  0.5423 
   00132    0.4425   -1250.6391  0.5403 
   00133    0.4275   -1246.0480  0.5402 
   00134    0.4475   -1254.5833  0.5448 
   00135    0.4550   -1247.2794  0.5427 
   00136    0.4400   -1250.6866  0.5445 
   00137    0.4550   -1254.2667  0.5430 
   00138    0.4625   -1263.2030  0.5410 
   00139    0.4275   -1265.6180  0.5356 
   00140    0.4300   -1273.5993  0.5343 
   00141    0.4100   -1270.7184  0.5354 
   00142    0.4500   -1265.3302  0.5341 
   00143    0.4850   -1266.0519  0.5341 
   00144    0.4375   -1264.8925  0.5350 
   00145    0.4100   -1269.4889  0.5353 
   00146    0.4325   -1279.7524  0.5388 
   00147    0.4650   -1277.3418  0.5353 
   00148    0.4225   -1276.9590  0.5282 
   00149    0.4400   -1275.0561  0.5233 
   00150    0.4300   -1276.3116  0.5284 
   00151    0.4100   -1277.2735  0.5220 
   00152    0.4100   -1279.7567  0.5200 
   00153    0.4725   -1282.9794  0.5187 
   00154    0.4325   -1284.8884  0.5222 
   00155    0.4300   -1285.0437  0.5214 
   00156    0.4825   -1288.2737  0.5219 
   00157    0.4300   -1288.3564  0.5228 
   00158    0.4700   -1285.2239  0.5245 
   00159    0.3975   -1279.5447  0.5221 
   00160    0.4650   -1271.5754  0.5200 
   00161    0.4025   -1274.5375  0.5179 
   00162    0.4375   -1272.4022  0.5180 
   00163    0.4100   -1276.0633  0.5181 
   00164    0.4300   -1271.3356  0.5230 
   00165    0.4300   -1271.0138  0.5277 
   00166    0.4175   -1271.3407  0.5282 
   00167    0.4500   -1275.5829  0.5278 
   00168    0.4600   -1276.4187  0.5283 
   00169    0.4825   -1278.4958  0.5360 
   00170    0.4400   -1287.0597  0.5409 
   00171    0.4150   -1282.9107  0.5427 
   00172    0.4825   -1281.6124  0.5476 
   00173    0.4350   -1279.6673  0.5493 
   00174    0.4225   -1284.1015  0.5539 
   00175    0.4200   -1284.2121  0.5518 
   00176    0.4425   -1287.7091  0.5511 
   00177    0.4200   -1292.0398  0.5569 
   00178    0.4425   -1298.3669  0.5526 
   00179    0.4375   -1295.4411  0.5572 
   00180    0.4300   -1304.0810  0.5643 
   00181    0.4675   -1306.3853  0.5652 
   00182    0.4700   -1302.7875  0.5645 
   00183    0.4275   -1307.4665  0.5584 
   00184    0.4500   -1305.1056  0.5595 
   00185    0.4250   -1303.6818  0.5637 
   00186    0.4800   -1303.6883  0.5617 
   00187    0.4725   -1307.9180  0.5649 
   00188    0.4425   -1305.9802  0.5683 
   00189    0.4525   -1304.2740  0.5718 
   00190    0.4625   -1302.4438  0.5682 
   00191    0.4375   -1303.4811  0.5762 
   00192    0.4350   -1307.5299  0.5714 
   00193    0.4100   -1310.8088  0.5750 
   00194    0.4150   -1312.8405  0.5743 
   00195    0.4000   -1311.6995  0.5740 
   00196    0.4600   -1312.3541  0.5717 
   00197    0.4475   -1319.0819  0.5746 
   00198    0.4175   -1321.1116  0.5726 
   00199    0.4200   -1321.1907  0.5708 
   00200    0.4100   -1316.1169  0.5739 
   00201    0.4350   -1315.1753  0.5707 
   00202    0.4325   -1315.6883  0.5715 
   00203    0.4475   -1313.3494  0.5762 
   00204    0.4625   -1315.3216  0.5771 
   00205    0.4750   -1318.0827  0.5767 
   00206    0.4300   -1313.8167  0.5792 
   00207    0.4900   -1318.7898  0.5852 
   00208    0.3950   -1319.8797  0.5833 
   00209    0.4600   -1326.2857  0.5839 
   00210    0.4425   -1332.6533  0.5864 
   00211    0.3925   -1334.9384  0.5884 
   00212    0.4350   -1336.7475  0.5944 
   00213    0.4525   -1333.9302  0.5943 
   00214    0.4600   -1331.9521  0.5973 
   00215    0.4700   -1330.4984  0.5921 
   00216    0.4750   -1328.6005  0.5919 
   00217    0.3900   -1332.0587  0.5907 
   00218    0.4375   -1333.6297  0.5898 
   00219    0.4275   -1335.1714  0.5858 
   00220    0.4475   -1337.1026  0.5890 
   00221    0.4250   -1338.3230  0.5907 
   00222    0.4275   -1335.3444  0.5871 
   00223    0.4500   -1335.8639  0.5907 
   00224    0.4450   -1333.9775  0.5906 
   00225    0.4475   -1329.3832  0.5885 
   00226    0.4600   -1330.4020  0.5867 
   00227    0.4500   -1328.0243  0.5874 
   00228    0.4325   -1327.4467  0.5845 
   00229    0.4250   -1327.4154  0.5895 
   00230    0.4050   -1327.8060  0.5908 
   00231    0.4100   -1322.7029  0.5907 
   00232    0.4575   -1318.1821  0.5880 
   00233    0.4650   -1318.6607  0.5924 
   00234    0.3950   -1316.6344  0.5945 
   00235    0.4550   -1314.7765  0.5975 
   00236    0.4450   -1320.7825  0.5980 
   00237    0.4775   -1320.5905  0.5964 
   00238    0.4425   -1322.3868  0.5995 
   00239    0.4600   -1328.9248  0.6053 
   00240    0.3950   -1334.4917  0.6119 
   00241    0.4625   -1329.9002  0.6077 
   00242    0.4350   -1319.5448  0.6092 
   00243    0.4075   -1320.1308  0.6093 
   00244    0.4550   -1326.6295  0.6109 
   00245    0.4725   -1326.1057  0.6028 
   00246    0.4600   -1324.3670  0.6015 
   00247    0.4075   -1325.4401  0.6046 
   00248    0.4425   -1325.8238  0.6031 
   00249    0.4425   -1328.4375  0.6042 
   00250    0.4300   -1326.6833  0.6063 
   00251    0.4300   -1323.6656  0.6048 
   00252    0.4525   -1326.5454  0.6078 
   00253    0.4650   -1326.3745  0.6055 
   00254    0.4550   -1321.7058  0.5997 
   00255    0.3825   -1317.7372  0.5970 
   00256    0.4075   -1322.7895  0.5969 
   00257    0.4475   -1319.3611  0.5938 
   00258    0.3950   -1314.5781  0.5981 
   00259    0.4350   -1318.5439  0.6000 
   00260    0.4525   -1321.6693  0.5962 
   00261    0.4100   -1317.6087  0.5909 
   00262    0.4650   -1326.1121  0.5964 
   00263    0.4525   -1322.5949  0.5900 
   00264    0.4025   -1327.2848  0.5894 
   00265    0.4300   -1321.5918  0.5868 
   00266    0.4225   -1321.1549  0.5859 
   00267    0.4025   -1322.7328  0.5826 
   00268    0.4475   -1329.3757  0.5918 
   00269    0.4025   -1328.3578  0.5893 
   00270    0.4125   -1325.1995  0.5852 
   00271    0.3900   -1323.9552  0.5859 
   00272    0.4150   -1321.3998  0.5844 
   00273    0.4000   -1327.9652  0.5876 
   00274    0.4750   -1325.2844  0.5893 
   00275    0.4075   -1324.0758  0.5882 
   00276    0.4225   -1329.4955  0.5901 
   00277    0.4425   -1329.5133  0.5947 
   00278    0.4400   -1332.5964  0.5970 
   00279    0.4125   -1338.2124  0.5924 
   00280    0.4050   -1335.3618  0.5851 
   00281    0.4200   -1342.4886  0.5850 
   00282    0.4050   -1342.1442  0.5890 
   00283    0.4425   -1345.2208  0.5858 
   00284    0.4175   -1340.9160  0.5850 
   00285    0.4725   -1346.8070  0.5860 
   00286    0.4200   -1340.5566  0.5845 
   00287    0.4075   -1338.1002  0.5818 
   00288    0.4975   -1335.7857  0.5807 
   00289    0.4750   -1339.4099  0.5801 
   00290    0.4325   -1337.4758  0.5811 
   00291    0.4000   -1336.9368  0.5802 
   00292    0.4625   -1333.8189  0.5788 
   00293    0.4475   -1333.5815  0.5752 
   00294    0.4425   -1333.9809  0.5736 
   00295    0.4125   -1336.6082  0.5712 
   00296    0.4550   -1339.3365  0.5735 
   00297    0.4425   -1339.7460  0.5847 
   00298    0.4150   -1337.6186  0.5825 
   00299    0.4075   -1341.8224  0.5773 
   00300    0.4700   -1337.9185  0.5814 
   00301    0.4325   -1339.0027  0.5885 
   00302    0.4025   -1341.2304  0.5869 
   00303    0.4300   -1341.9095  0.5895 
   00304    0.4150   -1345.0233  0.5875 
   00305    0.4200   -1339.8185  0.5880 
   00306    0.4375   -1337.4671  0.5895 
   00307    0.4200   -1335.0999  0.5890 
   00308    0.4400   -1330.8349  0.5819 
   00309    0.4350   -1324.1426  0.5863 
   00310    0.4350   -1323.5852  0.5810 
   00311    0.3900   -1317.4700  0.5786 
   00312    0.4075   -1322.4775  0.5773 
   00313    0.4850   -1318.5295  0.5707 
   00314    0.4350   -1329.3113  0.5713 
   00315    0.4150   -1337.9502  0.5723 
   00316    0.4575   -1336.3873  0.5715 
   00317    0.4500   -1332.8912  0.5716 
   00318    0.4425   -1331.1076  0.5663 
   00319    0.4100   -1330.8362  0.5674 
   00320    0.4650   -1327.7204  0.5710 
   00321    0.4225   -1332.2903  0.5704 
   00322    0.4200   -1336.2179  0.5733 
   00323    0.4475   -1337.5975  0.5701 
   00324    0.4275   -1332.6120  0.5672 
   00325    0.4300   -1340.5757  0.5694 
   00326    0.4650   -1341.2859  0.5698 
   00327    0.4350   -1351.9223  0.5699 
   00328    0.4575   -1352.9798  0.5698 
   00329    0.4375   -1353.9118  0.5742 
   00330    0.4500   -1353.0361  0.5767 
   00331    0.4300   -1350.6295  0.5696 
   00332    0.4725   -1349.0572  0.5685 
   00333    0.4125   -1346.6086  0.5670 
   00334    0.4075   -1348.5165  0.5666 
   00335    0.4275   -1346.4288  0.5659 
   00336    0.3800   -1349.8448  0.5720 
   00337    0.4650   -1348.1534  0.5723 
   00338    0.4175   -1348.6952  0.5739 
   00339    0.3925   -1348.0460  0.5745 
   00340    0.4175   -1344.2512  0.5764 
   00341    0.4375   -1337.9541  0.5702 
   00342    0.4500   -1333.8841  0.5651 
   00343    0.4300   -1342.0114  0.5649 
   00344    0.4175   -1341.1456  0.5667 
   00345    0.4175   -1340.1682  0.5659 
   00346    0.4425   -1342.8953  0.5665 
   00347    0.4500   -1338.9947  0.5635 
   00348    0.4050   -1344.9093  0.5602 
   00349    0.4225   -1340.2151  0.5615 
   00350    0.4300   -1331.7990  0.5541 
   00351    0.4100   -1334.7168  0.5575 
   00352    0.4375   -1335.3983  0.5570 
   00353    0.4525   -1339.0119  0.5620 
   00354    0.4475   -1339.9036  0.5645 
   00355    0.4400   -1338.8391  0.5614 
   00356    0.4325   -1332.2432  0.5595 
   00357    0.4150   -1335.8502  0.5603 
   00358    0.4475   -1327.4185  0.5558 
   00359    0.4200   -1324.7408  0.5493 
   00360    0.3950   -1320.1819  0.5522 
   00361    0.4150   -1324.3878  0.5553 
   00362    0.4475   -1328.9053  0.5572 
   00363    0.4150   -1326.0167  0.5564 
   00364    0.4325   -1325.2438  0.5570 
   00365    0.4575   -1323.5011  0.5547 
   00366    0.4075   -1325.2285  0.5573 
   00367    0.4450   -1327.0481  0.5596 
   00368    0.4625   -1323.2269  0.5593 
   00369    0.4100   -1321.9115  0.5605 
   00370    0.4225   -1316.2462  0.5616 
   00371    0.4600   -1320.0455  0.5638 
   00372    0.4350   -1323.4580  0.5616 
   00373    0.4000   -1325.7725  0.5657 
   00374    0.4425   -1327.9228  0.5719 
   00375    0.4625   -1328.8210  0.5721 
   00376    0.4075   -1328.8975  0.5708 
   00377    0.4475   -1331.3927  0.5794 
   00378    0.4950   -1328.7758  0.5852 
   00379    0.4150   -1325.2810  0.5937 
   00380    0.4400   -1329.9644  0.5975 
   00381    0.4275   -1336.2669  0.5970 
   00382    0.4325   -1337.2435  0.5978 
   00383    0.4275   -1334.9828  0.5925 
   00384    0.4450   -1339.0678  0.6011 
   00385    0.4450   -1338.0082  0.6008 
   00386    0.4225   -1331.1221  0.6002 
   00387    0.4775   -1338.8701  0.5944 
   00388    0.4425   -1334.8063  0.5905 
   00389    0.4225   -1339.4303  0.5955 
   00390    0.4375   -1342.1410  0.5947 
   00391    0.4250   -1344.3918  0.5907 
   00392    0.4175   -1345.7267  0.5942 
   00393    0.4525   -1346.6170  0.5966 
   00394    0.4200   -1352.0397  0.5984 
   00395    0.4625   -1349.3379  0.6057 
   00396    0.3850   -1350.3122  0.6066 
   00397    0.4700   -1347.1087  0.6052 
   00398    0.4325   -1345.0632  0.6068 
   00399    0.4225   -1348.7269  0.6105 
   00400    0.4300   -1358.2148  0.6149 
   00401    0.4600   -1356.2668  0.6178 
   00402    0.4350   -1353.6668  0.6154 
   00403    0.4475   -1354.1265  0.6171 
   00404    0.4275   -1354.1559  0.6179 
   00405    0.4450   -1354.3078  0.6199 
   00406    0.4075   -1357.6070  0.6229 
   00407    0.4575   -1359.7774  0.6227 
   00408    0.3950   -1356.8200  0.6275 
   00409    0.4075   -1362.8054  0.6242 
   00410    0.4225   -1362.4359  0.6242 
   00411    0.4000   -1362.6518  0.6265 
   00412    0.4525   -1365.1986  0.6262 
   00413    0.4525   -1367.5819  0.6267 
   00414    0.4450   -1367.3555  0.6303 
   00415    0.4450   -1366.9161  0.6308 
   00416    0.4625   -1360.7635  0.6286 
   00417    0.4175   -1361.4176  0.6321 
   00418    0.4150   -1356.2249  0.6320 
   00419    0.4500   -1360.2572  0.6314 
   00420    0.4100   -1358.5228  0.6350 
   00421    0.4400   -1359.2443  0.6375 
   00422    0.4425   -1357.8972  0.6396 
   00423    0.4575   -1359.8896  0.6428 
   00424    0.4175   -1360.5528  0.6382 
   00425    0.4225   -1366.9083  0.6400 
   00426    0.4575   -1365.9856  0.6443 
   00427    0.4275   -1356.3612  0.6397 
   00428    0.3925   -1361.3878  0.6467 
   00429    0.4575   -1366.4188  0.6424 
   00430    0.3875   -1363.4544  0.6390 
   00431    0.4050   -1366.2072  0.6365 
   00432    0.4250   -1361.8146  0.6425 
   00433    0.4800   -1366.1019  0.6405 
   00434    0.4025   -1364.3779  0.6391 
   00435    0.4300   -1363.6979  0.6402 
   00436    0.3950   -1361.6065  0.6413 
   00437    0.4450   -1370.8639  0.6458 
   00438    0.4125   -1372.1035  0.6500 
   00439    0.4675   -1374.6495  0.6476 
   00440    0.4000   -1376.6407  0.6435 
   00441    0.4500   -1373.2819  0.6450 
   00442    0.4700   -1375.3595  0.6477 
   00443    0.4375   -1376.1509  0.6473 
   00444    0.4275   -1375.5781  0.6428 
   00445    0.4175   -1376.3580  0.6480 
   00446    0.4500   -1373.5014  0.6480 
   00447    0.4825   -1373.6017  0.6433 
   00448    0.4100   -1368.8039  0.6415 
   00449    0.4375   -1363.6324  0.6393 
   00450    0.4725   -1361.0944  0.6408 
   00451    0.4325   -1363.0175  0.6481 
   00452    0.4550   -1363.9432  0.6473 
   00453    0.3875   -1367.9876  0.6540 
   00454    0.4000   -1366.7577  0.6542 
   00455    0.4175   -1368.3794  0.6560 
   00456    0.4550   -1371.2400  0.6532 
   00457    0.4325   -1371.9551  0.6534 
   00458    0.4150   -1374.1754  0.6538 
   00459    0.4050   -1367.0557  0.6584 
   00460    0.4025   -1361.1041  0.6611 
   00461    0.4675   -1358.3569  0.6574 
   00462    0.4275   -1354.9753  0.6593 
   00463    0.4100   -1354.4798  0.6616 
   00464    0.4100   -1358.6713  0.6533 
   00465    0.4225   -1362.6290  0.6540 
   00466    0.4325   -1364.6000  0.6546 
   00467    0.4275   -1363.9235  0.6557 
   00468    0.3675   -1362.6556  0.6589 
   00469    0.4675   -1352.7372  0.6544 
   00470    0.4725   -1345.8187  0.6509 
   00471    0.4450   -1349.1787  0.6521 
   00472    0.4100   -1353.8685  0.6508 
   00473    0.4250   -1348.0958  0.6502 
   00474    0.4275   -1350.7188  0.6518 
   00475    0.4400   -1355.3879  0.6503 
   00476    0.4700   -1356.8639  0.6469 
   00477    0.4475   -1355.7466  0.6456 
   00478    0.4350   -1362.1606  0.6523 
   00479    0.4050   -1360.4372  0.6489 
   00480    0.4550   -1363.2259  0.6510 
   00481    0.4375   -1361.2128  0.6532 
   00482    0.4000   -1357.8160  0.6533 
   00483    0.4625   -1360.4229  0.6538 
   00484    0.4150   -1360.1234  0.6548 
   00485    0.4325   -1364.7775  0.6546 
   00486    0.3975   -1363.4185  0.6522 
   00487    0.4225   -1356.2587  0.6515 
   00488    0.4500   -1357.1213  0.6512 
   00489    0.4675   -1358.0388  0.6581 
   00490    0.4175   -1358.9329  0.6590 
   00491    0.4250   -1355.5651  0.6635 
   00492    0.4375   -1357.9775  0.6666 
   00493    0.3725   -1354.2524  0.6616 
   00494    0.4325   -1355.6849  0.6584 
   00495    0.4125   -1356.3879  0.6585 
   00496    0.4000   -1359.1175  0.6603 
   00497    0.4825   -1357.0773  0.6604 
   00498    0.3875   -1359.9697  0.6615 
   00499    0.4200   -1352.6572  0.6575 
   00500    0.4150   -1354.9684  0.6575 
   00501    0.4325   -1353.9711  0.6549 
   00502    0.4225   -1358.6180  0.6516 
   00503    0.4300   -1356.8606  0.6470 
   00504    0.4775   -1361.8835  0.6475 
   00505    0.4375   -1361.0061  0.6445 
   00506    0.4175   -1359.2734  0.6471 
   00507    0.4200   -1357.9397  0.6392 
   00508    0.4675   -1357.7205  0.6376 
   00509    0.4425   -1354.6485  0.6390 
   00510    0.4175   -1360.1187  0.6453 
   00511    0.4750   -1356.2640  0.6512 
   00512    0.4175   -1350.6403  0.6480 
   00513    0.4525   -1351.8508  0.6513 
   00514    0.4675   -1352.5252  0.6502 
   00515    0.4425   -1353.9096  0.6503 
   00516    0.4550   -1353.8375  0.6557 
   00517    0.4675   -1354.8430  0.6604 
   00518    0.4300   -1351.3787  0.6613 
   00519    0.4550   -1352.9385  0.6616 
   00520    0.4750   -1344.9883  0.6646 
   00521    0.4150   -1341.7984  0.6684 
   00522    0.4275   -1344.8401  0.6668 
   00523    0.4350   -1341.0531  0.6644 
   00524    0.3875   -1335.5355  0.6561 
   00525    0.4325   -1342.0836  0.6568 
   00526    0.4950   -1345.4090  0.6652 
   00527    0.4125   -1348.2173  0.6666 
   00528    0.4475   -1348.2737  0.6654 
   00529    0.4175   -1349.6140  0.6650 
   00530    0.4675   -1347.5993  0.6587 
   00531    0.4050   -1351.7669  0.6612 
   00532    0.4125   -1348.0264  0.6616 
   00533    0.4175   -1349.6684  0.6619 
   00534    0.4550   -1353.3966  0.6616 
   00535    0.3775   -1359.1322  0.6595 
   00536    0.4750   -1363.1341  0.6591 
   00537    0.4050   -1358.3219  0.6566 
   00538    0.4175   -1359.0549  0.6567 
   00539    0.4350   -1361.6579  0.6522 
   00540    0.4125   -1360.3655  0.6507 
   00541    0.4175   -1353.6368  0.6471 
   00542    0.4425   -1357.0921  0.6508 
   00543    0.4275   -1351.7627  0.6554 
   00544    0.4125   -1352.9784  0.6591 
   00545    0.4550   -1355.7267  0.6643 
   00546    0.4325   -1351.9412  0.6640 
   00547    0.3975   -1347.7746  0.6614 
   00548    0.4150   -1349.7533  0.6633 
   00549    0.4275   -1351.5194  0.6608 
   00550    0.4600   -1355.4150  0.6594 
   00551    0.4575   -1352.9859  0.6611 
   00552    0.4100   -1354.7159  0.6647 
   00553    0.4025   -1351.5383  0.6646 
   00554    0.4575   -1352.4786  0.6663 
   00555    0.4250   -1350.5688  0.6713 
   00556    0.4250   -1354.1945  0.6733 
   00557    0.4500   -1356.1161  0.6746 
   00558    0.4150   -1357.3146  0.6761 
   00559    0.3950   -1360.8760  0.6741 
   00560    0.4325   -1356.5017  0.6728 
   00561    0.4325   -1351.8161  0.6707 
   00562    0.4875   -1354.9477  0.6712 
   00563    0.4450   -1352.3749  0.6736 
   00564    0.4525   -1352.6528  0.6736 
   00565    0.4375   -1355.0421  0.6727 
   00566    0.4175   -1356.0741  0.6749 
   00567    0.3925   -1355.2057  0.6751 
   00568    0.4200   -1353.2241  0.6787 
   00569    0.4500   -1352.3812  0.6805 
   00570    0.4500   -1353.7800  0.6846 
   00571    0.4400   -1353.6869  0.6812 
   00572    0.4300   -1358.7727  0.6870 
   00573    0.4675   -1359.8120  0.6810 
   00574    0.4200   -1360.9503  0.6810 
   00575    0.4150   -1356.6827  0.6841 
   00576    0.4300   -1355.6863  0.6837 
   00577    0.4325   -1355.8256  0.6816 
   00578    0.4450   -1358.0928  0.6800 
   00579    0.4550   -1358.3728  0.6789 
   00580    0.4525   -1355.4982  0.6743 
   00581    0.3650   -1352.5475  0.6775 
   00582    0.4250   -1353.6500  0.6753 
   00583    0.4525   -1348.5880  0.6755 
   00584    0.4175   -1352.2199  0.6800 
   00585    0.4200   -1346.5931  0.6807 
   00586    0.4550   -1346.5442  0.6834 
   00587    0.4825   -1349.1577  0.6877 
   00588    0.4475   -1341.3831  0.6858 
   00589    0.4100   -1335.9177  0.6838 
   00590    0.4500   -1336.2397  0.6786 
   00591    0.4600   -1335.1663  0.6811 
   00592    0.4375   -1335.5260  0.6841 
   00593    0.4225   -1332.0545  0.6867 
   00594    0.4000   -1336.2165  0.6887 
   00595    0.4175   -1343.2703  0.6953 
   00596    0.4300   -1342.7971  0.7000 
   00597    0.4350   -1343.7059  0.7042 
   00598    0.4425   -1347.9076  0.7044 
   00599    0.4150   -1344.2797  0.7043 
   00600    0.4100   -1342.1649  0.7009 
   00601    0.4550   -1342.1818  0.6951 
   00602    0.4300   -1337.5085  0.6976 
   00603    0.4000   -1334.1267  0.6915 
   00604    0.4400   -1331.6566  0.6910 
   00605    0.4375   -1337.9423  0.6912 
   00606    0.4525   -1338.6231  0.6918 
   00607    0.4475   -1339.4184  0.6960 
   00608    0.4400   -1342.0253  0.6940 
   00609    0.4450   -1337.2231  0.6925 
   00610    0.4025   -1334.9544  0.6912 
   00611    0.4200   -1334.6077  0.6942 
   00612    0.3750   -1338.3554  0.6891 
   00613    0.4175   -1339.3155  0.6943 
   00614    0.4450   -1338.6237  0.6901 
   00615    0.4225   -1340.1841  0.6889 
   00616    0.4875   -1345.9764  0.6875 
   00617    0.4750   -1343.8146  0.6886 
   00618    0.4200   -1347.5304  0.6904 
   00619    0.4000   -1348.4684  0.6937 
   00620    0.4400   -1351.1839  0.6921 
   00621    0.3775   -1356.0801  0.6929 
   00622    0.4175   -1359.2353  0.6947 
   00623    0.4350   -1361.8932  0.6965 
   00624    0.3775   -1362.2056  0.6921 
   00625    0.4075   -1359.4238  0.6971 
   00626    0.4325   -1354.9647  0.6996 
   00627    0.4300   -1356.5413  0.6991 
   00628    0.4100   -1368.9721  0.7038 
   00629    0.4450   -1369.0736  0.7035 
   00630    0.4250   -1364.5304  0.6997 
   00631    0.4150   -1361.4983  0.6967 
   00632    0.4525   -1363.4375  0.7004 
   00633    0.4875   -1364.8852  0.7014 
   00634    0.4625   -1369.0459  0.7083 
   00635    0.4850   -1360.1761  0.7039 
   00636    0.4375   -1362.2579  0.7113 
   00637    0.4475   -1361.4998  0.7119 
   00638    0.4625   -1360.4441  0.7136 
   00639    0.4100   -1362.8451  0.7100 
   00640    0.4450   -1361.9815  0.7060 
   00641    0.3725   -1361.4726  0.7074 
   00642    0.4100   -1363.3984  0.7106 
   00643    0.4175   -1360.7426  0.7112 
   00644    0.4400   -1364.1980  0.7133 
   00645    0.4650   -1362.8155  0.7145 
   00646    0.4350   -1358.6928  0.7109 
   00647    0.4250   -1363.9269  0.7146 
   00648    0.4750   -1362.4241  0.7142 
   00649    0.4300   -1368.0754  0.7212 
   00650    0.4175   -1365.0182  0.7157 
   00651    0.4250   -1369.2891  0.7092 
   00652    0.4400   -1366.1364  0.7014 
   00653    0.4925   -1362.4723  0.7005 
   00654    0.4225   -1361.6088  0.6979 
   00655    0.4775   -1357.3625  0.6970 
   00656    0.4250   -1359.3298  0.6976 
   00657    0.4525   -1356.8540  0.7010 
   00658    0.4775   -1354.0589  0.7063 
   00659    0.4575   -1358.5632  0.7085 
   00660    0.4275   -1358.3166  0.7102 
   00661    0.4350   -1361.1250  0.7140 
   00662    0.4350   -1360.3650  0.7144 
   00663    0.4400   -1357.8766  0.7147 
   00664    0.4250   -1356.3775  0.7198 
   00665    0.3850   -1356.1655  0.7182 
   00666    0.4475   -1362.2672  0.7131 
   00667    0.4000   -1362.3708  0.7166 
   00668    0.4150   -1361.3400  0.7202 
   00669    0.4600   -1361.7793  0.7124 
   00670    0.4250   -1365.8418  0.7084 
   00671    0.4525   -1374.9408  0.7082 
   00672    0.4100   -1373.6750  0.7065 
   00673    0.3925   -1367.8117  0.7047 
   00674    0.4625   -1373.6866  0.7041 
   00675    0.4450   -1372.2337  0.7091 
   00676    0.3875   -1365.5856  0.7015 
   00677    0.4225   -1366.0860  0.7074 
   00678    0.4100   -1367.1348  0.7138 
   00679    0.4425   -1368.3056  0.7176 
   00680    0.4350   -1370.6802  0.7201 
   00681    0.4525   -1366.0738  0.7235 
   00682    0.4625   -1367.0471  0.7278 
   00683    0.3950   -1359.6973  0.7232 
   00684    0.4450   -1358.4112  0.7180 
   00685    0.4475   -1353.9821  0.7173 
   00686    0.4225   -1354.9607  0.7171 
   00687    0.4175   -1352.6515  0.7191 
   00688    0.4700   -1352.9370  0.7223 
   00689    0.4325   -1348.3508  0.7168 
   00690    0.4225   -1349.4297  0.7178 
   00691    0.4550   -1352.9174  0.7156 
   00692    0.4650   -1353.4829  0.7135 
   00693    0.4175   -1356.1893  0.7192 
   00694    0.4000   -1353.5284  0.7192 
   00695    0.4075   -1352.5005  0.7202 
   00696    0.4625   -1355.3151  0.7258 
   00697    0.4375   -1360.1300  0.7256 
   00698    0.4575   -1358.5060  0.7275 
   00699    0.4550   -1360.0839  0.7241 
   00700    0.4575   -1362.1102  0.7232 
   00701    0.4175   -1367.5961  0.7267 
   00702    0.4250   -1364.9334  0.7274 
   00703    0.4200   -1366.9097  0.7270 
   00704    0.4525   -1361.1031  0.7245 
   00705    0.4950   -1359.2128  0.7259 
   00706    0.4775   -1358.7919  0.7282 
   00707    0.4550   -1358.7770  0.7334 
   00708    0.4425   -1356.5800  0.7374 
   00709    0.4525   -1357.7263  0.7340 
   00710    0.4025   -1357.1492  0.7362 
   00711    0.4450   -1354.3007  0.7369 
   00712    0.4200   -1361.3310  0.7341 
   00713    0.4425   -1363.4232  0.7283 
   00714    0.4750   -1366.1595  0.7242 
   00715    0.4650   -1371.3388  0.7233 
   00716    0.4125   -1367.0349  0.7212 
   00717    0.4075   -1364.7593  0.7225 
   00718    0.4450   -1365.6453  0.7274 
   00719    0.4400   -1363.0811  0.7276 
   00720    0.4325   -1365.7652  0.7265 
   00721    0.4425   -1362.6351  0.7275 
   00722    0.3700   -1365.7553  0.7261 
   00723    0.4375   -1366.9552  0.7318 
   00724    0.4450   -1371.2366  0.7350 
   00725    0.4350   -1372.4280  0.7354 
   00726    0.4275   -1369.1558  0.7363 
   00727    0.4425   -1368.5771  0.7328 
   00728    0.3975   -1362.1356  0.7286 
   00729    0.4100   -1359.0470  0.7314 
   00730    0.4175   -1362.0827  0.7286 
   00731    0.4575   -1362.3874  0.7284 
   00732    0.4625   -1363.8989  0.7269 
   00733    0.4500   -1363.7394  0.7238 
   00734    0.4075   -1354.8636  0.7206 
   00735    0.4675   -1357.0110  0.7202 
   00736    0.4475   -1356.4285  0.7159 
   00737    0.4350   -1356.1546  0.7165 
   00738    0.4600   -1363.0137  0.7214 
   00739    0.4250   -1365.5136  0.7251 
   00740    0.4425   -1364.1191  0.7220 
   00741    0.4700   -1365.3283  0.7245 
   00742    0.4350   -1362.8834  0.7232 
   00743    0.4275   -1364.3733  0.7259 
   00744    0.3975   -1359.5739  0.7278 
   00745    0.4325   -1364.3364  0.7300 
   00746    0.4200   -1362.0264  0.7283 
   00747    0.3925   -1365.7114  0.7290 
   00748    0.4475   -1362.0888  0.7270 
   00749    0.4675   -1366.9805  0.7246 
   00750    0.4325   -1369.8324  0.7242 
   00751    0.4100   -1376.2407  0.7297 
   00752    0.3625   -1381.0973  0.7309 
   00753    0.4100   -1382.2327  0.7308 
   00754    0.4000   -1378.5732  0.7310 
   00755    0.4050   -1378.2529  0.7337 
   00756    0.4700   -1377.8542  0.7335 
   00757    0.4700   -1374.8735  0.7315 
   00758    0.4625   -1373.8327  0.7338 
   00759    0.4625   -1374.8703  0.7333 
   00760    0.4225   -1375.8279  0.7325 
   00761    0.4375   -1382.6035  0.7279 
   00762    0.4450   -1378.8658  0.7247 
   00763    0.4725   -1380.8886  0.7295 
   00764    0.3925   -1382.0074  0.7313 
   00765    0.4800   -1379.3623  0.7253 
   00766    0.4200   -1375.2643  0.7220 
   00767    0.4300   -1370.7845  0.7184 
   00768    0.3825   -1371.2506  0.7198 
   00769    0.4150   -1369.3296  0.7158 
   00770    0.4475   -1374.1516  0.7210 
   00771    0.4025   -1372.4822  0.7148 
   00772    0.4575   -1365.7304  0.7166 
   00773    0.4650   -1367.0229  0.7161 
   00774    0.4575   -1368.0764  0.7106 
   00775    0.4500   -1365.4378  0.7072 
   00776    0.4575   -1377.0476  0.7069 
   00777    0.4250   -1376.9762  0.7034 
   00778    0.3825   -1371.2964  0.7050 
   00779    0.4750   -1373.8088  0.7079 
   00780    0.4125   -1372.9423  0.7055 
   00781    0.4175   -1375.0406  0.7005 
   00782    0.5025   -1373.8838  0.7001 
   00783    0.4350   -1369.9847  0.7032 
   00784    0.4475   -1367.6961  0.6992 
   00785    0.4500   -1364.9800  0.6985 
   00786    0.3875   -1366.2073  0.7044 
   00787    0.4250   -1363.3790  0.7010 
   00788    0.4425   -1362.5135  0.7005 
   00789    0.4300   -1363.5495  0.7032 
   00790    0.4050   -1361.1669  0.6986 
   00791    0.4450   -1360.3452  0.6973 
   00792    0.4225   -1356.1506  0.6965 
   00793    0.4300   -1362.5683  0.7019 
   00794    0.4275   -1357.0805  0.7028 
   00795    0.4325   -1354.3488  0.7004 
   00796    0.3975   -1355.9903  0.6985 
   00797    0.3950   -1354.6836  0.7013 
   00798    0.4550   -1355.5952  0.7024 
   00799    0.4675   -1360.8345  0.7013 
   00800    0.4075   -1357.5575  0.7024 
   00801    0.4550   -1357.2398  0.7022 
   00802    0.4075   -1363.3466  0.7042 
   00803    0.4225   -1370.9157  0.6992 
   00804    0.4550   -1372.6315  0.6995 
   00805    0.4750   -1375.7565  0.7018 
   00806    0.4625   -1369.7485  0.7028 
   00807    0.4425   -1371.7834  0.7039 
   00808    0.4200   -1371.2201  0.6982 
   00809    0.4475   -1375.9224  0.6963 
   00810    0.3950   -1375.3925  0.6953 
   00811    0.4775   -1378.2244  0.6989 
   00812    0.4525   -1384.5819  0.6991 
   00813    0.4375   -1389.0045  0.6962 
   00814    0.4325   -1389.7124  0.6955 
   00815    0.3875   -1390.7813  0.6896 
   00816    0.4325   -1388.7614  0.6915 
   00817    0.4625   -1390.4357  0.6894 
   00818    0.4250   -1384.2622  0.6859 
   00819    0.3950   -1382.6549  0.6827 
   00820    0.3850   -1383.6314  0.6845 
   00821    0.4325   -1378.7573  0.6827 
   00822    0.4275   -1376.7061  0.6794 
   00823    0.4125   -1377.7146  0.6786 
   00824    0.4400   -1383.7303  0.6823 
   00825    0.4250   -1375.4632  0.6736 
   00826    0.4375   -1374.8876  0.6749 
   00827    0.4350   -1370.0446  0.6752 
   00828    0.4150   -1373.1176  0.6750 
   00829    0.4275   -1374.9825  0.6772 
   00830    0.4050   -1376.3251  0.6819 
   00831    0.4325   -1373.1228  0.6848 
   00832    0.4650   -1377.7597  0.6891 
   00833    0.4000   -1373.3819  0.6909 
   00834    0.4525   -1366.8325  0.6915 
   00835    0.4275   -1363.8023  0.6890 
   00836    0.4950   -1361.0694  0.6851 
   00837    0.4500   -1362.2454  0.6846 
   00838    0.4025   -1363.4279  0.6795 
   00839    0.4000   -1363.7806  0.6816 
   00840    0.4600   -1365.9778  0.6808 
   00841    0.4225   -1363.0259  0.6798 
   00842    0.4500   -1360.7126  0.6803 
   00843    0.4400   -1358.7010  0.6800 
   00844    0.3875   -1357.1292  0.6800 
   00845    0.4525   -1361.6598  0.6829 
   00846    0.4575   -1365.8821  0.6812 
   00847    0.4400   -1364.3626  0.6777 
   00848    0.4050   -1359.9001  0.6761 
   00849    0.4475   -1359.4061  0.6784 
   00850    0.4550   -1359.5076  0.6781 
   00851    0.4375   -1357.3402  0.6768 
   00852    0.4375   -1351.2523  0.6739 
   00853    0.4175   -1351.4569  0.6745 
   00854    0.4100   -1348.8702  0.6711 
   00855    0.4325   -1350.3755  0.6735 
   00856    0.4450   -1350.4417  0.6725 
   00857    0.4750   -1349.3857  0.6801 
   00858    0.4575   -1349.5924  0.6793 
   00859    0.4225   -1348.1177  0.6769 
   00860    0.4600   -1354.6360  0.6766 
   00861    0.4575   -1360.0202  0.6769 
   00862    0.4475   -1355.8410  0.6766 
   00863    0.4025   -1355.4785  0.6805 
   00864    0.4075   -1356.1117  0.6804 
   00865    0.4250   -1353.1446  0.6798 
   00866    0.4175   -1349.7103  0.6788 
   00867    0.4425   -1349.6039  0.6789 
   00868    0.4100   -1350.4563  0.6849 
   00869    0.4650   -1351.9733  0.6862 
   00870    0.4550   -1354.4703  0.6849 
   00871    0.4175   -1360.1812  0.6903 
   00872    0.4300   -1361.7467  0.6878 
   00873    0.4775   -1356.4532  0.6830 
   00874    0.4350   -1355.2004  0.6848 
   00875    0.4225   -1354.7351  0.6883 
   00876    0.3900   -1355.4552  0.6902 
   00877    0.4400   -1359.1985  0.6916 
   00878    0.5000   -1363.1869  0.6967 
   00879    0.4250   -1362.7289  0.6970 
   00880    0.5050   -1361.4372  0.6968 
   00881    0.4500   -1360.6772  0.6940 
   00882    0.4275   -1358.9144  0.6922 
   00883    0.4125   -1357.7942  0.6983 
   00884    0.4075   -1361.7516  0.7037 
   00885    0.4625   -1363.8726  0.7026 
   00886    0.4275   -1356.2930  0.7006 
   00887    0.4675   -1356.9289  0.7056 
   00888    0.4800   -1362.0408  0.7075 
   00889    0.4450   -1362.1395  0.7044 
   00890    0.4025   -1356.0975  0.7034 
   00891    0.4000   -1357.6808  0.7069 
   00892    0.4175   -1359.9145  0.7091 
   00893    0.4275   -1354.3200  0.7075 
   00894    0.4175   -1354.7934  0.7090 
   00895    0.3975   -1355.5618  0.7128 
   00896    0.4375   -1356.5971  0.7096 
   00897    0.3775   -1350.8696  0.7065 
   00898    0.3950   -1348.5105  0.7057 
   00899    0.4400   -1350.7899  0.6994 
   00900    0.4500   -1352.7781  0.6998 
   00901    0.4325   -1356.0867  0.6975 
   00902    0.4200   -1357.6030  0.7004 
   00903    0.4250   -1359.6936  0.7049 
   00904    0.4225   -1355.2982  0.7079 
   00905    0.4575   -1349.2115  0.7057 
   00906    0.4200   -1346.0449  0.7099 
   00907    0.4875   -1348.0583  0.7140 
   00908    0.4575   -1349.6066  0.7201 
   00909    0.4100   -1356.3513  0.7270 
   00910    0.4350   -1362.5103  0.7224 
   00911    0.4400   -1362.8982  0.7262 
   00912    0.4325   -1361.1559  0.7231 
   00913    0.4400   -1361.2103  0.7236 
   00914    0.4300   -1369.0556  0.7263 
   00915    0.4500   -1367.0292  0.7288 
   00916    0.4425   -1370.6395  0.7275 
   00917    0.4250   -1370.1696  0.7328 
   00918    0.4275   -1374.0811  0.7311 
   00919    0.3975   -1374.3156  0.7288 
   00920    0.4425   -1371.5994  0.7287 
   00921    0.4425   -1370.0734  0.7270 
   00922    0.4275   -1369.3140  0.7292 
   00923    0.4400   -1365.0445  0.7259 
   00924    0.4475   -1364.3359  0.7231 
   00925    0.4475   -1366.6310  0.7188 
   00926    0.4175   -1355.8273  0.7179 
   00927    0.4050   -1360.0394  0.7160 
   00928    0.4550   -1363.7268  0.7136 
   00929    0.4450   -1362.8457  0.7081 
   00930    0.4100   -1363.7690  0.7110 
   00931    0.4575   -1366.9337  0.7116 
   00932    0.4125   -1375.3849  0.7209 
   00933    0.3900   -1381.1212  0.7192 
   00934    0.4875   -1378.5436  0.7151 
   00935    0.4475   -1380.5531  0.7171 
   00936    0.4300   -1383.6981  0.7101 
   00937    0.4025   -1380.1019  0.7076 
   00938    0.4175   -1379.8775  0.7080 
   00939    0.3825   -1377.1931  0.7065 
   00940    0.4375   -1376.7364  0.7051 
   00941    0.4600   -1386.8194  0.7077 
   00942    0.4425   -1382.7967  0.7075 
   00943    0.4250   -1387.3587  0.7149 
   00944    0.4125   -1388.0981  0.7114 
   00945    0.4325   -1385.6047  0.7131 
   00946    0.4225   -1384.2180  0.7126 
   00947    0.4375   -1381.0713  0.7080 
   00948    0.4225   -1383.1995  0.7094 
   00949    0.4250   -1381.0517  0.7122 
   00950    0.4175   -1377.7416  0.7092 
   00951    0.4525   -1378.8162  0.7103 
   00952    0.4300   -1383.1852  0.7135 
   00953    0.3900   -1383.0988  0.7116 
   00954    0.4050   -1378.9881  0.7040 
   00955    0.4600   -1375.2992  0.7025 
   00956    0.4325   -1376.3924  0.7058 
   00957    0.4250   -1374.9418  0.7046 
   00958    0.4650   -1375.6437  0.7076 
   00959    0.4675   -1378.8703  0.7099 
   00960    0.4200   -1383.7768  0.7117 
   00961    0.4175   -1384.7664  0.7126 
   00962    0.4525   -1381.3475  0.7110 
   00963    0.4350   -1381.6373  0.7152 
   00964    0.4325   -1383.8336  0.7137 
   00965    0.4850   -1385.6479  0.7151 
   00966    0.4325   -1387.0039  0.7192 
   00967    0.4425   -1384.6189  0.7203 
   00968    0.4325   -1386.2564  0.7158 
   00969    0.4175   -1391.4820  0.7125 
   00970    0.4025   -1392.4320  0.7130 
   00971    0.3975   -1395.2087  0.7108 
   00972    0.4400   -1392.9371  0.7146 
   00973    0.4225   -1392.0987  0.7153 
   00974    0.4300   -1394.2241  0.7161 
   00975    0.3975   -1384.9783  0.7125 
   00976    0.4050   -1388.8367  0.7108 
   00977    0.4350   -1385.7629  0.7071 
   00978    0.4550   -1379.4509  0.7097 
   00979    0.4450   -1378.4740  0.7057 
   00980    0.4400   -1382.8519  0.7050 
   00981    0.4475   -1384.0732  0.7027 
   00982    0.4000   -1379.8724  0.7002 
   00983    0.4075   -1375.1367  0.6999 
   00984    0.4550   -1375.1729  0.7005 
   00985    0.4375   -1377.6527  0.6965 
   00986    0.4500   -1376.9415  0.6997 
   00987    0.4125   -1374.1816  0.6984 
   00988    0.4500   -1381.8424  0.7040 
   00989    0.4300   -1381.2507  0.7041 
   00990    0.4125   -1376.2571  0.7008 
   00991    0.4275   -1381.9311  0.7015 
   00992    0.4550   -1376.5791  0.7026 
   00993    0.4250   -1374.0020  0.7007 
   00994    0.4475   -1369.8945  0.7040 
   00995    0.4200   -1373.8452  0.7050 
   00996    0.4050   -1383.1254  0.7059 
   00997    0.4575   -1382.6444  0.7105 
   00998    0.4375   -1380.6728  0.7106 
   00999    0.4325   -1382.9702  0.7086 
   01000    0.4650   -1377.6009  0.7113 
