#=====================================================
# File created:        Wed-05-Nov-2025-at-03-27-53AM
# Size of lattice:     20x20
# Number of MC steps:  1000
# Reduced temperature: 0.200
# Run time (s):        1.435355
#=====================================================
# MC step:  Ratio:     Energy:   Order:
#=====================================================
   00000    0.5000    -357.1798  0.2777 
   00001    0.4925    -395.0029  0.3112 
   00002    0.4750    -413.2282  0.3139 
   00003    0.4650    -438.1090  0.3230 
   00004    0.4575    -453.8863  0.3299 
   00005    0.4675    -472.4127  0.3339 
   00006    0.5175    -497.2648  0.3378 
   00007    0.4925    -515.2110  0.3338 
   00008    0.5075    -527.9173  0.3279 
   00009    0.4925    -537.8266  0.3318 
   00010    0.5275    -552.3433  0.3308 
   00011    0.4775    -578.3095  0.3414 
   00012    0.4725    -590.4335  0.3461 
   00013    0.5175    -612.7516  0.3392 
   00014    0.4725    -625.1344  0.3447 
   00015    0.4700    -635.5104  0.3468 
   00016    0.4975    -646.5261  0.3472 
   00017    0.5025    -661.1171  0.3488 
   00018    0.4900    -671.3710  0.3496 
   00019    0.4875    -688.6633  0.3513 
   00020    0.5300    -696.7200  0.3503 
   00021    0.5075    -710.2972  0.3536 
   00022    0.4725    -723.3419  0.3503 
   00023    0.4800    -729.0778  0.3526 
   00024    0.4275    -738.0290  0.3524 
   00025    0.5050    -755.2479  0.3593 
   00026    0.5375    -766.2266  0.3630 
   00027    0.4850    -774.0594  0.3648 
   00028    0.5125    -789.1306  0.3709 
   00029    0.4700    -799.7542  0.3727 
   00030    0.4725    -814.2453  0.3703 
   00031    0.4900    -823.9009  0.3766 
   00032    0.4900    -838.8018  0.3828 
   00033    0.4750    -847.3970  0.3887 
   00034    0.4850    -851.5086  0.3917 
   00035    0.5250    -860.8862  0.3944 
   00036    0.4825    -867.9258  0.3931 
   00037    0.4800    -873.9248  0.3904 
   00038    0.4925    -884.9571  0.3932 
   00039    0.4775    -896.6717  0.3960 
   00040    0.5000    -912.3752  0.3981 
   00041    0.4700    -915.2037  0.3969 
   00042    0.5025    -929.3836  0.3951 
   00043    0.4925    -932.9880  0.3947 
   00044    0.5425    -941.2029  0.4027 
   00045    0.5350    -950.9091  0.4109 
   00046    0.4750    -954.3655  0.4174 
   00047    0.4650    -965.2577  0.4218 
   00048    0.5100    -966.3616  0.4181 
   00049    0.5025    -971.8013  0.4241 
   00050    0.5275    -978.1017  0.4270 
   00051    0.5125    -980.6210  0.4298 
   00052    0.4850    -990.6533  0.4346 
   00053    0.4975    -990.5405  0.4442 
   00054    0.5400   -1005.0502  0.4509 
   00055    0.5300   -1007.4920  0.4557 
   00056    0.4925   -1013.9876  0.4568 
   00057    0.4550   -1021.4583  0.4659 
   00058    0.5425   -1029.2535  0.4678 
   00059    0.4475   -1036.3491  0.4708 
   00060    0.5250   -1046.7064  0.4737 
   00061    0.4825   -1059.7206  0.4851 
   00062    0.4200   -1065.7730  0.4900 
   00063    0.4975   -1066.8332  0.4887 
   00064    0.5025   -1072.6120  0.4923 
   00065    0.5075   -1070.8464  0.4953 
   00066    0.5200   -1073.2038  0.4955 
   00067    0.4750   -1087.4853  0.5037 
   00068    0.5150   -1095.4673  0.5096 
   00069    0.5325   -1103.1385  0.5134 
   00070    0.4875   -1108.7969  0.5175 
   00071    0.4825   -1122.8542  0.5207 
   00072    0.5100   -1133.3181  0.5270 
   00073    0.4800   -1140.5505  0.5274 
   00074    0.4725   -1150.0989  0.5334 
   00075    0.4600   -1154.8887  0.5336 
   00076    0.4675   -1156.6432  0.5345 
   00077    0.5025   -1157.2821  0.5365 
   00078    0.5025   -1153.7782  0.5339 
   00079    0.4925   -1159.6116  0.5322 
   00080    0.4850   -1165.6882  0.5348 
   00081    0.4700   -1168.5877  0.5376 
   00082    0.4850   -1170.5812  0.5376 
   00083    0.5250   -1178.1083  0.5453 
   00084    0.4775   -1190.1491  0.5466 
   00085    0.4375   -1187.8440  0.5480 
   00086    0.5150   -1195.8743  0.5465 
   00087    0.4525   -1205.8652  0.5491 
   00088    0.5075   -1209.8519  0.5466 
   00089    0.4675   -1219.8590  0.5516 
   00090    0.5300   -1228.9017  0.5538 
   00091    0.4825   -1232.7909  0.5568 
   00092    0.5125   -1231.4689  0.5589 
   00093    0.5050   -1232.0500  0.5613 
   00094    0.4325   -1243.9477  0.5655 
   00095    0.4675   -1257.2417  0.5690 
   00096    0.5025   -1259.3926  0.5703 
   00097    0.5000   -1263.3158  0.5772 
   00098    0.4500   -1267.3033  0.5825 
   00099    0.5000   -1269.4746  0.5856 
   00100    0.5000   -1273.7923  0.5914 
   00101    0.4575   -1275.1691  0.5906 
   00102    0.5025   -1275.9827  0.5957 
   00103    0.4725   -1280.5939  0.5951 
   00104    0.4375   -1277.7285  0.5909 
   00105    0.4425   -1279.8723  0.5945 
   00106    0.4925   -1283.1211  0.5950 
   00107    0.4775   -1281.4201  0.5986 
   00108    0.4625   -1283.3528  0.5950 
   00109    0.4875   -1288.4326  0.5968 
   00110    0.4675   -1289.2860  0.6036 
   00111    0.4775   -1292.7314  0.6029 
   00112    0.4500   -1298.1531  0.6037 
   00113    0.4875   -1304.3802  0.6068 
   00114    0.5025   -1309.4144  0.6119 
   00115    0.4950   -1306.3221  0.6165 
   00116    0.4675   -1309.5641  0.6209 
   00117    0.4975   -1305.3200  0.6170 
   00118    0.4875   -1313.9640  0.6233 
   00119    0.4825   -1314.6858  0.6249 
   00120    0.4425   -1319.1452  0.6227 
   00121    0.4425   -1322.8540  0.6233 
   00122    0.4875   -1323.7482  0.6219 
   00123    0.5275   -1323.3609  0.6200 
   00124    0.4700   -1320.2093  0.6191 
   00125    0.5275   -1322.0753  0.6212 
   00126    0.4525   -1322.3321  0.6194 
   00127    0.4700   -1323.9807  0.6248 
   00128    0.4600   -1329.1795  0.6288 
   00129    0.4950   -1333.6756  0.6322 
   00130    0.4575   -1334.3247  0.6294 
   00131    0.4550   -1339.9396  0.6321 
   00132    0.4875   -1338.9371  0.6359 
   00133    0.5125   -1339.0204  0.6373 
   00134    0.4225   -1339.7098  0.6352 
   00135    0.4925   -1340.5306  0.6414 
   00136    0.4575   -1340.0489  0.6390 
   00137    0.5050   -1343.0073  0.6408 
   00138    0.4575   -1339.9326  0.6418 
   00139    0.4325   -1341.0862  0.6403 
   00140    0.5100   -1341.7155  0.6387 
   00141    0.4750   -1345.3931  0.6386 
   00142    0.4775   -1350.0230  0.6413 
   00143    0.4400   -1352.4825  0.6411 
   00144    0.4400   -1354.5351  0.6429 
   00145    0.4975   -1351.7421  0.6426 
   00146    0.5050   -1353.5584  0.6440 
   00147    0.4600   -1353.8305  0.6452 
   00148    0.4525   -1351.5169  0.6474 
   00149    0.5025   -1354.0872  0.6527 
   00150    0.4850   -1357.2651  0.6535 
   00151    0.4700   -1356.5500  0.6544 
   00152    0.4775   -1356.3760  0.6567 
   00153    0.4775   -1355.3550  0.6574 
   00154    0.4850   -1360.1042  0.6599 
   00155    0.4925   -1361.9117  0.6624 
   00156    0.4625   -1362.5257  0.6645 
   00157    0.4975   -1360.2416  0.6646 
   00158    0.4375   -1359.2296  0.6657 
   00159    0.4525   -1357.4457  0.6655 
   00160    0.4525   -1360.5608  0.6656 
   00161    0.4650   -1356.7506  0.6667 
   00162    0.5150   -1356.1894  0.6676 
   00163    0.4800   -1362.0169  0.6731 
   00164    0.4475   -1362.6651  0.6743 
   00165    0.4650   -1363.0618  0.6785 
   00166    0.5075   -1364.3005  0.6793 
   00167    0.4700   -1363.1638  0.6805 
   00168    0.4500   -1364.3285  0.6786 
   00169    0.4500   -1367.5081  0.6815 
   00170    0.4800   -1370.0657  0.6845 
   00171    0.4850   -1374.1061  0.6893 
   00172    0.4450   -1373.7986  0.6920 
   00173    0.5225   -1374.8568  0.6943 
   00174    0.4525   -1376.6198  0.6951 
   00175    0.4975   -1382.4660  0.6966 
   00176    0.4725   -1378.6985  0.6959 
   00177    0.4700   -1381.4001  0.6956 
   00178    0.4825   -1381.4873  0.6934 
   00179    0.4675   -1378.3830  0.6950 
   00180    0.4750   -1381.8594  0.6970 
   00181    0.4775   -1383.7760  0.6975 
   00182    0.4725   -1383.3522  0.6960 
   00183    0.4900   -1386.2329  0.6964 
   00184    0.4775   -1388.2506  0.6973 
   00185    0.4600   -1387.0392  0.7002 
   00186    0.4700   -1387.9283  0.7013 
   00187    0.4450   -1389.6438  0.7026 
   00188    0.4650   -1393.2418  0.7024 
   00189    0.4750   -1393.5235  0.7039 
   00190    0.4300   -1393.4995  0.7068 
   00191    0.4575   -1391.6352  0.7060 
   00192    0.4475   -1393.0017  0.7067 
   00193    0.4650   -1392.5259  0.7086 
   00194    0.4700   -1391.8205  0.7094 
   00195    0.4875   -1394.9217  0.7129 
   00196    0.4775   -1394.0156  0.7136 
   00197    0.4925   -1393.7813  0.7132 
   00198    0.4650   -1394.6285  0.7116 
   00199    0.4300   -1396.8654  0.7125 
   00200    0.4500   -1394.7828  0.7107 
   00201    0.4650   -1400.1052  0.7180 
   00202    0.4575   -1400.3125  0.7214 
   00203    0.4700   -1401.7155  0.7223 
   00204    0.4875   -1406.4067  0.7240 
   00205    0.4700   -1409.5559  0.7244 
   00206    0.5025   -1410.0181  0.7252 
   00207    0.4275   -1410.3505  0.7262 
   00208    0.4400   -1408.1708  0.7288 
   00209    0.4550   -1405.6777  0.7298 
   00210    0.4750   -1404.6764  0.7298 
   00211    0.4625   -1403.0581  0.7322 
   00212    0.4700   -1403.6318  0.7338 
   00213    0.4800   -1406.2864  0.7332 
   00214    0.4975   -1405.1140  0.7326 
   00215    0.4800   -1407.4569  0.7341 
   00216    0.4525   -1407.3545  0.7361 
   00217    0.4825   -1406.8810  0.7351 
   00218    0.4675   -1405.9213  0.7329 
   00219    0.4925   -1412.2672  0.7377 
   00220    0.4600   -1410.3163  0.7397 
   00221    0.4700   -1409.5572  0.7404 
   00222    0.4175   -1413.7562  0.7407 
   00223    0.4600   -1418.5998  0.7414 
   00224    0.4875   -1421.3264  0.7404 
   00225    0.4800   -1418.4630  0.7389 
   00226    0.4650   -1419.4801  0.7422 
   00227    0.4675   -1422.5607  0.7441 
   00228    0.4525   -1422.1433  0.7460 
   00229    0.4950   -1421.6005  0.7464 
   00230    0.4700   -1424.1814  0.7465 
   00231    0.5050   -1421.6743  0.7487 
   00232    0.4800   -1422.2030  0.7506 
   00233    0.4550   -1423.5020  0.7522 
   00234    0.4500   -1425.4779  0.7515 
   00235    0.4425   -1429.4941  0.7552 
   00236    0.4650   -1431.1414  0.7556 
   00237    0.4675   -1432.0609  0.7561 
   00238    0.4200   -1431.5241  0.7548 
   00239    0.4475   -1432.8167  0.7554 
   00240    0.4575   -1431.3907  0.7595 
   00241    0.4675   -1434.5773  0.7626 
   00242    0.4550   -1433.5140  0.7609 
   00243    0.4350   -1434.6945  0.7594 
   00244    0.4875   -1433.4402  0.7579 
   00245    0.4650   -1433.8599  0.7615 
   00246    0.4150   -1438.2360  0.7625 
   00247    0.4900   -1435.0284  0.7634 
   00248    0.4525   -1435.1715  0.7639 
   00249    0.4800   -1438.7389  0.7643 
   00250    0.4575   -1439.2881  0.7624 
   00251    0.4700   -1440.3637  0.7598 
   00252    0.4775   -1441.6606  0.7616 
   00253    0.4700   -1438.8522  0.7620 
   00254    0.4800   -1439.4722  0.7612 
   00255    0.5125   -1442.2129  0.7615 
   00256    0.4700   -1441.5595  0.7618 
   00257    0.4400   -1445.4915  0.7655 
   00258    0.4350   -1445.4295  0.7649 
   00259    0.4725   -1443.5381  0.7652 
   00260    0.4875   -1443.5747  0.7675 
   00261    0.4800   -1443.3613  0.7700 
   00262    0.4325   -1442.6588  0.7728 
   00263    0.5350   -1445.0489  0.7759 
   00264    0.4900   -1446.1825  0.7762 
   00265    0.4700   -1448.7768  0.7785 
   00266    0.4875   -1449.6160  0.7781 
   00267    0.5125   -1451.1789  0.7790 
   00268    0.5300   -1449.4887  0.7808 
   00269    0.4800   -1450.5982  0.7815 
   00270    0.4625   -1449.9463  0.7809 
   00271    0.4925   -1453.2212  0.7856 
   00272    0.4300   -1455.5787  0.7875 
   00273    0.4875   -1455.9551  0.7879 
   00274    0.4825   -1455.4390  0.7853 
   00275    0.4325   -1454.2218  0.7838 
   00276    0.4450   -1454.5885  0.7842 
   00277    0.4925   -1454.2111  0.7860 
   00278    0.4375   -1458.6403  0.7870 
   00279    0.4650   -1457.5336  0.7880 
   00280    0.4875   -1456.9242  0.7858 
   00281    0.4950   -1455.6424  0.7880 
   00282    0.4125   -1454.1122  0.7887 
   00283    0.4900   -1452.5789  0.7924 
   00284    0.4650   -1451.7040  0.7903 
   00285    0.4750   -1451.9798  0.7916 
   00286    0.4500   -1453.6449  0.7920 
   00287    0.4950   -1452.3605  0.7915 
   00288    0.4700   -1450.4162  0.7917 
   00289    0.5050   -1455.0313  0.7923 
   00290    0.4850   -1454.3678  0.7938 
   00291    0.4600   -1456.8791  0.7917 
   00292    0.5175   -1458.0440  0.7927 
   00293    0.4875   -1456.0502  0.7914 
   00294    0.4400   -1458.8571  0.7934 
   00295    0.4225   -1458.0962  0.7934 
   00296    0.5000   -1455.2115  0.7932 
   00297    0.5100   -1455.7784  0.7904 
   00298    0.4725   -1453.8984  0.7906 
   00299    0.4550   -1456.9365  0.7932 
   00300    0.4550   -1458.3414  0.7920 
   00301    0.4925   -1459.8103  0.7937 
   00302    0.4825   -1458.4592  0.7933 
   00303    0.4750   -1458.0129  0.7929 
   00304    0.4875   -1455.4915  0.7924 
   00305    0.4975   -1458.4840  0.7946 
   00306    0.4625   -1457.5896  0.7944 
   00307    0.4450   -1460.0471  0.7979 
   00308    0.4525   -1457.5126  0.7976 
   00309    0.4700   -1459.2816  0.7996 
   00310    0.4800   -1462.2485  0.8032 
   00311    0.5025   -1458.7576  0.8020 
   00312    0.4775   -1460.6053  0.8052 
   00313    0.4450   -1461.9966  0.8059 
   00314    0.4800   -1463.0476  0.8064 
   00315    0.4850   -1464.5571  0.8056 
   00316    0.4600   -1466.0604  0.8070 
   00317    0.5000   -1465.5961  0.8051 
   00318    0.4750   -1464.7984  0.8045 
   00319    0.4750   -1467.8913  0.8070 
   00320    0.4700   -1469.2324  0.8065 
   00321    0.5025   -1466.0442  0.8055 
   00322    0.4700   -1465.9164  0.8034 
   00323    0.4800   -1463.5432  0.8011 
   00324    0.4375   -1464.0302  0.7978 
   00325    0.4900   -1462.4184  0.7992 
   00326    0.4400   -1463.3062  0.7994 
   00327    0.4350   -1462.1591  0.7989 
   00328    0.4900   -1461.4106  0.8008 
   00329    0.5225   -1461.4032  0.8015 
   00330    0.4550   -1462.6491  0.8043 
   00331    0.4400   -1463.3123  0.8062 
   00332    0.4875   -1463.2804  0.8060 
   00333    0.4450   -1462.1147  0.8043 
   00334    0.5000   -1464.0150  0.8050 
   00335    0.4525   -1461.5321  0.8035 
   00336    0.4575   -1463.5516  0.8053 
   00337    0.4800   -1465.1926  0.8087 
   00338    0.4750   -1467.2325  0.8105 
   00339    0.4675   -1465.2827  0.8076 
   00340    0.4325   -1466.1872  0.8067 
   00341    0.4525   -1468.6698  0.8096 
   00342    0.5475   -1469.7877  0.8106 
   00343    0.4525   -1472.2325  0.8115 
   00344    0.5000   -1468.1709  0.8088 
   00345    0.4800   -1472.0367  0.8112 
   00346    0.5100   -1471.2658  0.8114 
   00347    0.5025   -1471.3963  0.8122 
   00348    0.4125   -1470.5221  0.8116 
   00349    0.5200   -1474.2359  0.8130 
   00350    0.4900   -1473.5545  0.8134 
   00351    0.4600   -1473.4425  0.8145 
   00352    0.4975   -1475.6322  0.8146 
   00353    0.4825   -1477.4058  0.8151 
   00354    0.4825   -1477.2720  0.8156 
   00355    0.4650   -1476.9400  0.8173 
   00356    0.4375   -1478.0103  0.8159 
   00357    0.4200   -1477.1499  0.8161 
   00358    0.4600   -1477.9977  0.8157 
   00359    0.4300   -1479.5237  0.8150 
   00360    0.4600   -1478.5540  0.8178 
   00361    0.4550   -1478.0697  0.8187 
   00362    0.4325   -1480.1477  0.8195 
   00363    0.4875   -1479.7467  0.8191 
   00364    0.4550   -1482.5855  0.8201 
   00365    0.4975   -1483.1066  0.8192 
   00366    0.5050   -1484.6945  0.8194 
   00367    0.4275   -1483.0859  0.8191 
   00368    0.5000   -1485.3148  0.8212 
   00369    0.4575   -1485.4008  0.8205 
   00370    0.4575   -1485.2872  0.8211 
   00371    0.4800   -1485.8574  0.8214 
   00372    0.4225   -1486.2198  0.8212 
   00373    0.4575   -1486.7668  0.8229 
   00374    0.4050   -1483.4664  0.8262 
   00375    0.4450   -1483.8407  0.8274 
   00376    0.4550   -1483.6775  0.8279 
   00377    0.4700   -1484.3445  0.8294 
   00378    0.4225   -1487.2429  0.8343 
   00379    0.4600   -1487.1527  0.8341 
   00380    0.4375   -1485.8897  0.8320 
   00381    0.4425   -1487.6094  0.8350 
   00382    0.4725   -1486.4290  0.8340 
   00383    0.3975   -1485.1513  0.8340 
   00384    0.4700   -1487.6020  0.8370 
   00385    0.4950   -1488.8001  0.8379 
   00386    0.4775   -1487.8723  0.8383 
   00387    0.4900   -1485.6302  0.8387 
   00388    0.4525   -1488.9545  0.8391 
   00389    0.4725   -1488.1863  0.8426 
   00390    0.4475   -1486.5986  0.8421 
   00391    0.4700   -1489.7092  0.8413 
   00392    0.4775   -1488.9352  0.8415 
   00393    0.4550   -1487.1558  0.8442 
   00394    0.4750   -1482.7244  0.8427 
   00395    0.4150   -1482.7299  0.8432 
   00396    0.4925   -1482.3741  0.8430 
   00397    0.4950   -1483.2201  0.8424 
   00398    0.4250   -1481.0099  0.8412 
   00399    0.4075   -1481.3164  0.8423 
   00400    0.4425   -1482.4988  0.8426 
   00401    0.4375   -1482.2412  0.8428 
   00402    0.4525   -1482.5666  0.8440 
   00403    0.4350   -1483.4378  0.8431 
   00404    0.4425   -1481.2494  0.8412 
   00405    0.4675   -1480.3949  0.8411 
   00406    0.4525   -1480.2267  0.8412 
   00407    0.4850   -1482.0407  0.8422 
   00408    0.4775   -1480.9084  0.8433 
   00409    0.4625   -1482.9160  0.8459 
   00410    0.4700   -1483.1062  0.8455 
   00411    0.4925   -1486.0468  0.8464 
   00412    0.4725   -1486.4819  0.8474 
   00413    0.5250   -1486.5042  0.8448 
   00414    0.4125   -1483.4502  0.8437 
   00415    0.4725   -1483.4738  0.8442 
   00416    0.4675   -1483.2154  0.8440 
   00417    0.4550   -1481.6284  0.8428 
   00418    0.4575   -1482.0716  0.8443 
   00419    0.4950   -1484.7097  0.8427 
   00420    0.4675   -1482.5209  0.8423 
   00421    0.4975   -1478.5333  0.8423 
   00422    0.4500   -1481.9002  0.8415 
   00423    0.4650   -1484.0525  0.8425 
   00424    0.5025   -1483.3572  0.8424 
   00425    0.5350   -1484.7679  0.8413 
   00426    0.4600   -1483.1831  0.8392 
   00427    0.4700   -1485.3334  0.8416 
   00428    0.5150   -1487.6180  0.8395 
   00429    0.4625   -1483.9997  0.8373 
   00430    0.4825   -1488.6633  0.8386 
   00431    0.4125   -1487.1000  0.8388 
   00432    0.5100   -1485.1152  0.8403 
   00433    0.4650   -1487.3572  0.8422 
   00434    0.4350   -1486.0224  0.8416 
   00435    0.4575   -1488.5150  0.8426 
   00436    0.4650   -1488.2553  0.8409 
   00437    0.4600   -1489.7814  0.8417 
   00438    0.4275   -1489.9888  0.8411 
   00439    0.4700   -1493.1840  0.8406 
   00440    0.4425   -1496.9141  0.8431 
   00441    0.4750   -1494.5510  0.8427 
   00442    0.4575   -1497.2007  0.8430 
   00443    0.4825   -1494.9737  0.8430 
   00444    0.4625   -1496.2824  0.8438 
   00445    0.4925   -1494.7290  0.8431 
   00446    0.4150   -1495.3437  0.8410 
   00447    0.4550   -1496.9638  0.8408 
   00448    0.4825   -1495.3081  0.8416 
   00449    0.4650   -1492.3890  0.8384 
   00450    0.4450   -1494.3926  0.8411 
   00451    0.4300   -1494.2405  0.8407 
   00452    0.4875   -1492.1369  0.8396 
   00453    0.5250   -1490.1080  0.8418 
   00454    0.4725   -1490.5423  0.8384 
   00455    0.4800   -1489.5082  0.8391 
   00456    0.4125   -1489.9076  0.8386 
   00457    0.4550   -1489.5808  0.8423 
   00458    0.4575   -1485.4273  0.8414 
   00459    0.4750   -1484.2841  0.8403 
   00460    0.4975   -1482.1222  0.8422 
   00461    0.4525   -1482.4018  0.8411 
   00462    0.4775   -1482.2087  0.8435 
   00463    0.4600   -1484.5752  0.8438 
   00464    0.4700   -1483.6835  0.8421 
   00465    0.4675   -1483.8592  0.8427 
   00466    0.4700   -1489.2088  0.8464 
   00467    0.4900   -1489.0024  0.8459 
   00468    0.5175   -1490.3180  0.8460 
   00469    0.5075   -1488.5939  0.8465 
   00470    0.5050   -1491.4454  0.8451 
   00471    0.4500   -1491.5854  0.8438 
   00472    0.4500   -1487.1738  0.8419 
   00473    0.4350   -1483.6780  0.8369 
   00474    0.4675   -1485.2581  0.8375 
   00475    0.5275   -1483.6924  0.8382 
   00476    0.4725   -1485.5646  0.8405 
   00477    0.4450   -1484.2385  0.8399 
   00478    0.4850   -1487.6078  0.8416 
   00479    0.4625   -1488.3701  0.8422 
   00480    0.4750   -1484.7153  0.8431 
   00481    0.4825   -1486.9293  0.8445 
   00482    0.4725   -1485.8905  0.8451 
   00483    0.4750   -1485.4818  0.8456 
   00484    0.5025   -1485.6577  0.8461 
   00485    0.4475   -1481.8356  0.8455 
   00486    0.4600   -1481.7978  0.8439 
   00487    0.5075   -1480.0441  0.8431 
   00488    0.4825   -1482.6191  0.8432 
   00489    0.4850   -1482.8308  0.8449 
   00490    0.4475   -1481.6103  0.8451 
   00491    0.4250   -1481.5653  0.8443 
   00492    0.4950   -1481.4733  0.8457 
   00493    0.4425   -1481.5376  0.8457 
   00494    0.4600   -1485.1537  0.8460 
   00495    0.4375   -1486.3390  0.8440 
   00496    0.4825   -1485.8979  0.8479 
   00497    0.4550   -1487.1598  0.8486 
   00498    0.4875   -1487.4661  0.8470 
   00499    0.4725   -1488.8680  0.8485 
   00500    0.4425   -1487.2703  0.8463 
   00501    0.4375   -1486.3499  0.8470 
   00502    0.4350   -1484.4593  0.8487 
   00503    0.4400   -1483.2287  0.8490 
   00504    0.4825   -1482.8039  0.8484 
   00505    0.4550   -1479.7202  0.8490 
   00506    0.4675   -1478.2090  0.8486 
   00507    0.4675   -1478.7171  0.8482 
   00508    0.4400   -1478.1422  0.8490 
   00509    0.5050   -1477.6680  0.8505 
   00510    0.4375   -1478.3751  0.8525 
   00511    0.4700   -1481.2324  0.8534 
   00512    0.4500   -1479.0995  0.8500 
   00513    0.4500   -1480.6803  0.8496 
   00514    0.4575   -1481.2109  0.8513 
   00515    0.4875   -1484.2716  0.8530 
   00516    0.4975   -1484.8552  0.8513 
   00517    0.4700   -1484.1506  0.8516 
   00518    0.4575   -1483.6486  0.8491 
   00519    0.5000   -1488.2640  0.8550 
   00520    0.4925   -1487.5045  0.8550 
   00521    0.4000   -1487.9849  0.8558 
   00522    0.4950   -1488.2574  0.8569 
   00523    0.4725   -1488.2255  0.8579 
   00524    0.4500   -1491.3564  0.8573 
   00525    0.4600   -1490.1318  0.8576 
   00526    0.5250   -1493.5999  0.8597 
   00527    0.4500   -1492.4235  0.8593 
   00528    0.4425   -1493.2531  0.8610 
   00529    0.4700   -1492.8167  0.8602 
   00530    0.4550   -1491.4709  0.8602 
   00531    0.4450   -1494.4977  0.8586 
   00532    0.4600   -1493.7751  0.8600 
   00533    0.4850   -1494.5992  0.8586 
   00534    0.4475   -1498.3385  0.8596 
   00535    0.4675   -1497.5792  0.8595 
   00536    0.4200   -1497.9440  0.8602 
   00537    0.4925   -1494.9668  0.8607 
   00538    0.4475   -1493.6246  0.8589 
   00539    0.4500   -1492.3363  0.8586 
   00540    0.4900   -1490.5988  0.8573 
   00541    0.5100   -1490.0489  0.8561 
   00542    0.4600   -1486.8879  0.8558 
   00543    0.4900   -1488.8487  0.8619 
   00544    0.4600   -1489.1601  0.8623 
   00545    0.4875   -1487.8839  0.8605 
   00546    0.5200   -1486.7393  0.8613 
   00547    0.4800   -1488.0832  0.8634 
   00548    0.4500   -1488.4969  0.8635 
   00549    0.4375   -1485.7909  0.8617 
   00550    0.4725   -1485.4984  0.8629 
   00551    0.5425   -1489.6715  0.8633 
   00552    0.4675   -1488.7727  0.8654 
   00553    0.4975   -1487.9358  0.8651 
   00554    0.4900   -1487.4267  0.8621 
   00555    0.4175   -1486.7181  0.8630 
   00556    0.4925   -1487.6837  0.8605 
   00557    0.4700   -1486.4010  0.8589 
   00558    0.4650   -1485.7432  0.8573 
   00559    0.4650   -1484.8025  0.8594 
   00560    0.4800   -1481.4221  0.8580 
   00561    0.4775   -1480.7215  0.8585 
   00562    0.4925   -1480.0271  0.8606 
   00563    0.4625   -1483.8266  0.8632 
   00564    0.4875   -1486.1861  0.8649 
   00565    0.4425   -1484.5365  0.8636 
   00566    0.4600   -1482.1753  0.8643 
   00567    0.4875   -1484.6187  0.8649 
   00568    0.4575   -1482.6638  0.8634 
   00569    0.4575   -1484.9808  0.8637 
   00570    0.4675   -1484.3228  0.8627 
   00571    0.4725   -1484.2891  0.8611 
   00572    0.4850   -1485.5359  0.8644 
   00573    0.4350   -1486.5389  0.8649 
   00574    0.4925   -1486.8561  0.8670 
   00575    0.4750   -1488.5580  0.8678 
   00576    0.4775   -1487.0858  0.8680 
   00577    0.4325   -1491.0688  0.8694 
   00578    0.4925   -1488.7367  0.8689 
   00579    0.4325   -1491.0229  0.8700 
   00580    0.4525   -1492.3286  0.8686 
   00581    0.4725   -1491.8267  0.8688 
   00582    0.4675   -1490.0214  0.8701 
   00583    0.4350   -1486.5731  0.8656 
   00584    0.5150   -1491.5018  0.8682 
   00585    0.4975   -1492.5491  0.8678 
   00586    0.4450   -1492.5984  0.8703 
   00587    0.4625   -1490.7466  0.8694 
   00588    0.4325   -1490.9781  0.8715 
   00589    0.4575   -1492.8464  0.8692 
   00590    0.4550   -1494.7932  0.8696 
   00591    0.4825   -1494.1557  0.8702 
   00592    0.4450   -1493.8726  0.8697 
   00593    0.4350   -1490.8390  0.8698 
   00594    0.4475   -1487.8332  0.8681 
   00595    0.4475   -1491.3713  0.8688 
   00596    0.4800   -1489.0247  0.8703 
   00597    0.4700   -1486.1774  0.8679 
   00598    0.4700   -1487.7997  0.8659 
   00599    0.4625   -1489.4657  0.8653 
   00600    0.4525   -1491.8160  0.8650 
   00601    0.5050   -1491.2909  0.8652 
   00602    0.4550   -1491.9902  0.8640 
   00603    0.4875   -1489.6988  0.8641 
   00604    0.4750   -1488.4914  0.8648 
   00605    0.4875   -1485.9896  0.8642 
   00606    0.4425   -1487.8333  0.8636 
   00607    0.4550   -1485.2451  0.8612 
   00608    0.4925   -1484.7711  0.8623 
   00609    0.5275   -1484.2780  0.8615 
   00610    0.4750   -1482.1083  0.8609 
   00611    0.4300   -1481.9946  0.8602 
   00612    0.4275   -1481.7990  0.8605 
   00613    0.5100   -1484.6016  0.8610 
   00614    0.4675   -1484.3562  0.8596 
   00615    0.5125   -1484.6359  0.8583 
   00616    0.4400   -1486.3723  0.8592 
   00617    0.4525   -1485.9388  0.8610 
   00618    0.4775   -1485.1770  0.8602 
   00619    0.4775   -1484.2881  0.8599 
   00620    0.4575   -1486.4383  0.8598 
   00621    0.5125   -1485.2668  0.8607 
   00622    0.4475   -1486.2834  0.8608 
   00623    0.4500   -1486.0611  0.8607 
   00624    0.4300   -1484.9043  0.8605 
   00625    0.4525   -1481.4094  0.8574 
   00626    0.4625   -1481.6332  0.8577 
   00627    0.4475   -1482.1480  0.8583 
   00628    0.4400   -1481.5204  0.8557 
   00629    0.4325   -1481.3252  0.8555 
   00630    0.4600   -1479.8179  0.8567 
   00631    0.4650   -1478.8393  0.8566 
   00632    0.4600   -1477.0298  0.8566 
   00633    0.3950   -1475.4953  0.8579 
   00634    0.4550   -1479.6846  0.8584 
   00635    0.4775   -1479.7311  0.8592 
   00636    0.4775   -1483.2893  0.8598 
   00637    0.4950   -1486.0053  0.8604 
   00638    0.4775   -1484.4779  0.8575 
   00639    0.4725   -1485.1505  0.8601 
   00640    0.4825   -1483.8334  0.8580 
   00641    0.4575   -1482.9617  0.8579 
   00642    0.4675   -1484.3419  0.8576 
   00643    0.4175   -1484.8735  0.8572 
   00644    0.4625   -1485.8400  0.8597 
   00645    0.4525   -1488.4256  0.8589 
   00646    0.4525   -1487.9927  0.8589 
   00647    0.5050   -1487.6226  0.8572 
   00648    0.4675   -1488.6552  0.8595 
   00649    0.4850   -1491.9066  0.8605 
   00650    0.4825   -1492.3205  0.8609 
   00651    0.4250   -1491.5068  0.8624 
   00652    0.4550   -1489.5825  0.8631 
   00653    0.4800   -1490.8038  0.8654 
   00654    0.4750   -1490.7669  0.8626 
   00655    0.4800   -1492.3608  0.8620 
   00656    0.4575   -1494.0480  0.8640 
   00657    0.4700   -1493.7616  0.8666 
   00658    0.4900   -1493.9076  0.8667 
   00659    0.4925   -1493.6664  0.8641 
   00660    0.4275   -1495.3742  0.8650 
   00661    0.4425   -1495.3845  0.8685 
   00662    0.4675   -1493.9911  0.8697 
   00663    0.4425   -1494.6452  0.8696 
   00664    0.4725   -1498.5855  0.8704 
   00665    0.4475   -1498.2342  0.8686 
   00666    0.4650   -1492.1041  0.8652 
   00667    0.5100   -1487.9112  0.8651 
   00668    0.4050   -1487.1789  0.8638 
   00669    0.4175   -1489.0161  0.8625 
   00670    0.4500   -1489.3807  0.8618 
   00671    0.4675   -1489.0432  0.8630 
   00672    0.4375   -1487.0327  0.8628 
   00673    0.4875   -1484.3338  0.8620 
   00674    0.4775   -1485.3692  0.8628 
   00675    0.4575   -1485.7217  0.8631 
   00676    0.4850   -1486.8741  0.8666 
   00677    0.4075   -1487.7412  0.8666 
   00678    0.4700   -1487.7640  0.8671 
   00679    0.4800   -1485.8973  0.8633 
   00680    0.4375   -1485.4742  0.8619 
   00681    0.4225   -1482.1014  0.8604 
   00682    0.4575   -1481.3053  0.8597 
   00683    0.4675   -1483.2388  0.8611 
   00684    0.4450   -1481.1093  0.8609 
   00685    0.4475   -1484.7095  0.8629 
   00686    0.5425   -1483.3032  0.8614 
   00687    0.5075   -1482.1939  0.8597 
   00688    0.5125   -1483.9116  0.8608 
   00689    0.4525   -1484.1559  0.8612 
   00690    0.4975   -1486.1672  0.8641 
   00691    0.4950   -1488.8477  0.8644 
   00692    0.4075   -1486.8021  0.8634 
   00693    0.4925   -1487.1891  0.8617 
   00694    0.4800   -1484.5289  0.8643 
   00695    0.4425   -1480.6859  0.8650 
   00696    0.4550   -1480.5671  0.8645 
   00697    0.4825   -1481.7295  0.8661 
   00698    0.4675   -1481.2617  0.8670 
   00699    0.4300   -1481.5691  0.8665 
   00700    0.4175   -1483.5529  0.8712 
   00701    0.4400   -1483.1536  0.8703 
   00702    0.4750   -1482.4221  0.8708 
   00703    0.4800   -1484.6620  0.8717 
   00704    0.4050   -1483.7418  0.8699 
   00705    0.4575   -1487.5162  0.8719 
   00706    0.4925   -1487.8164  0.8692 
   00707    0.4450   -1489.4446  0.8706 
   00708    0.5025   -1488.7066  0.8726 
   00709    0.4500   -1487.7610  0.8716 
   00710    0.4800   -1485.1541  0.8691 
   00711    0.5075   -1483.8037  0.8686 
   00712    0.4775   -1484.2085  0.8688 
   00713    0.4950   -1484.3882  0.8664 
   00714    0.4800   -1484.8612  0.8657 
   00715    0.4875   -1483.0105  0.8641 
   00716    0.4600   -1483.6390  0.8675 
   00717    0.4550   -1482.9657  0.8668 
   00718    0.4800   -1484.7716  0.8697 
   00719    0.4725   -1485.0949  0.8705 
   00720    0.4675   -1484.3640  0.8701 
   00721    0.4550   -1482.9936  0.8713 
   00722    0.4925   -1483.5640  0.8728 
   00723    0.4975   -1482.6664  0.8732 
   00724    0.4275   -1481.7357  0.8726 
   00725    0.4825   -1481.3615  0.8722 
   00726    0.4925   -1482.8143  0.8695 
   00727    0.4925   -1485.8747  0.8703 
   00728    0.4575   -1486.5746  0.8704 
   00729    0.5025   -1486.6643  0.8710 
   00730    0.4125   -1487.9933  0.8728 
   00731    0.4625   -1487.2412  0.8742 
   00732    0.4600   -1486.3314  0.8720 
   00733    0.4475   -1487.7232  0.8742 
   00734    0.4950   -1487.0304  0.8742 
   00735    0.4875   -1487.4632  0.8748 
   00736    0.4625   -1489.7298  0.8761 
   00737    0.4650   -1489.4788  0.8763 
   00738    0.4525   -1488.5289  0.8777 
   00739    0.4350   -1489.3141  0.8770 
   00740    0.4950   -1488.7421  0.8766 
   00741    0.4450   -1487.7610  0.8757 
   00742    0.5075   -1487.2941  0.8757 
   00743    0.4375   -1488.4176  0.8763 
   00744    0.4575   -1489.7780  0.8758 
   00745    0.4850   -1491.6382  0.8766 
   00746    0.4375   -1492.7441  0.8748 
   00747    0.5075   -1493.0266  0.8739 
   00748    0.4375   -1491.4439  0.8744 
   00749    0.4900   -1490.3614  0.8739 
   00750    0.5400   -1493.0007  0.8738 
   00751    0.4700   -1494.5656  0.8736 
   00752    0.4200   -1494.3368  0.8749 
   00753    0.5100   -1491.4380  0.8732 
   00754    0.5000   -1491.6256  0.8739 
   00755    0.4700   -1491.1420  0.8737 
   00756    0.4475   -1490.5104  0.8755 
   00757    0.4725   -1490.9710  0.8751 
   00758    0.4575   -1491.0794  0.8725 
   00759    0.4775   -1489.1242  0.8723 
   00760    0.4150   -1488.1130  0.8717 
   00761    0.5200   -1486.4225  0.8732 
   00762    0.4725   -1486.9732  0.8730 
   00763    0.4950   -1485.7662  0.8725 
   00764    0.4975   -1482.0613  0.8711 
   00765    0.4875   -1482.9777  0.8699 
   00766    0.4725   -1483.1219  0.8700 
   00767    0.4750   -1482.8465  0.8701 
   00768    0.4375   -1486.2496  0.8722 
   00769    0.4425   -1488.0171  0.8739 
   00770    0.4700   -1486.8195  0.8727 
   00771    0.4425   -1486.5459  0.8728 
   00772    0.4375   -1485.3876  0.8740 
   00773    0.5075   -1485.6028  0.8765 
   00774    0.4075   -1481.2242  0.8760 
   00775    0.5125   -1483.1025  0.8725 
   00776    0.4850   -1486.6298  0.8720 
   00777    0.4750   -1486.2652  0.8731 
   00778    0.4300   -1483.4142  0.8727 
   00779    0.5000   -1483.1771  0.8751 
   00780    0.5075   -1481.5989  0.8730 
   00781    0.4850   -1481.5953  0.8747 
   00782    0.4475   -1481.9030  0.8751 
   00783    0.4575   -1484.0407  0.8744 
   00784    0.4550   -1485.8115  0.8761 
   00785    0.4625   -1484.5144  0.8772 
   00786    0.4675   -1485.2747  0.8764 
   00787    0.4425   -1484.7941  0.8765 
   00788    0.4375   -1486.5278  0.8763 
   00789    0.4925   -1488.4824  0.8759 
   00790    0.4525   -1489.7194  0.8770 
   00791    0.4475   -1490.4150  0.8780 
   00792    0.4500   -1488.6713  0.8778 
   00793    0.4700   -1489.0492  0.8776 
   00794    0.4900   -1488.5197  0.8776 
   00795    0.4500   -1488.4213  0.8772 
   00796    0.4600   -1489.5300  0.8784 
   00797    0.4500   -1492.4333  0.8801 
   00798    0.4825   -1488.8652  0.8778 
   00799    0.4575   -1492.2730  0.8775 
   00800    0.4650   -1492.3299  0.8780 
   00801    0.4625   -1491.6900  0.8759 
   00802    0.4150   -1488.9860  0.8728 
   00803    0.4850   -1487.0970  0.8742 
   00804    0.4500   -1486.1323  0.8739 
   00805    0.4650   -1482.1387  0.8725 
   00806    0.4525   -1478.9269  0.8744 
   00807    0.4675   -1480.7765  0.8742 
   00808    0.4775   -1479.7325  0.8737 
   00809    0.4900   -1482.6794  0.8756 
   00810    0.4950   -1480.8566  0.8769 
   00811    0.4525   -1481.8281  0.8760 
   00812    0.4400   -1481.5808  0.8790 
   00813    0.4250   -1482.2367  0.8780 
   00814    0.4375   -1483.7222  0.8776 
   00815    0.5025   -1484.1463  0.8788 
   00816    0.5150   -1481.8924  0.8784 
   00817    0.4575   -1480.6141  0.8778 
   00818    0.4625   -1485.8200  0.8783 
   00819    0.4575   -1488.4462  0.8792 
   00820    0.4700   -1493.9252  0.8818 
   00821    0.5000   -1493.7251  0.8808 
   00822    0.4800   -1493.0237  0.8795 
   00823    0.4275   -1491.1973  0.8797 
   00824    0.4600   -1491.3727  0.8796 
   00825    0.4450   -1492.1655  0.8787 
   00826    0.4300   -1491.3519  0.8774 
   00827    0.5025   -1488.3813  0.8767 
   00828    0.4625   -1490.5887  0.8747 
   00829    0.4250   -1490.4519  0.8741 
   00830    0.4125   -1488.8586  0.8728 
   00831    0.4850   -1490.7775  0.8737 
   00832    0.4525   -1490.9178  0.8704 
   00833    0.4025   -1489.8594  0.8710 
   00834    0.4350   -1490.7707  0.8711 
   00835    0.4425   -1493.7696  0.8728 
   00836    0.4500   -1492.7925  0.8738 
   00837    0.4900   -1491.7780  0.8728 
   00838    0.4550   -1494.5792  0.8724 
   00839    0.4700   -1492.5458  0.8737 
   00840    0.4425   -1493.6220  0.8730 
   00841    0.4550   -1493.0068  0.8775 
   00842    0.4875   -1492.9632  0.8782 
   00843    0.3750   -1492.1024  0.8788 
   00844    0.4850   -1491.7090  0.8793 
   00845    0.4575   -1490.7256  0.8770 
   00846    0.4675   -1492.5716  0.8772 
   00847    0.4575   -1492.3561  0.8754 
   00848    0.4225   -1490.1965  0.8751 
   00849    0.4700   -1490.5400  0.8749 
   00850    0.4325   -1489.1299  0.8746 
   00851    0.4725   -1485.4072  0.8751 
   00852    0.4750   -1485.6762  0.8753 
   00853    0.4700   -1485.2803  0.8772 
   00854    0.4575   -1487.0265  0.8781 
   00855    0.4900   -1488.3539  0.8799 
   00856    0.4800   -1486.1774  0.8793 
   00857    0.4750   -1490.5744  0.8800 
   00858    0.4275   -1491.1166  0.8805 
   00859    0.4475   -1493.7811  0.8798 
   00860    0.4600   -1492.0349  0.8783 
   00861    0.4850   -1496.6241  0.8786 
   00862    0.4900   -1494.9172  0.8775 
   00863    0.4700   -1492.4229  0.8754 
   00864    0.4275   -1493.4150  0.8767 
   00865    0.4700   -1493.6950  0.8784 
   00866    0.4500   -1495.3197  0.8777 
   00867    0.4400   -1496.6529  0.8801 
   00868    0.4550   -1494.1540  0.8778 
   00869    0.4900   -1495.1947  0.8773 
   00870    0.4375   -1493.0397  0.8778 
   00871    0.4725   -1492.3761  0.8787 
   00872    0.4550   -1492.8873  0.8772 
   00873    0.4075   -1492.9113  0.8788 
   00874    0.4950   -1494.8554  0.8803 
   00875    0.4525   -1493.2003  0.8796 
   00876    0.4725   -1491.3895  0.8784 
   00877    0.4675   -1490.3308  0.8784 
   00878    0.4575   -1486.2921  0.8783 
   00879    0.4650   -1488.4643  0.8784 
   00880    0.5100   -1487.6379  0.8784 
   00881    0.4625   -1489.4390  0.8757 
   00882    0.4750   -1489.0618  0.8751 
   00883    0.5000   -1489.9727  0.8740 
   00884    0.4350   -1493.8632  0.8792 
   00885    0.4350   -1495.7747  0.8820 
   00886    0.4875   -1494.0467  0.8834 
   00887    0.5300   -1492.6554  0.8838 
   00888    0.4875   -1494.6784  0.8865 
   00889    0.4950   -1495.6414  0.8865 
   00890    0.4625   -1493.4777  0.8868 
   00891    0.4125   -1496.7845  0.8856 
   00892    0.4675   -1492.5519  0.8871 
   00893    0.4700   -1491.4147  0.8864 
   00894    0.4775   -1490.5379  0.8886 
   00895    0.4325   -1491.5430  0.8895 
   00896    0.4400   -1490.2334  0.8895 
   00897    0.4300   -1495.4713  0.8910 
   00898    0.5100   -1498.1325  0.8930 
   00899    0.4650   -1496.6341  0.8924 
   00900    0.4850   -1494.5274  0.8927 
   00901    0.4800   -1492.2372  0.8934 
   00902    0.4450   -1491.2862  0.8938 
   00903    0.4625   -1492.3324  0.8937 
   00904    0.4850   -1491.7463  0.8949 
   00905    0.4175   -1492.8453  0.8936 
   00906    0.4250   -1496.2981  0.8937 
   00907    0.4550   -1494.3943  0.8933 
   00908    0.4800   -1495.1630  0.8942 
   00909    0.4450   -1495.4980  0.8918 
   00910    0.4400   -1497.0097  0.8917 
   00911    0.4500   -1494.7554  0.8893 
   00912    0.4575   -1498.1084  0.8906 
   00913    0.4125   -1495.1769  0.8894 
   00914    0.4825   -1491.2265  0.8883 
   00915    0.4575   -1488.5615  0.8876 
   00916    0.4975   -1490.1445  0.8884 
   00917    0.4800   -1489.3485  0.8878 
   00918    0.4800   -1489.3416  0.8897 
   00919    0.4050   -1488.2858  0.8896 
   00920    0.4700   -1488.1977  0.8898 
   00921    0.4625   -1488.9330  0.8905 
   00922    0.4525   -1488.0844  0.8891 
   00923    0.4600   -1487.0024  0.8887 
   00924    0.4400   -1487.7127  0.8898 
   00925    0.4800   -1487.6838  0.8894 
   00926    0.4575   -1487.6597  0.8900 
   00927    0.4850   -1486.6028  0.8899 
   00928    0.4150   -1486.7846  0.8904 
   00929    0.5075   -1484.6733  0.8894 
   00930    0.4400   -1483.2577  0.8890 
   00931    0.4675   -1484.0792  0.8908 
   00932    0.4350   -1485.5211  0.8907 
   00933    0.4900   -1487.7053  0.8907 
   00934    0.4675   -1488.6454  0.8917 
   00935    0.4900   -1486.1523  0.8901 
   00936    0.4600   -1488.9100  0.8899 
   00937    0.4850   -1487.0117  0.8887 
   00938    0.5175   -1486.3346  0.8873 
   00939    0.4800   -1488.5083  0.8869 
   00940    0.4400   -1489.2386  0.8861 
   00941    0.4800   -1487.7209  0.8865 
   00942    0.4925   -1486.6840  0.8881 
   00943    0.4400   -1488.2926  0.8893 
   00944    0.4700   -1487.4021  0.8896 
   00945    0.4625   -1486.5377  0.8887 
   00946    0.4375   -1485.4268  0.8869 
   00947    0.4625   -1487.0975  0.8870 
   00948    0.4675   -1488.4130  0.8857 
   00949    0.4500   -1486.3859  0.8846 
   00950    0.4550   -1484.5978  0.8854 
   00951    0.4750   -1485.7479  0.8866 
   00952    0.4600   -1486.2769  0.8870 
   00953    0.4575   -1485.6916  0.8862 
   00954    0.5225   -1482.7768  0.8861 
   00955    0.4725   -1481.6732  0.8873 
   00956    0.4525   -1481.3318  0.8872 
   00957    0.4625   -1481.2527  0.8842 
   00958    0.4400   -1481.5863  0.8845 
   00959    0.4700   -1480.0469  0.8822 
   00960    0.4775   -1479.6591  0.8814 
   00961    0.4375   -1478.2206  0.8796 
   00962    0.4575   -1481.4384  0.8819 
   00963    0.4950   -1482.1306  0.8802 
   00964    0.4950   -1484.1174  0.8798 
   00965    0.4375   -1484.1280  0.8802 
   00966    0.4600   -1485.3357  0.8831 
   00967    0.4500   -1484.3077  0.8822 
   00968    0.4775   -1484.1448  0.8820 
   00969    0.4775   -1486.9425  0.8832 
   00970    0.4475   -1483.6035  0.8826 
   00971    0.4725   -1481.4347  0.8817 
   00972    0.4775   -1481.8307  0.8792 
   00973    0.5175   -1479.2726  0.8784 
   00974    0.4725   -1481.9255  0.8796 
   00975    0.4675   -1483.4828  0.8812 
   00976    0.5100   -1484.8418  0.8819 
   00977    0.4600   -1482.0638  0.8829 
   00978    0.4625   -1481.0610  0.8831 
   00979    0.4675   -1481.7831  0.8831 
   00980    0.4400   -1479.4210  0.8807 
   00981    0.4400   -1478.8709  0.8798 
   00982    0.4675   -1478.7142  0.8812 
   00983    0.4875   -1477.7625  0.8811 
   00984    0.4950   -1479.0970  0.8816 
   00985    0.4675   -1478.3310  0.8814 
   00986    0.4275   -1478.8715  0.8834 
   00987    0.4775   -1480.4596  0.8830 
   00988    0.4550   -1478.8285  0.8819 
   00989    0.4475   -1479.9234  0.8822 
   00990    0.4500   -1482.2169  0.8855 
   00991    0.4725   -1480.9843  0.8856 
   00992    0.4650   -1479.7927  0.8847 
   00993    0.4375   -1479.1498  0.8852 
   00994    0.4850   -1479.8651  0.8820 
   00995    0.4500   -1481.3547  0.8822 
   00996    0.4275   -1477.4275  0.8822 
   00997    0.4525   -1477.6680  0.8815 
   00998    0.5000   -1479.7064  0.8820 
   00999    0.5025   -1479.8101  0.8795 
   01000    0.4925   -1482.8621  0.8836 
