#=====================================================
# File created:        Wed-05-Nov-2025-at-03-27-58AM
# Size of lattice:     20x20
# Number of MC steps:  1000
# Reduced temperature: 0.350
# Run time (s):        1.574493
#=====================================================
# MC step:  Ratio:     Energy:   Order:
#=====================================================
   00000    0.5000    -372.3058  0.3041 
   00001    0.4775    -399.9764  0.3416 
   00002    0.4825    -434.6847  0.3406 
   00003    0.4350    -452.2726  0.3387 
   00004    0.4575    -469.2140  0.3514 
   00005    0.4600    -486.4760  0.3544 
   00006    0.4525    -518.9322  0.3443 
   00007    0.4700    -554.4182  0.3418 
   00008    0.4925    -570.3580  0.3337 
   00009    0.4600    -587.1399  0.3521 
   00010    0.4375    -601.2629  0.3598 
   00011    0.4775    -625.7063  0.3716 
   00012    0.4950    -625.3784  0.3769 
   00013    0.4625    -655.1739  0.3825 
   00014    0.4925    -673.9768  0.3986 
   00015    0.4875    -679.2304  0.4017 
   00016    0.4975    -718.5203  0.4017 
   00017    0.4575    -717.2504  0.3937 
   00018    0.4600    -724.3083  0.3967 
   00019    0.4500    -742.5829  0.3899 
   00020    0.4450    -757.5652  0.3981 
   00021    0.4975    -765.8955  0.3947 
   00022    0.4875    -784.7610  0.4036 
   00023    0.4750    -792.4693  0.4045 
   00024    0.4625    -793.6143  0.4030 
   00025    0.4275    -809.4046  0.4009 
   00026    0.4250    -826.6086  0.4003 
   00027    0.4750    -834.3883  0.3960 
   00028    0.4225    -845.9669  0.4042 
   00029    0.4825    -853.0577  0.4130 
   00030    0.4900    -877.4129  0.4220 
   00031    0.4375    -875.3806  0.4246 
   00032    0.4675    -885.5434  0.4351 
   00033    0.4375    -897.1836  0.4433 
   00034    0.4850    -910.4750  0.4402 
   00035    0.4850    -918.7895  0.4411 
   00036    0.4425    -931.9773  0.4443 
   00037    0.4500    -941.7424  0.4430 
   00038    0.4375    -953.6815  0.4534 
   00039    0.4625    -968.4240  0.4606 
   00040    0.4725    -978.3750  0.4624 
   00041    0.4450    -977.0476  0.4660 
   00042    0.4775    -990.4309  0.4636 
   00043    0.4525    -992.0877  0.4594 
   00044    0.4175   -1000.2537  0.4595 
   00045    0.4125    -999.0606  0.4546 
   00046    0.4875    -998.4752  0.4513 
   00047    0.4525   -1001.7586  0.4542 
   00048    0.4975   -1013.1751  0.4592 
   00049    0.4825   -1026.1101  0.4661 
   00050    0.5100   -1030.4229  0.4660 
   00051    0.4925   -1041.4011  0.4715 
   00052    0.4650   -1046.5029  0.4736 
   00053    0.4650   -1048.8944  0.4794 
   00054    0.4375   -1055.3825  0.4831 
   00055    0.4450   -1056.0007  0.4839 
   00056    0.4725   -1062.5130  0.4847 
   00057    0.4425   -1069.7700  0.4937 
   00058    0.4500   -1081.6070  0.4960 
   00059    0.4750   -1086.2568  0.5016 
   00060    0.4425   -1090.9036  0.4987 
   00061    0.4250   -1088.1675  0.4990 
   00062    0.4625   -1101.2027  0.5004 
   00063    0.4600   -1108.0223  0.5037 
   00064    0.4750   -1125.7239  0.5150 
   00065    0.4650   -1131.1412  0.5173 
   00066    0.4250   -1142.2972  0.5238 
   00067    0.4775   -1142.2191  0.5265 
   00068    0.4625   -1153.0936  0.5316 
   00069    0.4300   -1153.2875  0.5258 
   00070    0.4525   -1160.3792  0.5371 
   00071    0.4450   -1162.4537  0.5414 
   00072    0.4500   -1162.0544  0.5370 
   00073    0.4625   -1164.8833  0.5431 
   00074    0.4275   -1167.3493  0.5440 
   00075    0.4150   -1170.1970  0.5472 
   00076    0.4350   -1174.4114  0.5481 
   00077    0.4325   -1178.2168  0.5493 
   00078    0.4375   -1180.8941  0.5575 
   00079    0.4225   -1181.3201  0.5540 
   00080    0.4575   -1184.9093  0.5565 
   00081    0.4550   -1188.3925  0.5579 
   00082    0.4575   -1185.2140  0.5627 
   00083    0.4400   -1183.3483  0.5648 
   00084    0.4325   -1192.0360  0.5711 
   00085    0.4550   -1197.1299  0.5688 
   00086    0.4625   -1193.0777  0.5705 
   00087    0.4700   -1201.7257  0.5818 
   00088    0.4925   -1204.1653  0.5827 
   00089    0.4700   -1215.6560  0.5828 
   00090    0.4050   -1209.6625  0.5809 
   00091    0.4225   -1208.2487  0.5802 
   00092    0.4400   -1218.4259  0.5824 
   00093    0.4525   -1221.7499  0.5855 
   00094    0.4450   -1228.8972  0.5863 
   00095    0.4750   -1242.1534  0.5867 
   00096    0.4575   -1246.6522  0.5944 
   00097    0.4625   -1245.6143  0.5957 
   00098    0.4400   -1245.5463  0.5980 
   00099    0.4475   -1243.3678  0.5939 
   00100    0.4875   -1237.1392  0.6023 
   00101    0.4450   -1242.2851  0.6040 
   00102    0.4275   -1247.1650  0.6087 
   00103    0.4550   -1246.3152  0.6114 
   00104    0.4600   -1247.9063  0.6129 
   00105    0.4350   -1255.5531  0.6108 
   00106    0.4625   -1254.0976  0.6100 
   00107    0.4650   -1253.5313  0.6099 
   00108    0.4650   -1249.7532  0.6138 
   00109    0.4250   -1246.8814  0.6144 
   00110    0.4725   -1249.7537  0.6187 
   00111    0.4325   -1253.1120  0.6179 
   00112    0.4525   -1253.7995  0.6182 
   00113    0.4825   -1255.2937  0.6174 
   00114    0.4950   -1253.1503  0.6218 
   00115    0.4400   -1254.7014  0.6219 
   00116    0.4225   -1256.7519  0.6202 
   00117    0.4325   -1266.4751  0.6265 
   00118    0.4500   -1271.3060  0.6261 
   00119    0.4375   -1276.6845  0.6320 
   00120    0.4200   -1276.6239  0.6337 
   00121    0.4225   -1278.2766  0.6399 
   00122    0.4750   -1280.6187  0.6408 
   00123    0.4800   -1280.8609  0.6422 
   00124    0.4450   -1282.1745  0.6414 
   00125    0.4075   -1283.1908  0.6442 
   00126    0.4400   -1279.2412  0.6400 
   00127    0.4475   -1285.0307  0.6422 
   00128    0.4575   -1285.4921  0.6486 
   00129    0.4700   -1289.7613  0.6498 
   00130    0.4400   -1287.2255  0.6494 
   00131    0.4025   -1291.7170  0.6514 
   00132    0.4525   -1281.6993  0.6519 
   00133    0.4225   -1283.7166  0.6621 
   00134    0.4275   -1286.9896  0.6636 
   00135    0.4900   -1287.8284  0.6635 
   00136    0.4325   -1292.4128  0.6617 
   00137    0.4825   -1292.3452  0.6604 
   00138    0.4225   -1303.2808  0.6635 
   00139    0.4675   -1305.5479  0.6693 
   00140    0.4325   -1306.4716  0.6688 
   00141    0.4625   -1305.6391  0.6722 
   00142    0.4550   -1308.1551  0.6762 
   00143    0.4250   -1301.2581  0.6744 
   00144    0.4500   -1300.7118  0.6793 
   00145    0.4450   -1303.3218  0.6807 
   00146    0.4300   -1306.2442  0.6835 
   00147    0.4400   -1300.5824  0.6802 
   00148    0.4550   -1302.5566  0.6820 
   00149    0.4300   -1306.0805  0.6841 
   00150    0.4175   -1310.5221  0.6882 
   00151    0.4725   -1310.8923  0.6867 
   00152    0.4725   -1313.1755  0.6870 
   00153    0.4600   -1320.1689  0.6972 
   00154    0.4800   -1319.3771  0.7033 
   00155    0.4300   -1320.9941  0.7036 
   00156    0.4425   -1328.8994  0.7053 
   00157    0.4000   -1323.0833  0.7043 
   00158    0.4225   -1322.8291  0.7048 
   00159    0.4400   -1322.5668  0.7082 
   00160    0.4600   -1323.0166  0.7093 
   00161    0.4650   -1320.6862  0.7136 
   00162    0.4625   -1315.2534  0.7174 
   00163    0.4375   -1317.7933  0.7199 
   00164    0.4625   -1318.8967  0.7172 
   00165    0.4350   -1315.8983  0.7195 
   00166    0.3950   -1313.8693  0.7208 
   00167    0.4275   -1313.6980  0.7213 
   00168    0.4400   -1314.1540  0.7260 
   00169    0.4450   -1317.8426  0.7251 
   00170    0.4575   -1318.4203  0.7217 
   00171    0.4250   -1323.2928  0.7215 
   00172    0.4325   -1327.5757  0.7165 
   00173    0.4800   -1330.7218  0.7207 
   00174    0.4200   -1327.5191  0.7186 
   00175    0.4600   -1325.6909  0.7184 
   00176    0.4500   -1323.2640  0.7203 
   00177    0.3875   -1325.1787  0.7231 
   00178    0.4400   -1330.9875  0.7257 
   00179    0.4550   -1328.9428  0.7319 
   00180    0.4100   -1325.7880  0.7363 
   00181    0.4300   -1327.0947  0.7368 
   00182    0.3975   -1331.1332  0.7412 
   00183    0.4200   -1334.2143  0.7391 
   00184    0.4525   -1335.8573  0.7418 
   00185    0.4775   -1337.3250  0.7452 
   00186    0.4575   -1337.2545  0.7480 
   00187    0.4100   -1337.2394  0.7463 
   00188    0.4575   -1342.4413  0.7518 
   00189    0.4400   -1349.6919  0.7550 
   00190    0.4900   -1348.4271  0.7572 
   00191    0.4725   -1345.3897  0.7568 
   00192    0.4250   -1345.9831  0.7547 
   00193    0.4575   -1345.2333  0.7499 
   00194    0.4000   -1348.7081  0.7503 
   00195    0.4475   -1343.8506  0.7463 
   00196    0.4525   -1340.5767  0.7447 
   00197    0.4575   -1336.2247  0.7413 
   00198    0.4425   -1338.3004  0.7438 
   00199    0.4100   -1340.4714  0.7447 
   00200    0.4150   -1346.1576  0.7520 
   00201    0.4300   -1341.7686  0.7488 
   00202    0.4175   -1348.6334  0.7532 
   00203    0.4300   -1346.1528  0.7533 
   00204    0.4250   -1343.1685  0.7506 
   00205    0.4425   -1347.1199  0.7521 
   00206    0.4425   -1348.4985  0.7546 
   00207    0.4300   -1348.2182  0.7549 
   00208    0.4375   -1346.5724  0.7562 
   00209    0.4200   -1342.8155  0.7570 
   00210    0.4350   -1346.4678  0.7586 
   00211    0.4550   -1349.9523  0.7603 
   00212    0.4800   -1350.6242  0.7617 
   00213    0.4450   -1349.3752  0.7608 
   00214    0.4175   -1345.5556  0.7649 
   00215    0.4825   -1342.8075  0.7643 
   00216    0.4775   -1335.7737  0.7671 
   00217    0.4750   -1343.7623  0.7645 
   00218    0.4700   -1342.4977  0.7615 
   00219    0.4300   -1343.9052  0.7603 
   00220    0.4325   -1345.6224  0.7580 
   00221    0.4650   -1342.9512  0.7576 
   00222    0.5000   -1344.2438  0.7580 
   00223    0.4725   -1343.0518  0.7614 
   00224    0.4500   -1340.7987  0.7648 
   00225    0.4350   -1341.5351  0.7660 
   00226    0.4575   -1340.6495  0.7700 
   00227    0.4500   -1349.6555  0.7717 
   00228    0.4425   -1346.8888  0.7710 
   00229    0.4175   -1347.8168  0.7692 
   00230    0.4375   -1349.5071  0.7708 
   00231    0.4825   -1352.9269  0.7760 
   00232    0.3950   -1354.5327  0.7756 
   00233    0.4325   -1355.7181  0.7777 
   00234    0.4400   -1358.5725  0.7822 
   00235    0.4550   -1363.2226  0.7834 
   00236    0.4600   -1363.0856  0.7840 
   00237    0.4400   -1365.4734  0.7900 
   00238    0.4525   -1365.7678  0.7887 
   00239    0.4900   -1371.6784  0.7977 
   00240    0.4300   -1377.1172  0.7972 
   00241    0.4325   -1375.9777  0.7979 
   00242    0.4125   -1376.7282  0.7973 
   00243    0.4275   -1376.5291  0.8016 
   00244    0.4525   -1376.6201  0.8007 
   00245    0.4625   -1380.4896  0.8022 
   00246    0.4350   -1380.2009  0.8052 
   00247    0.4425   -1382.8122  0.8067 
   00248    0.4050   -1385.4806  0.8069 
   00249    0.4425   -1379.4555  0.8041 
   00250    0.4475   -1380.9032  0.8029 
   00251    0.4400   -1383.6552  0.8015 
   00252    0.4875   -1380.0926  0.7991 
   00253    0.4100   -1379.7148  0.8003 
   00254    0.4450   -1381.9136  0.8008 
   00255    0.4675   -1378.1028  0.7929 
   00256    0.4050   -1376.0944  0.7929 
   00257    0.4525   -1378.4200  0.7946 
   00258    0.4825   -1377.3008  0.7885 
   00259    0.4625   -1370.6752  0.7891 
   00260    0.4725   -1369.3548  0.7874 
   00261    0.4475   -1370.9729  0.7865 
   00262    0.4650   -1374.3102  0.7874 
   00263    0.4325   -1373.2431  0.7879 
   00264    0.4875   -1375.0656  0.7876 
   00265    0.4375   -1377.3577  0.7871 
   00266    0.4400   -1377.0936  0.7873 
   00267    0.4200   -1380.4891  0.7892 
   00268    0.4175   -1379.7996  0.7876 
   00269    0.4075   -1378.4598  0.7879 
   00270    0.4125   -1382.7475  0.7879 
   00271    0.4800   -1387.7789  0.7925 
   00272    0.4125   -1392.9238  0.7933 
   00273    0.4075   -1390.8851  0.7925 
   00274    0.4250   -1391.6635  0.7951 
   00275    0.4675   -1395.2542  0.7956 
   00276    0.4100   -1392.2408  0.7962 
   00277    0.4475   -1392.9555  0.7984 
   00278    0.4375   -1392.4540  0.7988 
   00279    0.4725   -1391.4990  0.7950 
   00280    0.4800   -1391.9294  0.7931 
   00281    0.4300   -1393.4025  0.7978 
   00282    0.4350   -1386.3039  0.7977 
   00283    0.4450   -1388.1116  0.7975 
   00284    0.4625   -1383.6995  0.7947 
   00285    0.4550   -1382.0689  0.7945 
   00286    0.4850   -1385.3759  0.7980 
   00287    0.4425   -1386.7273  0.7995 
   00288    0.4450   -1386.5189  0.7998 
   00289    0.4750   -1390.2692  0.8039 
   00290    0.4450   -1392.6660  0.8070 
   00291    0.4325   -1390.1116  0.8077 
   00292    0.3875   -1391.8688  0.8081 
   00293    0.4100   -1391.3243  0.8090 
   00294    0.4400   -1393.1049  0.8102 
   00295    0.4200   -1392.8746  0.8123 
   00296    0.4300   -1396.3274  0.8125 
   00297    0.4050   -1396.1343  0.8135 
   00298    0.4250   -1395.7098  0.8141 
   00299    0.4400   -1399.8122  0.8128 
   00300    0.4225   -1397.3231  0.8107 
   00301    0.4100   -1400.9828  0.8114 
   00302    0.4650   -1402.2361  0.8090 
   00303    0.4125   -1402.5817  0.8095 
   00304    0.4525   -1398.5210  0.8106 
   00305    0.4400   -1397.9945  0.8108 
   00306    0.4150   -1399.2205  0.8072 
   00307    0.4050   -1395.7309  0.8083 
   00308    0.4275   -1397.9260  0.8097 
   00309    0.4525   -1400.3664  0.8089 
   00310    0.4275   -1400.8960  0.8106 
   00311    0.4675   -1398.5372  0.8136 
   00312    0.4875   -1404.5572  0.8172 
   00313    0.4925   -1403.2466  0.8135 
   00314    0.4550   -1403.5325  0.8109 
   00315    0.4700   -1407.2556  0.8179 
   00316    0.4350   -1409.7056  0.8210 
   00317    0.4425   -1408.9131  0.8192 
   00318    0.4300   -1409.3352  0.8196 
   00319    0.4275   -1411.5415  0.8174 
   00320    0.4025   -1409.2112  0.8161 
   00321    0.4625   -1414.0129  0.8142 
   00322    0.4150   -1413.2892  0.8152 
   00323    0.4875   -1415.8081  0.8209 
   00324    0.4025   -1414.3412  0.8238 
   00325    0.4100   -1418.0818  0.8268 
   00326    0.3975   -1417.0359  0.8287 
   00327    0.4250   -1413.9777  0.8285 
   00328    0.4425   -1418.8255  0.8269 
   00329    0.3750   -1421.5964  0.8327 
   00330    0.4000   -1425.1577  0.8345 
   00331    0.4350   -1422.4419  0.8354 
   00332    0.4500   -1419.1520  0.8353 
   00333    0.4375   -1419.6971  0.8359 
   00334    0.4275   -1418.8757  0.8329 
   00335    0.4525   -1423.8817  0.8336 
   00336    0.3675   -1419.6833  0.8333 
   00337    0.4375   -1418.2823  0.8342 
   00338    0.4500   -1416.6830  0.8335 
   00339    0.3800   -1422.6092  0.8343 
   00340    0.4825   -1418.3412  0.8335 
   00341    0.4300   -1421.2624  0.8381 
   00342    0.4125   -1414.1558  0.8338 
   00343    0.4725   -1413.5999  0.8291 
   00344    0.4775   -1412.9966  0.8301 
   00345    0.4750   -1411.5697  0.8308 
   00346    0.4900   -1410.9882  0.8286 
   00347    0.4325   -1412.8440  0.8310 
   00348    0.4550   -1410.0995  0.8332 
   00349    0.4675   -1409.3599  0.8323 
   00350    0.5025   -1407.3078  0.8342 
   00351    0.4500   -1403.6895  0.8340 
   00352    0.4150   -1403.6013  0.8307 
   00353    0.4225   -1407.9194  0.8327 
   00354    0.4275   -1401.3323  0.8322 
   00355    0.4075   -1403.0920  0.8331 
   00356    0.4350   -1405.4962  0.8346 
   00357    0.3825   -1407.6134  0.8368 
   00358    0.4425   -1414.5843  0.8379 
   00359    0.4300   -1418.9593  0.8381 
   00360    0.4475   -1418.2596  0.8340 
   00361    0.3900   -1422.2558  0.8341 
   00362    0.4400   -1419.4524  0.8317 
   00363    0.4750   -1416.9700  0.8343 
   00364    0.4500   -1419.5967  0.8313 
   00365    0.4175   -1416.2875  0.8301 
   00366    0.4325   -1416.4515  0.8290 
   00367    0.4600   -1419.8310  0.8319 
   00368    0.4200   -1420.2900  0.8385 
   00369    0.4575   -1420.2078  0.8377 
   00370    0.4675   -1420.3081  0.8379 
   00371    0.4125   -1420.5316  0.8350 
   00372    0.4200   -1421.6816  0.8379 
   00373    0.4250   -1419.4756  0.8405 
   00374    0.4250   -1421.1366  0.8390 
   00375    0.4075   -1423.3767  0.8374 
   00376    0.4700   -1424.9813  0.8390 
   00377    0.4625   -1421.9673  0.8362 
   00378    0.4125   -1421.3953  0.8360 
   00379    0.4175   -1419.6267  0.8374 
   00380    0.4625   -1422.4935  0.8366 
   00381    0.4325   -1423.2446  0.8397 
   00382    0.4325   -1423.4932  0.8349 
   00383    0.4500   -1419.6756  0.8323 
   00384    0.4500   -1417.9811  0.8278 
   00385    0.4450   -1421.4161  0.8292 
   00386    0.4350   -1419.1223  0.8277 
   00387    0.4675   -1422.4881  0.8291 
   00388    0.4025   -1419.0435  0.8298 
   00389    0.4750   -1416.5242  0.8322 
   00390    0.3850   -1422.9725  0.8322 
   00391    0.3950   -1419.5540  0.8324 
   00392    0.4675   -1413.5751  0.8304 
   00393    0.4325   -1416.6412  0.8286 
   00394    0.4600   -1416.2109  0.8302 
   00395    0.4500   -1421.5424  0.8339 
   00396    0.4425   -1418.5096  0.8340 
   00397    0.4075   -1417.2042  0.8318 
   00398    0.4425   -1420.5814  0.8310 
   00399    0.4100   -1427.0831  0.8310 
   00400    0.4625   -1421.2367  0.8273 
   00401    0.4675   -1422.4599  0.8272 
   00402    0.4925   -1422.4948  0.8267 
   00403    0.4425   -1417.9583  0.8217 
   00404    0.4225   -1417.3628  0.8217 
   00405    0.4500   -1421.5510  0.8199 
   00406    0.4125   -1416.1391  0.8187 
   00407    0.4350   -1413.6315  0.8173 
   00408    0.4950   -1414.6608  0.8131 
   00409    0.4700   -1418.5000  0.8161 
   00410    0.4775   -1417.6420  0.8167 
   00411    0.4575   -1418.1344  0.8171 
   00412    0.4500   -1415.8088  0.8192 
   00413    0.4325   -1414.5986  0.8232 
   00414    0.4525   -1411.7211  0.8240 
   00415    0.4550   -1407.0754  0.8250 
   00416    0.4025   -1411.3180  0.8224 
   00417    0.4400   -1404.0414  0.8215 
   00418    0.4075   -1409.5446  0.8214 
   00419    0.4400   -1408.5717  0.8193 
   00420    0.4550   -1414.7997  0.8215 
   00421    0.4500   -1414.4491  0.8193 
   00422    0.4375   -1418.5095  0.8245 
   00423    0.4725   -1410.9476  0.8240 
   00424    0.4300   -1411.2917  0.8248 
   00425    0.4325   -1415.3302  0.8248 
   00426    0.4400   -1412.6585  0.8196 
   00427    0.4250   -1408.3516  0.8169 
   00428    0.4375   -1409.6416  0.8180 
   00429    0.4375   -1412.2823  0.8144 
   00430    0.4625   -1414.1123  0.8190 
   00431    0.4175   -1414.3457  0.8179 
   00432    0.4775   -1409.3017  0.8171 
   00433    0.4400   -1409.7257  0.8157 
   00434    0.4650   -1405.8066  0.8107 
   00435    0.4575   -1405.0543  0.8130 
   00436    0.4500   -1408.9562  0.8160 
   00437    0.4500   -1405.8304  0.8156 
   00438    0.4200   -1404.4742  0.8108 
   00439    0.4550   -1403.8575  0.8076 
   00440    0.4525   -1403.3919  0.8067 
   00441    0.4200   -1409.4067  0.8082 
   00442    0.4100   -1410.7897  0.8099 
   00443    0.3950   -1407.7200  0.8081 
   00444    0.4375   -1406.2934  0.8082 
   00445    0.4950   -1405.4304  0.8091 
   00446    0.3825   -1404.5541  0.8081 
   00447    0.4425   -1407.3415  0.8106 
   00448    0.4550   -1407.7095  0.8131 
   00449    0.4400   -1404.3912  0.8137 
   00450    0.4550   -1402.5998  0.8168 
   00451    0.4575   -1402.0924  0.8172 
   00452    0.4050   -1399.8127  0.8160 
   00453    0.4575   -1403.2416  0.8147 
   00454    0.4325   -1404.0660  0.8142 
   00455    0.4500   -1404.5650  0.8111 
   00456    0.4350   -1402.2508  0.8062 
   00457    0.4775   -1404.1792  0.8076 
   00458    0.4300   -1396.8142  0.8053 
   00459    0.4350   -1404.0022  0.8115 
   00460    0.4425   -1396.3237  0.8073 
   00461    0.4875   -1393.9912  0.8059 
   00462    0.4200   -1394.7232  0.8043 
   00463    0.4575   -1389.0817  0.8016 
   00464    0.4475   -1391.1635  0.8013 
   00465    0.4475   -1390.1324  0.7995 
   00466    0.4625   -1390.7563  0.7968 
   00467    0.4300   -1389.5993  0.7950 
   00468    0.4550   -1392.5804  0.7926 
   00469    0.3950   -1395.5286  0.7953 
   00470    0.4500   -1393.5410  0.7968 
   00471    0.4225   -1393.7871  0.7967 
   00472    0.4325   -1393.7954  0.7973 
   00473    0.4575   -1394.3625  0.7955 
   00474    0.4325   -1395.6206  0.7959 
   00475    0.4350   -1390.8806  0.8006 
   00476    0.5050   -1390.1329  0.8000 
   00477    0.4400   -1392.0347  0.7979 
   00478    0.4600   -1396.4548  0.8033 
   00479    0.4225   -1401.6059  0.8060 
   00480    0.4675   -1397.5286  0.8046 
   00481    0.4600   -1397.4815  0.8039 
   00482    0.4575   -1392.6250  0.8044 
   00483    0.4275   -1391.4975  0.8055 
   00484    0.4675   -1399.2853  0.8099 
   00485    0.4500   -1400.9479  0.8106 
   00486    0.4400   -1402.4203  0.8096 
   00487    0.4600   -1396.8111  0.8066 
   00488    0.3625   -1393.8215  0.8077 
   00489    0.4125   -1396.4878  0.8093 
   00490    0.4775   -1394.4663  0.8119 
   00491    0.4225   -1394.9279  0.8165 
   00492    0.4125   -1395.2632  0.8186 
   00493    0.4350   -1398.9305  0.8150 
   00494    0.4425   -1399.1164  0.8170 
   00495    0.4300   -1395.7366  0.8161 
   00496    0.4425   -1396.2278  0.8189 
   00497    0.4575   -1399.3032  0.8193 
   00498    0.4425   -1402.5529  0.8174 
   00499    0.4125   -1402.0464  0.8167 
   00500    0.4325   -1399.7693  0.8163 
   00501    0.3950   -1398.2541  0.8151 
   00502    0.4000   -1398.0124  0.8144 
   00503    0.4225   -1398.7955  0.8150 
   00504    0.4850   -1399.4995  0.8147 
   00505    0.4250   -1397.1470  0.8141 
   00506    0.4675   -1402.6952  0.8149 
   00507    0.4000   -1401.0603  0.8165 
   00508    0.4400   -1397.1397  0.8151 
   00509    0.4200   -1399.5832  0.8172 
   00510    0.3875   -1398.9788  0.8167 
   00511    0.4600   -1398.2249  0.8140 
   00512    0.4550   -1399.6197  0.8124 
   00513    0.4450   -1398.6892  0.8112 
   00514    0.4650   -1399.6530  0.8110 
   00515    0.4375   -1401.4297  0.8168 
   00516    0.3925   -1402.2544  0.8156 
   00517    0.4975   -1403.2200  0.8169 
   00518    0.4550   -1403.6488  0.8182 
   00519    0.4550   -1410.3809  0.8183 
   00520    0.4075   -1412.7952  0.8162 
   00521    0.4500   -1410.7598  0.8184 
   00522    0.4125   -1409.4349  0.8180 
   00523    0.4300   -1409.3270  0.8139 
   00524    0.4325   -1403.9074  0.8120 
   00525    0.4075   -1406.3173  0.8125 
   00526    0.4525   -1403.2282  0.8116 
   00527    0.4175   -1395.1820  0.8131 
   00528    0.4750   -1394.4889  0.8155 
   00529    0.4125   -1389.4046  0.8136 
   00530    0.4175   -1398.2539  0.8151 
   00531    0.4100   -1399.2642  0.8149 
   00532    0.4100   -1400.1902  0.8185 
   00533    0.4125   -1399.3679  0.8198 
   00534    0.4550   -1400.7178  0.8204 
   00535    0.4475   -1399.1166  0.8207 
   00536    0.3675   -1403.1874  0.8222 
   00537    0.3900   -1403.7424  0.8228 
   00538    0.4525   -1405.9715  0.8256 
   00539    0.4625   -1410.4265  0.8265 
   00540    0.4175   -1410.0312  0.8279 
   00541    0.4150   -1408.0364  0.8304 
   00542    0.4925   -1406.9487  0.8296 
   00543    0.4475   -1406.7969  0.8306 
   00544    0.4800   -1405.7931  0.8316 
   00545    0.4800   -1407.0489  0.8310 
   00546    0.4300   -1399.4263  0.8249 
   00547    0.4325   -1399.0385  0.8243 
   00548    0.4025   -1399.9363  0.8212 
   00549    0.3975   -1400.1247  0.8214 
   00550    0.4400   -1401.0816  0.8218 
   00551    0.4625   -1400.1301  0.8238 
   00552    0.4225   -1405.1487  0.8258 
   00553    0.4425   -1407.6717  0.8272 
   00554    0.3800   -1408.4693  0.8293 
   00555    0.4175   -1406.2937  0.8290 
   00556    0.4375   -1409.3165  0.8286 
   00557    0.4575   -1408.1481  0.8308 
   00558    0.4125   -1409.2541  0.8303 
   00559    0.4400   -1411.8108  0.8292 
   00560    0.4500   -1412.0810  0.8294 
   00561    0.4500   -1407.3354  0.8316 
   00562    0.4400   -1410.1596  0.8329 
   00563    0.4350   -1413.9190  0.8320 
   00564    0.4375   -1415.5153  0.8323 
   00565    0.4575   -1414.3416  0.8328 
   00566    0.4050   -1414.8303  0.8289 
   00567    0.4200   -1413.8238  0.8319 
   00568    0.4175   -1417.4275  0.8345 
   00569    0.4000   -1414.3502  0.8365 
   00570    0.4600   -1415.7578  0.8335 
   00571    0.4675   -1411.8191  0.8366 
   00572    0.4450   -1415.6744  0.8362 
   00573    0.4275   -1412.9541  0.8361 
   00574    0.4525   -1409.6412  0.8358 
   00575    0.4575   -1406.5905  0.8328 
   00576    0.4475   -1405.9345  0.8322 
   00577    0.4300   -1405.2345  0.8340 
   00578    0.4425   -1414.1944  0.8344 
   00579    0.4125   -1413.6412  0.8326 
   00580    0.4425   -1415.7665  0.8334 
   00581    0.4500   -1422.1523  0.8347 
   00582    0.4425   -1419.1317  0.8352 
   00583    0.3800   -1414.1455  0.8342 
   00584    0.4475   -1416.8201  0.8321 
   00585    0.4200   -1419.7016  0.8313 
   00586    0.3700   -1416.6657  0.8286 
   00587    0.4400   -1412.9295  0.8246 
   00588    0.4150   -1410.0953  0.8252 
   00589    0.3950   -1411.0155  0.8224 
   00590    0.4375   -1411.3953  0.8229 
   00591    0.4800   -1408.5368  0.8216 
   00592    0.4325   -1408.0819  0.8225 
   00593    0.4450   -1407.9280  0.8210 
   00594    0.4200   -1407.3792  0.8214 
   00595    0.4600   -1403.2513  0.8173 
   00596    0.4525   -1403.5336  0.8191 
   00597    0.3975   -1399.5082  0.8150 
   00598    0.4000   -1395.7440  0.8149 
   00599    0.4500   -1391.7779  0.8137 
   00600    0.5000   -1395.6069  0.8147 
   00601    0.4225   -1404.4862  0.8180 
   00602    0.4325   -1407.3361  0.8158 
   00603    0.4025   -1410.9562  0.8157 
   00604    0.4250   -1415.5087  0.8190 
   00605    0.4425   -1417.1883  0.8188 
   00606    0.4250   -1414.7716  0.8189 
   00607    0.4475   -1414.6592  0.8218 
   00608    0.4950   -1414.2834  0.8216 
   00609    0.3800   -1417.0192  0.8219 
   00610    0.4425   -1416.4009  0.8253 
   00611    0.3850   -1418.0678  0.8240 
   00612    0.3925   -1416.7633  0.8236 
   00613    0.3925   -1413.0368  0.8211 
   00614    0.3950   -1411.8714  0.8189 
   00615    0.4150   -1418.4604  0.8206 
   00616    0.3900   -1413.3009  0.8228 
   00617    0.4775   -1405.7224  0.8261 
   00618    0.4275   -1404.9182  0.8272 
   00619    0.4250   -1405.6339  0.8266 
   00620    0.4475   -1406.4434  0.8263 
   00621    0.4575   -1404.3954  0.8249 
   00622    0.4725   -1401.7311  0.8250 
   00623    0.4975   -1395.6142  0.8279 
   00624    0.4200   -1403.6860  0.8274 
   00625    0.4200   -1402.6554  0.8266 
   00626    0.4450   -1400.5663  0.8262 
   00627    0.4250   -1399.3365  0.8268 
   00628    0.4550   -1400.2008  0.8287 
   00629    0.4225   -1396.6478  0.8245 
   00630    0.4375   -1398.7237  0.8276 
   00631    0.4200   -1402.0154  0.8282 
   00632    0.4400   -1398.0997  0.8267 
   00633    0.4550   -1398.5616  0.8274 
   00634    0.4375   -1398.8714  0.8296 
   00635    0.4525   -1396.2608  0.8274 
   00636    0.4375   -1390.2073  0.8224 
   00637    0.4850   -1387.4297  0.8209 
   00638    0.4350   -1382.3615  0.8181 
   00639    0.4550   -1381.5783  0.8207 
   00640    0.4350   -1384.7364  0.8232 
   00641    0.4650   -1386.9780  0.8252 
   00642    0.4550   -1382.6018  0.8228 
   00643    0.4200   -1386.9987  0.8213 
   00644    0.4500   -1386.9138  0.8224 
   00645    0.4275   -1386.2485  0.8203 
   00646    0.3875   -1381.2844  0.8198 
   00647    0.4300   -1382.5644  0.8227 
   00648    0.4375   -1385.2582  0.8229 
   00649    0.4375   -1383.9467  0.8221 
   00650    0.4325   -1379.5160  0.8197 
   00651    0.4000   -1376.0221  0.8220 
   00652    0.4250   -1377.8951  0.8236 
   00653    0.3800   -1379.4730  0.8269 
   00654    0.4075   -1381.8554  0.8288 
   00655    0.3850   -1383.9211  0.8265 
   00656    0.4850   -1385.7685  0.8272 
   00657    0.4350   -1383.6768  0.8262 
   00658    0.4700   -1384.9321  0.8266 
   00659    0.4200   -1384.4903  0.8248 
   00660    0.4475   -1391.6829  0.8288 
   00661    0.4200   -1393.9762  0.8312 
   00662    0.4825   -1394.2842  0.8292 
   00663    0.4450   -1400.4490  0.8283 
   00664    0.4150   -1405.5472  0.8286 
   00665    0.4325   -1414.1095  0.8330 
   00666    0.4700   -1409.9659  0.8310 
   00667    0.4350   -1411.5561  0.8323 
   00668    0.4275   -1410.5580  0.8294 
   00669    0.4100   -1409.4857  0.8256 
   00670    0.4550   -1411.2922  0.8235 
   00671    0.4150   -1410.1444  0.8225 
   00672    0.4000   -1410.0373  0.8218 
   00673    0.4325   -1408.9516  0.8220 
   00674    0.4175   -1413.3740  0.8248 
   00675    0.4225   -1411.9889  0.8250 
   00676    0.4750   -1411.1732  0.8214 
   00677    0.4850   -1406.0652  0.8196 
   00678    0.4575   -1410.2519  0.8232 
   00679    0.4000   -1407.3637  0.8201 
   00680    0.4375   -1409.2068  0.8196 
   00681    0.4500   -1415.1811  0.8207 
   00682    0.4325   -1415.7139  0.8243 
   00683    0.4300   -1411.8335  0.8269 
   00684    0.4700   -1412.4872  0.8252 
   00685    0.4275   -1414.1301  0.8255 
   00686    0.4150   -1420.1265  0.8263 
   00687    0.4250   -1420.5326  0.8259 
   00688    0.4150   -1420.9739  0.8260 
   00689    0.4350   -1418.8667  0.8244 
   00690    0.4400   -1418.8764  0.8226 
   00691    0.4250   -1421.9771  0.8239 
   00692    0.4100   -1419.7902  0.8217 
   00693    0.4200   -1416.6571  0.8203 
   00694    0.4400   -1415.6930  0.8225 
   00695    0.4625   -1411.1267  0.8237 
   00696    0.4400   -1413.1300  0.8226 
   00697    0.4025   -1411.7239  0.8248 
   00698    0.4525   -1413.0113  0.8256 
   00699    0.4500   -1410.4357  0.8263 
   00700    0.3975   -1409.9445  0.8274 
   00701    0.4325   -1414.3643  0.8245 
   00702    0.4450   -1408.0127  0.8253 
   00703    0.4425   -1407.8946  0.8251 
   00704    0.4525   -1409.6888  0.8253 
   00705    0.3875   -1408.9582  0.8254 
   00706    0.4275   -1411.2977  0.8246 
   00707    0.4375   -1408.3162  0.8211 
   00708    0.4450   -1409.9199  0.8191 
   00709    0.4450   -1412.5471  0.8190 
   00710    0.3950   -1408.5821  0.8177 
   00711    0.4450   -1414.6950  0.8186 
   00712    0.4275   -1416.4853  0.8150 
   00713    0.4350   -1418.6075  0.8179 
   00714    0.4475   -1418.0257  0.8166 
   00715    0.4200   -1421.7033  0.8191 
   00716    0.4575   -1426.1215  0.8214 
   00717    0.4250   -1427.6447  0.8186 
   00718    0.3800   -1427.6705  0.8173 
   00719    0.4575   -1423.3584  0.8162 
   00720    0.4350   -1421.6404  0.8148 
   00721    0.4325   -1418.6404  0.8142 
   00722    0.4200   -1419.5708  0.8150 
   00723    0.4350   -1421.8504  0.8140 
   00724    0.4275   -1423.0124  0.8152 
   00725    0.4575   -1424.5052  0.8144 
   00726    0.4350   -1427.0563  0.8154 
   00727    0.4525   -1426.0960  0.8169 
   00728    0.4875   -1427.8022  0.8143 
   00729    0.4225   -1427.1424  0.8103 
   00730    0.4200   -1426.4635  0.8092 
   00731    0.4550   -1431.6576  0.8102 
   00732    0.4350   -1435.4852  0.8099 
   00733    0.4250   -1431.0384  0.8086 
   00734    0.4325   -1432.9907  0.8127 
   00735    0.4275   -1431.1849  0.8103 
   00736    0.4475   -1423.0877  0.8114 
   00737    0.4325   -1424.1544  0.8075 
   00738    0.4525   -1428.8861  0.8088 
   00739    0.4750   -1425.5462  0.8063 
   00740    0.4125   -1426.7150  0.8117 
   00741    0.4675   -1424.8526  0.8134 
   00742    0.4525   -1425.3997  0.8170 
   00743    0.4250   -1425.5479  0.8174 
   00744    0.3875   -1424.9402  0.8149 
   00745    0.4600   -1420.7874  0.8132 
   00746    0.4500   -1419.5604  0.8152 
   00747    0.4100   -1420.2065  0.8150 
   00748    0.4750   -1420.1944  0.8165 
   00749    0.4275   -1416.6546  0.8189 
   00750    0.4675   -1420.7281  0.8209 
   00751    0.4325   -1417.8792  0.8174 
   00752    0.4850   -1414.8447  0.8136 
   00753    0.4125   -1403.1445  0.8101 
   00754    0.4000   -1405.7926  0.8124 
   00755    0.4425   -1407.4194  0.8095 
   00756    0.4575   -1408.4631  0.8076 
   00757    0.4550   -1412.4770  0.8109 
   00758    0.4625   -1411.0560  0.8134 
   00759    0.4375   -1406.0984  0.8148 
   00760    0.3825   -1405.2768  0.8168 
   00761    0.4175   -1406.0036  0.8167 
   00762    0.4425   -1412.3540  0.8159 
   00763    0.4200   -1411.5040  0.8154 
   00764    0.4675   -1413.2881  0.8158 
   00765    0.3950   -1412.7020  0.8160 
   00766    0.4425   -1407.3783  0.8147 
   00767    0.4025   -1403.2361  0.8153 
   00768    0.3900   -1402.2898  0.8210 
   00769    0.4100   -1408.1140  0.8228 
   00770    0.4300   -1409.1523  0.8199 
   00771    0.4425   -1412.9227  0.8207 
   00772    0.4375   -1419.3649  0.8205 
   00773    0.4600   -1418.5481  0.8171 
   00774    0.4050   -1424.3178  0.8221 
   00775    0.4675   -1421.9364  0.8182 
   00776    0.4350   -1421.6830  0.8194 
   00777    0.4250   -1418.7883  0.8148 
   00778    0.4925   -1422.1725  0.8159 
   00779    0.4500   -1419.6685  0.8165 
   00780    0.4250   -1422.0161  0.8175 
   00781    0.4425   -1422.0723  0.8168 
   00782    0.4125   -1415.0161  0.8121 
   00783    0.4425   -1420.3032  0.8101 
   00784    0.4525   -1417.2896  0.8112 
   00785    0.4225   -1414.7299  0.8120 
   00786    0.4375   -1415.1521  0.8105 
   00787    0.4325   -1417.3427  0.8120 
   00788    0.4350   -1413.2495  0.8084 
   00789    0.4500   -1416.6429  0.8091 
   00790    0.4175   -1419.5394  0.8131 
   00791    0.4125   -1419.5769  0.8178 
   00792    0.4600   -1415.8698  0.8192 
   00793    0.4500   -1419.4773  0.8188 
   00794    0.4550   -1415.2211  0.8161 
   00795    0.4250   -1416.7933  0.8160 
   00796    0.4475   -1411.3100  0.8139 
   00797    0.3975   -1410.3897  0.8112 
   00798    0.4250   -1411.2268  0.8088 
   00799    0.4275   -1412.2240  0.8093 
   00800    0.4650   -1410.3144  0.8110 
   00801    0.3825   -1406.8038  0.8089 
   00802    0.4650   -1406.5948  0.8105 
   00803    0.4225   -1408.9409  0.8117 
   00804    0.4425   -1411.0866  0.8137 
   00805    0.4475   -1413.5218  0.8113 
   00806    0.4725   -1412.9056  0.8103 
   00807    0.4450   -1410.9179  0.8087 
   00808    0.4775   -1412.1139  0.8083 
   00809    0.4475   -1411.7152  0.8064 
   00810    0.4675   -1409.5125  0.8039 
   00811    0.4550   -1408.6340  0.8047 
   00812    0.4575   -1414.5519  0.8066 
   00813    0.4500   -1411.6301  0.8045 
   00814    0.4525   -1415.3071  0.8068 
   00815    0.4400   -1421.0429  0.8050 
   00816    0.4525   -1419.1241  0.8060 
   00817    0.4150   -1418.6159  0.8058 
   00818    0.4375   -1420.5647  0.8048 
   00819    0.3925   -1421.7441  0.8076 
   00820    0.3950   -1419.5315  0.8082 
   00821    0.4525   -1434.4839  0.8190 
   00822    0.4250   -1439.9314  0.8222 
   00823    0.4575   -1441.8262  0.8227 
   00824    0.4350   -1440.2191  0.8224 
   00825    0.4475   -1439.9344  0.8229 
   00826    0.4100   -1436.0971  0.8202 
   00827    0.4225   -1436.0745  0.8204 
   00828    0.4400   -1430.5002  0.8206 
   00829    0.4500   -1430.9881  0.8182 
   00830    0.4250   -1433.6622  0.8140 
   00831    0.4225   -1434.7262  0.8169 
   00832    0.4675   -1438.2843  0.8164 
   00833    0.4575   -1440.3809  0.8159 
   00834    0.4475   -1433.4175  0.8119 
   00835    0.4775   -1431.8985  0.8158 
   00836    0.4000   -1432.4759  0.8185 
   00837    0.4450   -1432.5262  0.8194 
   00838    0.3975   -1437.0514  0.8233 
   00839    0.4450   -1439.4055  0.8227 
   00840    0.4225   -1439.2981  0.8249 
   00841    0.4400   -1437.2343  0.8259 
   00842    0.4200   -1434.4093  0.8265 
   00843    0.4650   -1430.7905  0.8245 
   00844    0.4425   -1424.8985  0.8217 
   00845    0.4575   -1426.2895  0.8255 
   00846    0.3950   -1427.8162  0.8268 
   00847    0.4600   -1425.4999  0.8241 
   00848    0.4425   -1431.0936  0.8247 
   00849    0.3950   -1427.7322  0.8218 
   00850    0.4100   -1428.8461  0.8215 
   00851    0.4775   -1428.3374  0.8213 
   00852    0.4225   -1426.2414  0.8211 
   00853    0.4675   -1427.0173  0.8234 
   00854    0.4050   -1427.1630  0.8224 
   00855    0.4350   -1421.8304  0.8184 
   00856    0.4550   -1419.7108  0.8169 
   00857    0.4425   -1418.5981  0.8147 
   00858    0.4100   -1418.3544  0.8159 
   00859    0.4475   -1420.3502  0.8163 
   00860    0.4200   -1419.1832  0.8140 
   00861    0.4250   -1417.0127  0.8131 
   00862    0.4700   -1414.1870  0.8121 
   00863    0.4150   -1415.8281  0.8166 
   00864    0.4950   -1413.6638  0.8154 
   00865    0.3925   -1412.9713  0.8174 
   00866    0.3750   -1413.9381  0.8154 
   00867    0.4150   -1416.7348  0.8154 
   00868    0.4025   -1412.8969  0.8149 
   00869    0.4125   -1416.8174  0.8152 
   00870    0.4600   -1417.8453  0.8165 
   00871    0.4050   -1413.6133  0.8144 
   00872    0.3900   -1408.1668  0.8133 
   00873    0.4250   -1410.4197  0.8170 
   00874    0.4325   -1409.3251  0.8175 
   00875    0.3750   -1401.1950  0.8100 
   00876    0.4400   -1402.4826  0.8106 
   00877    0.4425   -1404.1233  0.8138 
   00878    0.4100   -1404.7240  0.8112 
   00879    0.4500   -1403.5345  0.8078 
   00880    0.4275   -1403.6173  0.8053 
   00881    0.4875   -1404.6934  0.8033 
   00882    0.4450   -1402.7655  0.8010 
   00883    0.4525   -1394.8253  0.7999 
   00884    0.4500   -1396.3767  0.7967 
   00885    0.4325   -1401.9044  0.7985 
   00886    0.4575   -1402.3648  0.8007 
   00887    0.3950   -1400.6417  0.7988 
   00888    0.4650   -1406.1600  0.7990 
   00889    0.4150   -1403.2367  0.7978 
   00890    0.4450   -1403.4802  0.7993 
   00891    0.4450   -1402.0143  0.7993 
   00892    0.3825   -1397.5925  0.7959 
   00893    0.4375   -1400.8211  0.7985 
   00894    0.4250   -1397.2102  0.7979 
   00895    0.4900   -1399.4777  0.7955 
   00896    0.4450   -1401.6101  0.7969 
   00897    0.4900   -1404.2193  0.7998 
   00898    0.3950   -1404.3303  0.8025 
   00899    0.4625   -1405.2063  0.8034 
   00900    0.4500   -1408.1630  0.8073 
   00901    0.4375   -1406.7677  0.8059 
   00902    0.4075   -1407.9727  0.8061 
   00903    0.4000   -1405.8660  0.8045 
   00904    0.4450   -1404.2423  0.8025 
   00905    0.4475   -1399.6797  0.7999 
   00906    0.4300   -1395.6348  0.8030 
   00907    0.4025   -1398.9324  0.8075 
   00908    0.4150   -1398.8978  0.8056 
   00909    0.4450   -1399.6543  0.8033 
   00910    0.4475   -1400.9480  0.8039 
   00911    0.4600   -1409.1144  0.8051 
   00912    0.4725   -1409.0874  0.8106 
   00913    0.4275   -1408.2066  0.8104 
   00914    0.4525   -1403.3891  0.8123 
   00915    0.4500   -1406.2983  0.8137 
   00916    0.4575   -1409.0893  0.8142 
   00917    0.4275   -1409.6656  0.8167 
   00918    0.4425   -1412.0583  0.8171 
   00919    0.4175   -1411.7760  0.8170 
   00920    0.4350   -1411.4989  0.8172 
   00921    0.4300   -1418.4742  0.8210 
   00922    0.4700   -1417.5589  0.8239 
   00923    0.4125   -1416.0095  0.8228 
   00924    0.4450   -1421.7170  0.8241 
   00925    0.4425   -1423.3835  0.8265 
   00926    0.4675   -1421.2517  0.8224 
   00927    0.4400   -1413.2795  0.8210 
   00928    0.4250   -1409.2846  0.8172 
   00929    0.3975   -1408.0066  0.8157 
   00930    0.4450   -1408.0515  0.8158 
   00931    0.4800   -1411.1602  0.8187 
   00932    0.4225   -1414.0224  0.8216 
   00933    0.4100   -1414.1248  0.8221 
   00934    0.4625   -1412.1489  0.8204 
   00935    0.4775   -1408.8225  0.8184 
   00936    0.4475   -1420.6676  0.8232 
   00937    0.4325   -1418.6527  0.8240 
   00938    0.4050   -1410.2560  0.8166 
   00939    0.4600   -1409.9712  0.8140 
   00940    0.4775   -1410.5779  0.8144 
   00941    0.4600   -1409.8415  0.8102 
   00942    0.4675   -1411.3563  0.8099 
   00943    0.4475   -1408.3407  0.8077 
   00944    0.4275   -1414.5454  0.8105 
   00945    0.4325   -1413.3497  0.8074 
   00946    0.4525   -1418.0847  0.8052 
   00947    0.4175   -1416.7504  0.8055 
   00948    0.4600   -1418.4216  0.8040 
   00949    0.4725   -1414.6781  0.7997 
   00950    0.4325   -1413.8210  0.7986 
   00951    0.4300   -1412.3709  0.8000 
   00952    0.4800   -1412.7371  0.7991 
   00953    0.4500   -1417.3326  0.8009 
   00954    0.4300   -1417.7687  0.7987 
   00955    0.4675   -1422.5551  0.8008 
   00956    0.4000   -1423.0217  0.8008 
   00957    0.4675   -1423.1073  0.7963 
   00958    0.4500   -1424.5614  0.7974 
   00959    0.4350   -1425.2136  0.8018 
   00960    0.4400   -1422.2464  0.8026 
   00961    0.4375   -1424.6314  0.8041 
   00962    0.4425   -1425.7784  0.8023 
   00963    0.4575   -1429.2891  0.8004 
   00964    0.4000   -1427.4656  0.8022 
   00965    0.3975   -1426.4846  0.8039 
   00966    0.4325   -1426.7928  0.7986 
   00967    0.4700   -1426.1159  0.8011 
   00968    0.4425   -1425.4404  0.8001 
   00969    0.4325   -1426.7946  0.7987 
   00970    0.5100   -1423.1098  0.7973 
   00971    0.4575   -1422.4580  0.7987 
   00972    0.4250   -1424.1532  0.7984 
   00973    0.4025   -1426.0595  0.8020 
   00974    0.4425   -1428.1016  0.8017 
   00975    0.4025   -1430.6855  0.8015 
   00976    0.4125   -1431.0717  0.8026 
   00977    0.4450   -1427.7744  0.7996 
   00978    0.4150   -1429.0937  0.7989 
   00979    0.4450   -1428.3386  0.7991 
   00980    0.4400   -1424.7300  0.7939 
   00981    0.4475   -1423.9765  0.7931 
   00982    0.4475   -1423.9495  0.7905 
   00983    0.4450   -1424.9758  0.7902 
   00984    0.3825   -1427.2325  0.7938 
   00985    0.4525   -1425.0171  0.7966 
   00986    0.4000   -1421.8282  0.7953 
   00987    0.4600   -1424.7337  0.8002 
   00988    0.4375   -1423.0731  0.7987 
   00989    0.4750   -1427.0528  0.8003 
   00990    0.4850   -1425.9219  0.7995 
   00991    0.4675   -1425.4335  0.7996 
   00992    0.4075   -1425.6763  0.8006 
   00993    0.4325   -1426.8740  0.8046 
   00994    0.4500   -1426.5513  0.8100 
   00995    0.4525   -1424.3067  0.8099 
   00996    0.4575   -1427.4271  0.8065 
   00997    0.4300   -1431.5646  0.8075 
   00998    0.4425   -1430.2426  0.8026 
   00999    0.4275   -1434.6197  0.8034 
   01000    0.4350   -1434.0135  0.8043 
